ENTRY            31799   20190627                             319031799  0    1 
SUBENT        31799001   20190627                             319031799  1    1 
BIB                  9         13                                 31799  1    2 
TITLE      Measurement of the yields of the primary fission       31799  1    3 
           products in the fission of 239Pu nuclei with neutrons  31799  1    4 
           in the reactor spectrum and epi-samarium               31799  1    5 
AUTHOR     (I.I.Bakhromi, A.D.Belyaev, Z.S.Bikbova, V.I.Kogan,    31799  1    6 
            A.I.Muminov, V.P.Pikul', L.A.Popeko,                  31799  1    7 
            A.M.Usmandiyarov)                                     31799  1    8 
INSTITUTE  (4UZ UZB)                                              31799  1    9 
REFERENCE  (C,83KIEV,2,254,1983)                                  31799  1   10 
FACILITY   (REAC,4UZ UZB)                                         31799  1   11 
SAMPLE     239Pu (50 ug/cm2 thick)                                31799  1   12 
METHOD     (ASEP)                                                 31799  1   13 
DETECTOR   (TRD) Glass track detector                             31799  1   14 
HISTORY    (20190625C) Feruzjon                                   31799  1   15 
ENDBIB              13          0                                 31799  1   16 
COMMON               2          3                                 31799  1   17 
E-RSL      MASS-RSL                                               31799  1   18 
PER-CENT   PER-CENT                                               31799  1   19 
 0.02       0.06                                                  31799  1   20 
ENDCOMMON            3          0                                 31799  1   21 
ENDSUBENT           20          0                                 31799  199999 
SUBENT        31799002   20190627                             319031799  2    1 
BIB                  4          6                                 31799  2    2 
REACTION   (94-PU-239(N,F)MASS,SEC,FY,,SPA/MSC)                   31799  2    3 
           Mass yield at a given kinetic energy                   31799  2    4 
INC-SPECT  Measured with reactor spectrum                         31799  2    5 
ERR-ANALYS (DATA-ERR) No information on source of uncertainties   31799  2    6 
STATUS     (CURVE) Fig.1 (open circle) of 6.All-Union Conf.on     31799  2    7 
                   Neutron Physics,Kiev,2-6 Oct.1983              31799  2    8 
ENDBIB               6          0                                 31799  2    9 
COMMON               1          3                                 31799  2   10 
EN-DUMMY                                                          31799  2   11 
EV                                                                31799  2   12 
 0.0253                                                           31799  2   13 
ENDCOMMON            3          0                                 31799  2   14 
DATA                 4         34                                 31799  2   15 
E          MASS       DATA       DATA-ERR                         31799  2   16 
MEV        NO-DIM     PC/FIS     PC/FIS                           31799  2   17 
 66.0       138.       0.043       0.004                          31799  2   18 
 66.0       139.       0.045       0.005                          31799  2   19 
 66.0       140.       0.051       0.005                          31799  2   20 
 66.0       141.       0.123       0.005                          31799  2   21 
 66.0       142.       0.136       0.005                          31799  2   22 
 66.0       143.       0.106       0.007                          31799  2   23 
 66.0       144.       0.129       0.006                          31799  2   24 
 66.0       145.       0.146       0.006                          31799  2   25 
 66.0       146.       0.111       0.005                          31799  2   26 
 66.0       147.       0.106       0.004                          31799  2   27 
 68.5       138.       0.092       0.005                          31799  2   28 
 68.5       139.       0.070       0.004                          31799  2   29 
 68.5       140.       0.082       0.004                          31799  2   30 
 68.5       142.       0.146       0.006                          31799  2   31 
 68.5       143.       0.127       0.005                          31799  2   32 
 68.5       144.       0.115       0.005                          31799  2   33 
 68.5       145.       0.105       0.004                          31799  2   34 
 68.5       146.       0.064       0.003                          31799  2   35 
 68.5       147.       0.049                                      31799  2   36 
 71.5       138.       0.103       0.004                          31799  2   37 
 71.5       141.       0.095       0.005                          31799  2   38 
 71.5       142.       0.137       0.005                          31799  2   39 
 71.5       144.       0.100       0.005                          31799  2   40 
 71.5       145.       0.097       0.004                          31799  2   41 
 71.5       146.       0.060                                      31799  2   42 
 71.5       147.       0.059                                      31799  2   43 
 75.5       138.       0.240       0.007                          31799  2   44 
 75.5       139.       0.170       0.012                          31799  2   45 
 75.5       140.       0.173       0.011                          31799  2   46 
 75.5       141.       0.166       0.012                          31799  2   47 
 75.5       142.       0.108       0.009                          31799  2   48 
 75.5       143.       0.086       0.009                          31799  2   49 
 75.5       144.       0.047       0.008                          31799  2   50 
 75.5       145.       0.026       0.006                          31799  2   51 
ENDDATA             36          0                                 31799  2   52 
ENDSUBENT           51          0                                 31799  299999 
SUBENT        31799003   20190627                             319031799  3    1 
BIB                  5          7                                 31799  3    2 
REACTION   (94-PU-239(N,F)MASS,SEC,FY,,MSC)                       31799  3    3 
           Mass yield at a given kinetic energy                   31799  3    4 
INC-SPECT  Measured with reactor spectrum after Sm filter         31799  3    5 
METHOD     (FNB) Sm filter (0.3 mm thick) with 0.297 eV resonance 31799  3    6 
ERR-ANALYS (DATA-ERR) No information on source of uncertainties   31799  3    7 
STATUS     (CURVE) Fig.1 (solid cirlces) of 6.All-Union Conf.on   31799  3    8 
                   Neutron Physics,Kiev,2-6 Oct.1983              31799  3    9 
ENDBIB               7          0                                 31799  3   10 
COMMON               1          3                                 31799  3   11 
EN                                                                31799  3   12 
EV                                                                31799  3   13 
 0.297                                                            31799  3   14 
ENDCOMMON            3          0                                 31799  3   15 
DATA                 4         38                                 31799  3   16 
E          MASS       DATA       DATA-ERR                         31799  3   17 
MEV        NO-DIM     PC/FIS     PC/FIS                           31799  3   18 
 66.0       138.       0.064      0.007                           31799  3   19 
 66.0       139.       0.054      0.005                           31799  3   20 
 66.0       140.       0.074      0.007                           31799  3   21 
 66.0       141.       0.145      0.006                           31799  3   22 
 66.0       142.       0.156      0.006                           31799  3   23 
 66.0       143.       0.106      0.007                           31799  3   24 
 66.0       144.       0.109      0.005                           31799  3   25 
 66.0       145.       0.126      0.006                           31799  3   26 
 66.0       146.       0.083      0.005                           31799  3   27 
 66.0       147.       0.079      0.004                           31799  3   28 
 68.5       138.       0.103      0.006                           31799  3   29 
 68.5       139.       0.078      0.005                           31799  3   30 
 68.5       140.       0.102      0.005                           31799  3   31 
 68.5       141.       0.156      0.008                           31799  3   32 
 68.5       142.       0.166      0.007                           31799  3   33 
 68.5       143.       0.132      0.005                           31799  3   34 
 68.5       144.       0.097      0.006                           31799  3   35 
 68.5       145.       0.074      0.006                           31799  3   36 
 68.5       146.       0.047      0.004                           31799  3   37 
 68.5       147.       0.040                                      31799  3   38 
 71.5       138.       0.110      0.006                           31799  3   39 
 71.5       139.       0.079      0.005                           31799  3   40 
 71.5       140.       0.096      0.005                           31799  3   41 
 71.5       141.       0.086      0.006                           31799  3   42 
 71.5       142.       0.125      0.005                           31799  3   43 
 71.5       143.       0.122      0.005                           31799  3   44 
 71.5       144.       0.116      0.005                           31799  3   45 
 71.5       145.       0.083      0.005                           31799  3   46 
 71.5       146.       0.077                                      31799  3   47 
 71.5       147.       0.054                                      31799  3   48 
 75.5       138.       0.225      0.013                           31799  3   49 
 75.5       139.       0.157      0.008                           31799  3   50 
 75.5       140.       0.181      0.008                           31799  3   51 
 75.5       141.       0.143      0.007                           31799  3   52 
 75.5       142.       0.109      0.007                           31799  3   53 
 75.5       143.       0.092      0.006                           31799  3   54 
 75.5       144.       0.056      0.006                           31799  3   55 
 75.5       145.       0.024      0.006                           31799  3   56 
ENDDATA             40          0                                 31799  3   57 
ENDSUBENT           56          0                                 31799  399999 
ENDENTRY             3          0                                 3179999999999 
