ENTRY            31798   20200910                             31973179800000001 
SUBENT        31798001   20200910                             31973179800100001 
BIB                  8         13                                 3179800100002 
TITLE      Structure of the mass distributions of the products of 3179800100003 
            thermal-neutron fission of 235U and 239Pu for a fixed 3179800100004 
            energy of the fission products                        3179800100005 
AUTHOR     (A.D.Belyaev, Z.S.Bikbova , V.I.Kogan, A.I.Muminov,    3179800100006 
            V.P.Pikul', A.M.Usmandiyarov)                         3179800100007 
INSTITUTE  (4UZ UZB)                                              3179800100008 
REFERENCE  (J,SNP,40,720,1984)                                    3179800100009 
           (J,YF,40,1131,1984) Russ. original of J,SNP,40,720,19853179800100010 
FACILITY   (REAC,4UZ UZB)                                         3179800100011 
METHOD     (ASEP)                                                 3179800100012 
DETECTOR   (TRD) Glass track detector                             3179800100013 
HISTORY    (20190624C) Feruzjon                                   3179800100014 
           (20200910U) On. REFERENCE: J,YF,40,1131,1984 added.    3179800100015 
ENDBIB              13          0                                 3179800100016 
COMMON               1          3                                 3179800100017 
EN-DUMMY                                                          3179800100018 
EV                                                                3179800100019 
 0.0253                                                           3179800100020 
ENDCOMMON            3          0                                 3179800100021 
ENDSUBENT           20          0                                 3179800199999 
SUBENT        31798002   20190627                             319031798  2    1 
BIB                  4          8                                 31798  2    2 
REACTION   (92-U-235(N,F)MASS,SEC,FY,,SPA/MSC)                    31798  2    3 
           Mass yield at a given kinetic energy                   31798  2    4 
SAMPLE     (92-U-235,ENR=0.9)                                     31798  2    5 
            235U layer (90% enrichment, 70 ug/cm2 thick)          31798  2    6 
           deposited by thermal evaporation in vacuum onto an Al  31798  2    7 
           substrate                                              31798  2    8 
ERR-ANALYS (DATA-ERR) No information on the source of uncertainty 31798  2    9 
STATUS     (CURVE) Fig.1 of Sov.J. Nucl.Phys.40(1984)720          31798  2   10 
ENDBIB               8          0                                 31798  2   11 
NOCOMMON             0          0                                 31798  2   12 
DATA                 4         79                                 31798  2   13 
E          MASS       DATA       DATA-ERR                         31798  2   14 
MEV        NO-DIM     PC/FIS     PC/FIS                           31798  2   15 
 65.0       131.        0.43                                      31798  2   16 
 65.0       132.        1.32                                      31798  2   17 
 65.0       133.        2.83                                      31798  2   18 
 65.0       134.        3.75                                      31798  2   19 
 65.0       135.        5.94      0.64                            31798  2   20 
 65.0       136.        6.62      0.81                            31798  2   21 
 65.0       137.       10.90      0.79                            31798  2   22 
 65.0       138.       11.75      0.70                            31798  2   23 
 65.0       139.        9.54      0.75                            31798  2   24 
 65.0       140.       10.42      0.77                            31798  2   25 
 65.0       141.       10.10      0.73                            31798  2   26 
 65.0       142.        8.25      0.70                            31798  2   27 
 65.0       143.        7.34      0.64                            31798  2   28 
 65.0       144.        4.47                                      31798  2   29 
 65.0       145.        2.61                                      31798  2   30 
 65.0       146.        1.38                                      31798  2   31 
 67.5       130.        0.79                                      31798  2   32 
 67.5       131.        1.55                                      31798  2   33 
 67.5       132.        2.61                                      31798  2   34 
 67.5       133.        4.48                                      31798  2   35 
 67.5       134.        6.08                                      31798  2   36 
 67.5       135.        9.01      0.80                            31798  2   37 
 67.5       136.        9.55      0.85                            31798  2   38 
 67.5       137.       13.29                                      31798  2   39 
 67.5       138.       13.18                                      31798  2   40 
 67.5       139.       10.50      0.67                            31798  2   41 
 67.5       140.       10.17      0.67                            31798  2   42 
 67.5       141.        7.76      0.72                            31798  2   43 
 67.5       142.        4.47      0.70                            31798  2   44 
 67.5       143.        3.51      0.72                            31798  2   45 
 67.5       144.        1.86                                      31798  2   46 
 67.5       145.        1.05                                      31798  2   47 
 70.0       130.        1.09                                      31798  2   48 
 70.0       131.        2.78                                      31798  2   49 
 70.0       132.        4.62                                      31798  2   50 
 70.0       133.        7.49                                      31798  2   51 
 70.0       134.       10.02                                      31798  2   52 
 70.0       135.       11.60      0.84                            31798  2   53 
 70.0       136.       11.70      0.84                            31798  2   54 
 70.0       137.       13.97      0.86                            31798  2   55 
 70.0       138.       12.33      0.71                            31798  2   56 
 70.0       139.        9.67      0.76                            31798  2   57 
 70.0       140.        7.59                                      31798  2   58 
 70.0       141.        4.54                                      31798  2   59 
 70.0       142.        1.92                                      31798  2   60 
 70.0       143.        0.84                                      31798  2   61 
 72.5       130.        2.24                                      31798  2   62 
 72.5       131.        3.95                                      31798  2   63 
 72.5       132.        6.47                                      31798  2   64 
 72.5       133.       11.19      0.83                            31798  2   65 
 72.5       134.       13.91      0.86                            31798  2   66 
 72.5       135.       14.66      0.75                            31798  2   67 
 72.5       136.       12.29      0.83                            31798  2   68 
 72.5       137.       13.13      0.81                            31798  2   69 
 72.5       138.        9.86      0.88                            31798  2   70 
 72.5       139.        6.99                                      31798  2   71 
 72.5       140.        4.07                                      31798  2   72 
 72.5       141.        2.06                                      31798  2   73 
 75.0       130.        2.69                                      31798  2   74 
 75.0       131.        5.98                                      31798  2   75 
 75.0       132.        9.91                                      31798  2   76 
 75.0       133.       16.56      0.68                            31798  2   77 
 75.0       134.       19.22      0.83                            31798  2   78 
 75.0       135.       15.68      0.74                            31798  2   79 
 75.0       136.       11.08      0.76                            31798  2   80 
 75.0       137.        9.44      0.70                            31798  2   81 
 75.0       138.        5.61      0.83                            31798  2   82 
 75.0       139.        3.17                                      31798  2   83 
 75.0       140.        1.13                                      31798  2   84 
 77.5       130.        4.68                                      31798  2   85 
 77.5       131.        8.65                                      31798  2   86 
 77.5       132.       13.50                                      31798  2   87 
 77.5       133.       21.51      0.80                            31798  2   88 
 77.5       134.       22.97      0.82                            31798  2   89 
 77.5       135.       13.68      0.84                            31798  2   90 
 77.5       136.        8.10                                      31798  2   91 
 77.5       137.        4.91                                      31798  2   92 
 77.5       138.        1.81                                      31798  2   93 
 77.5       139.        0.71                                      31798  2   94 
ENDDATA             81          0                                 31798  2   95 
ENDSUBENT           94          0                                 31798  299999 
SUBENT        31798003   20190627                             319031798  3    1 
BIB                  4          8                                 31798  3    2 
REACTION   (94-PU-239(N,F)MASS,SEC,FY,,SPA/MSC)                   31798  3    3 
           Mass yield at a given kinetic energy                   31798  3    4 
SAMPLE     (94-PU-239,ENR=0.98)                                   31798  3    5 
            239Pu layer (98% enrichment, 50 ug/cm2 thick)         31798  3    6 
           deposited by thermal evaporation in vacuum onto an Al  31798  3    7 
           substrate                                              31798  3    8 
ERR-ANALYS (DATA-ERR) No information on the source of uncertainty 31798  3    9 
STATUS     (CURVE) Fig.1 of Sov.J. Nucl.Phys.40(1984)720          31798  3   10 
ENDBIB               8          0                                 31798  3   11 
NOCOMMON             0          0                                 31798  3   12 
DATA                 4         87                                 31798  3   13 
E          MASS       DATA       DATA-ERR                         31798  3   14 
MEV        NO-DIM     PC/FIS     PC/FIS                           31798  3   15 
 65.0       132.        0.51                                      31798  3   16 
 65.0       133.        1.08                                      31798  3   17 
 65.0       134.        2.08                                      31798  3   18 
 65.0       135.        4.25      0.77                            31798  3   19 
 65.0       136.        5.68      0.73                            31798  3   20 
 65.0       137.        6.92      0.77                            31798  3   21 
 65.0       138.        8.87      0.86                            31798  3   22 
 65.0       139.        7.45      0.77                            31798  3   23 
 65.0       140.       10.88      0.77                            31798  3   24 
 65.0       141.       14.88      0.91                            31798  3   25 
 65.0       142.       14.35      0.84                            31798  3   26 
 65.0       143.       11.17      0.77                            31798  3   27 
 65.0       144.        8.45                                      31798  3   28 
 65.0       145.        4.87                                      31798  3   29 
 67.5       130.        0.45                                      31798  3   30 
 67.5       131.        0.70                                      31798  3   31 
 67.5       132.        1.01                                      31798  3   32 
 67.5       133.        1.71                                      31798  3   33 
 67.5       134.        2.63                                      31798  3   34 
 67.5       135.        4.96      0.77                            31798  3   35 
 67.5       136.        6.63      0.75                            31798  3   36 
 67.5       137.        6.94      0.81                            31798  3   37 
 67.5       138.        9.95      0.79                            31798  3   38 
 67.5       139.        7.27      0.75                            31798  3   39 
 67.5       140.       11.06      0.73                            31798  3   40 
 67.5       141.       11.87      0.77                            31798  3   41 
 67.5       142.       12.11      0.88                            31798  3   42 
 67.5       143.       10.95      0.77                            31798  3   43 
 67.5       144.        6.33                                      31798  3   44 
 67.5       145.        3.54                                      31798  3   45 
 70.0       130.        0.99                                      31798  3   46 
 70.0       131.        1.77                                      31798  3   47 
 70.0       132.        3.37                                      31798  3   48 
 70.0       133.        4.62                                      31798  3   49 
 70.0       134.        6.39                                      31798  3   50 
 70.0       135.        8.46      0.78                            31798  3   51 
 70.0       136.        9.67      0.71                            31798  3   52 
 70.0       137.       10.40      0.69                            31798  3   53 
 70.0       138.       10.72      0.69                            31798  3   54 
 70.0       139.        7.68      0.71                            31798  3   55 
 70.0       140.       11.13      0.73                            31798  3   56 
 70.0       141.        9.27      0.80                            31798  3   57 
 70.0       142.        8.02      0.89                            31798  3   58 
 70.0       143.        5.51      0.80                            31798  3   59 
 70.0       144.        2.66                                      31798  3   60 
 70.0       145.        1.19                                      31798  3   61 
 72.0       130.        2.15                                      31798  3   62 
 72.0       131.        3.57                                      31798  3   63 
 72.0       132.        5.23                                      31798  3   64 
 72.0       133.        7.49      0.86                            31798  3   65 
 72.0       134.       10.82      0.89                            31798  3   66 
 72.0       135.       11.73      0.91                            31798  3   67 
 72.0       136.       14.45      0.84                            31798  3   68 
 72.0       137.       14.23      0.86                            31798  3   69 
 72.0       138.       11.66      0.84                            31798  3   70 
 72.0       139.        9.18      0.80                            31798  3   71 
 72.0       140.        6.48      0.80                            31798  3   72 
 72.0       141.        4.51                                      31798  3   73 
 72.0       142.        2.52                                      31798  3   74 
 72.0       143.        1.39                                      31798  3   75 
 75.0       130.        3.30                                      31798  3   76 
 75.0       131.        5.76                                      31798  3   77 
 75.0       132.        8.53                                      31798  3   78 
 75.0       133.       11.06      0.79                            31798  3   79 
 75.0       134.       12.74      0.70                            31798  3   80 
 75.0       135.       13.33      0.89                            31798  3   81 
 75.0       136.       13.18      0.81                            31798  3   82 
 75.0       137.       11.60      0.81                            31798  3   83 
 75.0       138.        8.02      0.76                            31798  3   84 
 75.0       139.        4.83      0.72                            31798  3   85 
 75.0       140.        4.41      0.94                            31798  3   86 
 75.0       141.        2.08                                      31798  3   87 
 75.0       142.        1.09                                      31798  3   88 
 75.0       143.        0.46                                      31798  3   89 
 78.0       130.        1.93                                      31798  3   90 
 78.0       131.        3.87                                      31798  3   91 
 78.0       132.        8.90                                      31798  3   92 
 78.0       133.       13.78      0.89                            31798  3   93 
 78.0       134.       19.76      0.82                            31798  3   94 
 78.0       135.       17.11      0.84                            31798  3   95 
 78.0       136.       13.67      0.76                            31798  3   96 
 78.0       137.        9.96      0.82                            31798  3   97 
 78.0       138.        5.86                                      31798  3   98 
 78.0       139.        3.67                                      31798  3   99 
 78.0       140.        2.44                                      31798  3  100 
 78.0       141.        1.28                                      31798  3  101 
 78.0       142.        0.54                                      31798  3  102 
ENDDATA             89          0                                 31798  3  103 
ENDSUBENT          102          0                                 31798  399999 
ENDENTRY             3          0                                 3179899999999 
