ENTRY            40333   20030602                             00004033300000001 
SUBENT        40333001   20030602                             00004033300100001 
BIB                  9         13                                 4033300100002 
INSTITUTE  (4CCPFEI)                                              4033300100003 
REFERENCE  (J,YF,20,(5),852,1974)       DATA ARE GIVEN            4033300100004 
AUTHOR     (O.A.SAL'NIKOV,V,B.ANUFRIENKO,B.V.DEVKIN,,             4033300100005 
           G.V.KOTEL'NIKOVA,A.G.KOLPACHEV,G.N.LOVCHIKOVA,         4033300100006 
           N.I.FETISOV,A.M.TRUFANOV)                              4033300100007 
TITLE      DIFFERENTIAL CROSS-SECTIONS OF INELASTIC INTERACTION OF4033300100008 
           NEUTRONS WITH ZN,MO,CD,IN,SN,TA,PB NUCLEI AND NUCLEAR  4033300100009 
           TEMPERATURE FOR THESE NUCLEI                           4033300100010 
METHOD     (TOF)      TIME-OF-FLIGHT                              4033300100011 
DETECTOR   (SCIN)     LIQUID SCINTILLATION DETECTOR               4033300100012 
ERR-ANALYS         NO INFORMATION AVAILABLE                       4033300100013 
STATUS     DATA FROM J,YF,20,(5),852,1974                         4033300100014 
HISTORY    (19760217C)     COMPILED AT THE CENTRE                 4033300100015 
ENDBIB              13          0                                 4033300100016 
COMMON               1          3                                 4033300100017 
EN                                                                4033300100018 
MEV                                                               4033300100019 
 1.4400E+01                                                       4033300100020 
ENDCOMMON            3          0                                 4033300100021 
ENDSUBENT           20          0                                 4033300199999 
SUBENT        40333002   20030602                             00004033300200001 
BIB                  1          1                                 4033300200002 
REACTION   (30-ZN-0(N,X)0-NN-1,EM,DA/DE)                          4033300200003 
ENDBIB               1          0                                 4033300200004 
NOCOMMON             0          0                                 4033300200005 
DATA                 5         20                                 4033300200006 
ANG        E-MIN      E-MAX      DATA       DATA-ERR              4033300200007 
ADEG       MEV        MEV        MB/SR/MEV  MB/SR/MEV             4033300200008 
 6.1000E+01 0.0000E+00 3.0000E+00 8.8700E+01 2.0000E+00           4033300200009 
 6.1000E+01 3.0000E+00 4.2000E+00 1.6300E+01 1.0000E+00           4033300200010 
 6.1000E+01 4.2000E+00 5.4000E+00 9.8000E+00 9.0000E-01           4033300200011 
 6.1000E+01 5.4000E+00 6.4000E+00 6.3000E+00 9.0000E-01           4033300200012 
 6.1000E+01 6.4000E+00 1.4400E+01 1.7400E+01 1.9000E+00           4033300200013 
 9.1000E+01 0.0000E+00 3.0000E+00 8.0500E+01 1.7000E+00           4033300200014 
 9.1000E+01 3.0000E+00 4.2000E+00 1.4600E+01 9.0000E-01           4033300200015 
 9.1000E+01 4.2000E+00 5.4000E+00 8.5000E+00 9.0000E-01           4033300200016 
 9.1000E+01 5.4000E+00 6.4000E+00 5.4000E+00 8.0000E-01           4033300200017 
 9.1000E+01 6.4000E+00 1.4400E+01 1.5600E+01 1.8000E+00           4033300200018 
 1.2100E+02 0.0000E+00 3.0000E+00 8.4300E+01 1.8000E+00           4033300200019 
 1.2100E+02 3.0000E+00 4.2000E+00 1.3600E+01 8.0000E-01           4033300200020 
 1.2100E+02 4.2000E+00 5.4000E+00 7.2000E+00 7.0000E-01           4033300200021 
 1.2100E+02 5.4000E+00 6.4000E+00 4.2000E+00 6.0000E-01           4033300200022 
 1.2100E+02 6.4000E+00 1.4400E+01 9.4000E+00 1.4000E+00           4033300200023 
 1.5100E+02 0.0000E+00 3.0000E+00 9.7100E+01 2.0000E+00           4033300200024 
 1.5100E+02 3.0000E+00 4.2000E+00 1.3200E+01 8.0000E-01           4033300200025 
 1.5100E+02 4.2000E+00 5.4000E+00 6.9000E+00 7.0000E-01           4033300200026 
 1.5100E+02 5.4000E+00 6.4000E+00 4.0000E+00 6.0000E-01           4033300200027 
 1.5100E+02 6.4000E+00 1.4400E+01 9.2000E+00 1.3000E+00           4033300200028 
ENDDATA             22          0                                 4033300200029 
ENDSUBENT           28          0                                 4033300299999 
SUBENT        40333003   20030602                             00004033300300001 
BIB                  1          1                                 4033300300002 
REACTION   (42-MO-0(N,X)0-NN-1,EM,DA/DE)                          4033300300003 
ENDBIB               1          0                                 4033300300004 
NOCOMMON             0          0                                 4033300300005 
DATA                 5         20                                 4033300300006 
ANG        E-MIN      E-MAX      DATA       DATA-ERR              4033300300007 
ADEG       MEV        MEV        MB/SR/MEV  MB/SR/MEV             4033300300008 
 6.1000E+01 5.0000E-01 3.0000E+00 1.7170E+02 3.5000E+00           4033300300009 
 6.1000E+01 3.0000E+00 4.2000E+00 2.1000E+01 1.0000E+00           4033300300010 
 6.1000E+01 4.2000E+00 5.4000E+00 1.0800E+01 8.0000E-01           4033300300011 
 6.1000E+01 5.4000E+00 6.4000E+00 6.4000E+00 7.0000E-01           4033300300012 
 6.1000E+01 6.4000E+00 1.4400E+01 1.6900E+01 1.5000E+00           4033300300013 
 9.1000E+01 5.0000E-01 3.0000E+00 1.5820E+02 3.3000E+00           4033300300014 
 9.1000E+01 3.0000E+00 4.2000E+00 1.9600E+01 9.0000E-01           4033300300015 
 9.1000E+01 4.2000E+00 5.4000E+00 1.0300E+01 8.0000E-01           4033300300016 
 9.1000E+01 5.4000E+00 6.4000E+00 6.2000E+00 7.0000E-01           4033300300017 
 9.1000E+01 6.4000E+00 1.4400E+01 1.6600E+01 1.4000E+00           4033300300018 
 1.2100E+02 5.0000E-01 3.0000E+00 1.4780E+02 3.0000E+00           4033300300019 
 1.2100E+02 3.0000E+00 4.2000E+00 1.5500E+01 7.0000E-01           4033300300020 
 1.2100E+02 4.2000E+00 5.4000E+00 7.1000E+00 5.0000E-01           4033300300021 
 1.2100E+02 5.4000E+00 6.4000E+00 3.9000E+00 5.0000E-01           4033300300022 
 1.2100E+02 6.4000E+00 1.4400E+01 8.8000E+00 1.0000E+00           4033300300023 
 1.5100E+02 5.0000E-01 3.0000E+00 1.4280E+02 3.0000E+00           4033300300024 
 1.5100E+02 3.0000E+00 4.2000E+00 1.5300E+01 8.0000E-01           4033300300025 
 1.5100E+02 4.2000E+00 5.4000E+00 7.3000E+00 6.0000E-01           4033300300026 
 1.5100E+02 5.4000E+00 6.4000E+00 4.2000E+00 5.0000E-01           4033300300027 
 1.5100E+02 6.4000E+00 1.4400E+01 1.0900E+01 1.1000E+00           4033300300028 
ENDDATA             22          0                                 4033300300029 
ENDSUBENT           28          0                                 4033300399999 
SUBENT        40333004   20030602                             00004033300400001 
BIB                  1          1                                 4033300400002 
REACTION   (48-CD-0(N,X)0-NN-1,EM,DA/DE)                          4033300400003 
ENDBIB               1          0                                 4033300400004 
NOCOMMON             0          0                                 4033300400005 
DATA                 5         20                                 4033300400006 
ANG        E-MIN      E-MAX      DATA       DATA-ERR              4033300400007 
ADEG       MEV        MEV        MB/SR/MEV  MB/SR/MEV             4033300400008 
 6.1000E+01 5.0000E-01 3.0000E+00 2.1700E+02 4.6000E+00           4033300400009 
 6.1000E+01 3.0000E+00 4.2000E+00 2.0400E+01 1.0000E+00           4033300400010 
 6.1000E+01 4.2000E+00 5.4000E+00 9.2000E+00 8.0000E-01           4033300400011 
 6.1000E+01 5.4000E+00 6.4000E+00 4.8000E+00 7.0000E-01           4033300400012 
 6.1000E+01 6.4000E+00 1.4400E+01 1.0000E+01 1.6000E+00           4033300400013 
 9.1000E+01 5.0000E-01 3.0000E+00 1.9720E+02 4.3000E+00           4033300400014 
 9.1000E+01 3.0000E+00 4.2000E+00 1.9700E+01 1.0000E+00           4033300400015 
 9.1000E+01 4.2000E+00 5.4000E+00 9.5000E+00 8.0000E-01           4033300400016 
 9.1000E+01 5.4000E+00 6.4000E+00 5.4000E+00 7.0000E-01           4033300400017 
 9.1000E+01 6.4000E+00 1.4400E+01 1.2600E+01 1.6000E+00           4033300400018 
 1.2100E+02 5.0000E-01 3.0000E+00 1.7200E+02 3.8000E+00           4033300400019 
 1.2100E+02 3.0000E+00 4.2000E+00 1.6900E+01 9.0000E-01           4033300400020 
 1.2100E+02 4.2000E+00 5.4000E+00 7.8000E+00 7.0000E-01           4033300400021 
 1.2100E+02 5.4000E+00 6.4000E+00 4.3000E+00 6.0000E-01           4033300400022 
 1.2100E+02 6.4000E+00 1.4400E+01 9.6000E+00 1.4000E+00           4033300400023 
 1.5100E+02 5.0000E-01 3.0000E+00 1.6980E+02 3.7000E+00           4033300400024 
 1.5100E+02 3.0000E+00 4.2000E+00 1.5100E+01 8.0000E-01           4033300400025 
 1.5100E+02 4.2000E+00 5.4000E+00 6.5000E+00 6.0000E-01           4033300400026 
 1.5100E+02 5.4000E+00 6.4000E+00 3.4000E+00 6.0000E-01           4033300400027 
 1.5100E+02 6.4000E+00 1.4400E+01 6.7000E+00 1.2000E+00           4033300400028 
ENDDATA             22          0                                 4033300400029 
ENDSUBENT           28          0                                 4033300499999 
SUBENT        40333005   20030602                             00004033300500001 
BIB                  1          1                                 4033300500002 
REACTION   (49-IN-0(N,X)0-NN-1,EM,DA/DE)                          4033300500003 
ENDBIB               1          0                                 4033300500004 
NOCOMMON             0          0                                 4033300500005 
DATA                 5         20                                 4033300500006 
ANG        E-MIN      E-MAX      DATA       DATA-ERR              4033300500007 
ADEG       MEV        MEV        MB/SR/MEV  MB/SR/MEV             4033300500008 
 6.1000E+01 0.0000E+00 3.0000E+00 2.0890E+02 5.2000E+00           4033300500009 
 6.1000E+01 3.0000E+00 4.2000E+00 2.9800E+01 2.8000E+00           4033300500010 
 6.1000E+01 4.2000E+00 5.4000E+00 1.5100E+01 2.5000E+00           4033300500011 
 6.1000E+01 5.4000E+00 6.4000E+00 8.9000E+00 2.4000E+00           4033300500012 
 6.1000E+01 6.4000E+00 1.4400E+01 2.7400E+01 6.2000E+00           4033300500013 
 9.1000E+01 0.0000E+00 3.0000E+00 1.9840E+02 5.4000E+00           4033300500014 
 9.1000E+01 3.0000E+00 4.2000E+00 2.3700E+01 2.7000E+00           4033300500015 
 9.1000E+01 4.2000E+00 5.4000E+00 1.1800E+01 2.5000E+00           4033300500016 
 9.1000E+01 5.4000E+00 6.4000E+00 7.4000E+00 2.4000E+00           4033300500017 
 9.1000E+01 6.4000E+00 1.4400E+01 2.5100E+01 6.0000E+00           4033300500018 
 1.2100E+02 0.0000E+00 3.0000E+00 1.9170E+02 5.3000E+00           4033300500019 
 1.2100E+02 3.0000E+00 4.2000E+00 2.5700E+01 2.4000E+00           4033300500020 
 1.2100E+02 4.2000E+00 5.4000E+00 1.2000E+01 2.1000E+00           4033300500021 
 1.2100E+02 5.4000E+00 6.4000E+00 6.8000E+00 1.9000E+00           4033300500022 
 1.2100E+02 6.4000E+00 1.4400E+01 1.8200E+01 4.9000E+00           4033300500023 
 1.5100E+02 0.0000E+00 3.0000E+00 1.9550E+02 6.0000E+00           4033300500024 
 1.5100E+02 3.0000E+00 4.2000E+00 2.5800E+01 2.7000E+00           4033300500025 
 1.5100E+02 4.2000E+00 5.4000E+00 1.2800E+01 2.3000E+00           4033300500026 
 1.5100E+02 5.4000E+00 6.4000E+00 7.3000E+00 2.1000E+00           4033300500027 
 1.5100E+02 6.4000E+00 1.4400E+01 1.8000E+01 5.5000E+00           4033300500028 
ENDDATA             22          0                                 4033300500029 
ENDSUBENT           28          0                                 4033300599999 
SUBENT        40333006   20030602                             00004033300600001 
BIB                  1          1                                 4033300600002 
REACTION   (50-SN-0(N,X)0-NN-1,EM,DA/DE)                          4033300600003 
ENDBIB               1          0                                 4033300600004 
NOCOMMON             0          0                                 4033300600005 
DATA                 5         20                                 4033300600006 
ANG        E-MIN      E-MAX      DATA       DATA-ERR              4033300600007 
ADEG       MEV        MEV        MB/SR/MEV  MB/SR/MEV             4033300600008 
 6.1000E+01 0.0000E+00 3.0000E+00 2.3070E+02 4.5000E+00           4033300600009 
 6.1000E+01 3.0000E+00 4.2000E+00 2.3100E+01 1.5000E+00           4033300600010 
 6.1000E+01 4.2000E+00 5.4000E+00 1.2200E+01 1.4000E+00           4033300600011 
 6.1000E+01 5.4000E+00 6.4000E+00 7.4000E+00 1.3000E+00           4033300600012 
 6.1000E+01 6.4000E+00 1.4400E+01 2.1000E+01 3.0000E+00           4033300600013 
 9.1000E+01 0.0000E+00 3.0000E+00 1.7150E+02 4.0000E+00           4033300600014 
 9.1000E+01 3.0000E+00 4.2000E+00 1.2600E+01 1.4000E+00           4033300600015 
 9.1000E+01 4.2000E+00 5.4000E+00 5.0000E+00 1.3000E+00           4033300600016 
 9.1000E+01 5.4000E+00 6.4000E+00 2.3000E+00 1.2000E+00           4033300600017 
 9.1000E+01 6.4000E+00 1.4400E+01 3.5000E+00 2.7000E+00           4033300600018 
 1.2100E+02 0.0000E+00 3.0000E+00 1.4940E+02 3.4000E+00           4033300600019 
 1.2100E+02 3.0000E+00 4.2000E+00 1.4800E+01 1.3000E+00           4033300600020 
 1.2100E+02 4.2000E+00 5.4000E+00 6.2000E+00 1.1000E+00           4033300600021 
 1.2100E+02 5.4000E+00 6.4000E+00 2.9000E+00 1.0000E+00           4033300600022 
 1.2100E+02 6.4000E+00 1.4400E+01 5.0000E+00 2.5000E+00           4033300600023 
 1.5100E+02 0.0000E+00 3.0000E+00 1.8000E+02 3.7000E+00           4033300600024 
 1.5100E+02 3.0000E+00 4.2000E+00 1.8700E+01 1.3000E+00           4033300600025 
 1.5100E+02 4.2000E+00 5.4000E+00 9.1000E+00 1.1000E+00           4033300600026 
 1.5100E+02 5.4000E+00 6.4000E+00 5.2000E+00 1.0000E+00           4033300600027 
 1.5100E+02 6.4000E+00 1.4400E+01 1.3100E+01 2.2000E+00           4033300600028 
ENDDATA             22          0                                 4033300600029 
ENDSUBENT           28          0                                 4033300699999 
SUBENT        40333007   20030602                             00004033300700001 
BIB                  2          2                                 4033300700002 
REACTION   (73-TA-181(N,X)0-NN-1,EM,DA/DE)                        4033300700003 
HISTORY    (20030602A) Nuclide updated.                           4033300700004 
ENDBIB               2          0                                 4033300700005 
NOCOMMON             0          0                                 4033300700006 
DATA                 5         20                                 4033300700007 
ANG        E-MIN      E-MAX      DATA       DATA-ERR              4033300700008 
ADEG       MEV        MEV        MB/SR/MEV  MB/SR/MEV             4033300700009 
 6.1000E+01 5.0000E-01 3.0000E+00 3.0040E+02 5.6000E+00           4033300700010 
 6.1000E+01 3.0000E+00 4.2000E+00 2.8200E+01 1.8000E+00           4033300700011 
 6.1000E+01 4.2000E+00 5.4000E+00 1.3400E+01 1.6000E+00           4033300700012 
 6.1000E+01 5.4000E+00 6.4000E+00 7.8000E+00 1.5000E+00           4033300700013 
 6.1000E+01 6.4000E+00 1.4400E+01 1.9500E+01 3.3000E+00           4033300700014 
 9.1000E+01 5.0000E-01 3.0000E+00 2.7550E+02 5.2000E+00           4033300700015 
 9.1000E+01 3.0000E+00 4.2000E+00 2.3200E+01 1.6000E+00           4033300700016 
 9.1000E+01 4.2000E+00 5.4000E+00 1.0100E+01 1.4000E+00           4033300700017 
 9.1000E+01 5.4000E+00 6.4000E+00 5.5000E+00 1.4000E+00           4033300700018 
 9.1000E+01 6.4000E+00 1.4400E+01 1.1600E+01 3.0000E+00           4033300700019 
 1.2100E+02 5.0000E-01 3.0000E+00 2.5380E+02 4.8000E+00           4033300700020 
 1.2100E+02 3.0000E+00 4.2000E+00 2.0500E+01 1.5000E+00           4033300700021 
 1.2100E+02 4.2000E+00 5.4000E+00 8.2000E+00 1.2000E+00           4033300700022 
 1.2100E+02 5.4000E+00 6.4000E+00 4.1000E+00 1.1000E+00           4033300700023 
 1.2100E+02 6.4000E+00 1.4400E+01 7.4000E+00 2.6000E+00           4033300700024 
 1.5100E+02 5.0000E-01 3.0000E+00 2.6980E+02 5.1000E+00           4033300700025 
 1.5100E+02 3.0000E+00 4.2000E+00 2.1300E+01 1.4000E+00           4033300700026 
 1.5100E+02 4.2000E+00 5.4000E+00 9.0000E+00 1.2000E+00           4033300700027 
 1.5100E+02 5.4000E+00 6.4000E+00 4.9000E+00 1.1000E+00           4033300700028 
 1.5100E+02 6.4000E+00 1.4400E+01 1.1800E+01 2.5000E+00           4033300700029 
ENDDATA             22          0                                 4033300700030 
ENDSUBENT           29          0                                 4033300799999 
SUBENT        40333008   20030602                             00004033300800001 
BIB                  1          1                                 4033300800002 
REACTION   (82-PB-0(N,X)0-NN-1,EM,DA/DE)                          4033300800003 
ENDBIB               1          0                                 4033300800004 
NOCOMMON             0          0                                 4033300800005 
DATA                 5         20                                 4033300800006 
ANG        E-MIN      E-MAX      DATA       DATA-ERR              4033300800007 
ADEG       MEV        MEV        MB/SR/MEV  MB/SR/MEV             4033300800008 
 6.1000E+01 5.0000E-01 3.0000E+00 3.1300E+02 6.5000E+00           4033300800009 
 6.1000E+01 3.0000E+00 4.2000E+00 3.5100E+01 1.7000E+00           4033300800010 
 6.1000E+01 4.2000E+00 5.4000E+00 1.5600E+01 1.4000E+00           4033300800011 
 6.1000E+01 5.4000E+00 6.4000E+00 8.2000E+00 1.2000E+00           4033300800012 
 6.1000E+01 6.4000E+00 1.4400E+01 1.9600E+01 2.8000E+00           4033300800013 
 9.1000E+01 5.0000E-01 3.0000E+00 2.9830E+02 6.3000E+00           4033300800014 
 9.1000E+01 3.0000E+00 4.2000E+00 3.2900E+01 1.7000E+00           4033300800015 
 9.1000E+01 4.2000E+00 5.4000E+00 1.4400E+01 1.4000E+00           4033300800016 
 9.1000E+01 5.4000E+00 6.4000E+00 7.3000E+00 1.2000E+00           4033300800017 
 9.1000E+01 6.4000E+00 1.4400E+01 1.4600E+01 2.7000E+00           4033300800018 
 1.2100E+02 5.0000E-01 3.0000E+00 3.0800E+02 6.5000E+00           4033300800019 
 1.2100E+02 3.0000E+00 4.2000E+00 2.8200E+01 1.4000E+00           4033300800020 
 1.2100E+02 4.2000E+00 5.4000E+00 1.1300E+01 1.1000E+00           4033300800021 
 1.2100E+02 5.4000E+00 6.4000E+00 5.4000E+00 1.0000E+00           4033300800022 
 1.2100E+02 6.4000E+00 1.4400E+01 9.7000E+00 2.2000E+00           4033300800023 
 1.5100E+02 5.0000E-01 3.0000E+00 3.1960E+02 6.7000E+00           4033300800024 
 1.5100E+02 3.0000E+00 4.2000E+00 3.1300E+01 1.5000E+00           4033300800025 
 1.5100E+02 4.2000E+00 5.4000E+00 1.2800E+01 1.1000E+00           4033300800026 
 1.5100E+02 5.4000E+00 6.4000E+00 6.1000E+00 1.0000E+00           4033300800027 
 1.5100E+02 6.4000E+00 1.4400E+01 1.0700E+01 2.2000E+00           4033300800028 
ENDDATA             22          0                                 4033300800029 
ENDSUBENT           28          0                                 4033300899999 
SUBENT        40333009   20030602                             00004033300900001 
BIB                  2          2                                 4033300900002 
REACTION   (30-ZN-0(N,X)0-NN-1,EM,SIG)                            4033300900003 
STATUS     (DEP,40333002)                                         4033300900004 
ENDBIB               2          0                                 4033300900005 
NOCOMMON             0          0                                 4033300900006 
DATA                 1          1                                 4033300900007 
DATA                                                              4033300900008 
B                                                                 4033300900009 
 1.3900E+00                                                       4033300900010 
ENDDATA              3          0                                 4033300900011 
ENDSUBENT           10          0                                 4033300999999 
SUBENT        40333010   20030602                             00004033301000001 
BIB                  2          2                                 4033301000002 
REACTION   (42-MO-0(N,X)0-NN-1,EM,SIG)                            4033301000003 
STATUS     (DEP,40333003)                                         4033301000004 
ENDBIB               2          0                                 4033301000005 
NOCOMMON             0          0                                 4033301000006 
DATA                 1          1                                 4033301000007 
DATA                                                              4033301000008 
B                                                                 4033301000009 
 2.6300E+00                                                       4033301000010 
ENDDATA              3          0                                 4033301000011 
ENDSUBENT           10          0                                 4033301099999 
SUBENT        40333011   20030602                             00004033301100001 
BIB                  2          2                                 4033301100002 
REACTION   (48-CD-0(N,X)0-NN-1,EM,SIG)                            4033301100003 
STATUS     (DEP,40333004)                                         4033301100004 
ENDBIB               2          0                                 4033301100005 
NOCOMMON             0          0                                 4033301100006 
DATA                 1          1                                 4033301100007 
DATA                                                              4033301100008 
B                                                                 4033301100009 
 3.0100E+00                                                       4033301100010 
ENDDATA              3          0                                 4033301100011 
ENDSUBENT           10          0                                 4033301199999 
SUBENT        40333012   20030602                             00004033301200001 
BIB                  2          2                                 4033301200002 
REACTION   (49-IN-0(N,X)0-NN-1,EM,SIG)                            4033301200003 
STATUS     (DEP,40333005)                                         4033301200004 
ENDBIB               2          0                                 4033301200005 
NOCOMMON             0          0                                 4033301200006 
DATA                 1          1                                 4033301200007 
DATA                                                              4033301200008 
B                                                                 4033301200009 
 3.4700E+00                                                       4033301200010 
ENDDATA              3          0                                 4033301200011 
ENDSUBENT           10          0                                 4033301299999 
SUBENT        40333013   20030602                             00004033301300001 
BIB                  2          2                                 4033301300002 
REACTION   (50-SN-0(N,X)0-NN-1,EM,SIG)                            4033301300003 
STATUS     (DEP,40333006)                                         4033301300004 
ENDBIB               2          0                                 4033301300005 
NOCOMMON             0          0                                 4033301300006 
DATA                 1          1                                 4033301300007 
DATA                                                              4033301300008 
B                                                                 4033301300009 
 2.8100E+00                                                       4033301300010 
ENDDATA              3          0                                 4033301300011 
ENDSUBENT           10          0                                 4033301399999 
SUBENT        40333014   20030602                             00004033301400001 
BIB                  2          2                                 4033301400002 
REACTION   (73-TA-181(N,X)0-NN-1,EM,SIG)                          4033301400003 
STATUS     (DEP,40333007)                                         4033301400004 
ENDBIB               2          0                                 4033301400005 
NOCOMMON             0          0                                 4033301400006 
DATA                 1          1                                 4033301400007 
DATA                                                              4033301400008 
B                                                                 4033301400009 
 4.0200E+00                                                       4033301400010 
ENDDATA              3          0                                 4033301400011 
ENDSUBENT           10          0                                 4033301499999 
SUBENT        40333015   20030602                             00004033301500001 
BIB                  2          2                                 4033301500002 
REACTION   (82-PB-0(N,X)0-NN-1,EM,SIG)                            4033301500003 
STATUS     (DEP,40333008)                                         4033301500004 
ENDBIB               2          0                                 4033301500005 
NOCOMMON             0          0                                 4033301500006 
DATA                 1          1                                 4033301500007 
DATA                                                              4033301500008 
B                                                                 4033301500009 
 4.7200E+00                                                       4033301500010 
ENDDATA              3          0                                 4033301500011 
ENDSUBENT           10          0                                 4033301599999 
ENDENTRY            15          0                                 4033399999999 
