ENTRY            40437   19850329                             00004043700000001 
SUBENT        40437001   19850329                             00004043700100001 
BIB                  9          9                                 4043700100002 
INSTITUTE  (4CCPCCP)                                              4043700100003 
REFERENCE  (C,76BAKU,50,7602) DATA ARE GIVEN                      4043700100004 
AUTHOR     (G.A.PROCOPEC,A.V.MURSIN)                              4043700100005 
TITLE      PROMPT G-RAYS FROM REACTION 16-22 MEV NEUTRONS ON CO-594043700100006 
METHOD     DIRECT DETECTION OF GAMMAS                             4043700100007 
ANALYSIS   (AREA) AREA ANALYSIS                                   4043700100008 
PART-DET   (G) GAMMAS                                             4043700100009 
HISTORY    (760418C) COMPILED AT THE CENTRE                       4043700100010 
ERR-ANALYS NO INFORMATION AVAILABLE                               4043700100011 
ENDBIB               9          0                                 4043700100012 
NOCOMMON             0          0                                 4043700100013 
ENDSUBENT           12          0                                 4043700199999 
SUBENT        40437002   19850329                             00004043700200001 
BIB                  3          7                                 4043700200002 
REACTION   (27-CO-59(N,X)0-G-0,PAR,SIG)                           4043700200003 
             PARTIAL GAMMA EMISSION CROSS-                        4043700200004 
           SECTION                                                4043700200005 
COMMENT    TYPE OF REACTION IS DESCRIBED UNDER FLAG-KEYWORD       4043700200006 
FLAG       (1.) (N,2N)REACTION                                    4043700200007 
           (2.) (N,N) REACTION                                    4043700200008 
           (3.) (N,NP)REACTION                                    4043700200009 
ENDBIB               7          0                                 4043700200010 
NOCOMMON             0          0                                 4043700200011 
DATA                 6        107                                 4043700200012 
EN         E          E-ERR      DATA       DATA-ERR   FLAG       4043700200013 
MEV        KEV        KEV        MB         MB         NO-DIM     4043700200014 
 1.6200E+01 3.2290E+02 2.0000E-01 5.9000E+01 2.0000E+00 1.0000E+004043700200015 
 1.6200E+01 3.3560E+02 3.0000E-01 6.0000E+00 2.0000E+00 2.0000E+004043700200016 
 1.6200E+01 3.4870E+02 3.0000E-01 1.3000E+01 2.0000E+00 1.0000E+004043700200017 
 1.6200E+01 3.6730E+02 2.0000E-01 3.2000E+01 2.0000E+00 1.0000E+004043700200018 
 1.6200E+01 4.3360E+02 2.0000E-01 3.9000E+01 3.0000E+00 1.0000E+004043700200019 
 1.6200E+01 4.5690E+02 5.0000E-01 7.0000E+00 3.0000E+00 3.0000E+004043700200020 
 1.6200E+01 5.5430E+02 5.0000E-01 1.2000E+01 3.0000E+00 2.0000E+004043700200021 
 1.6200E+01 7.0290E+02 4.0000E-01 9.0000E+00 2.0000E+00 1.0000E+004043700200022 
 1.6200E+01 7.2740E+02 4.0000E-01 2.3000E+01 6.0000E+00 1.0000E+004043700200023 
 1.6200E+01 7.7470E+02 4.0000E-01 1.4000E+01 4.0000E+00 1.0000E+004043700200024 
 1.6200E+01 8.1060E+02 4.0000E-01 4.3000E+01 3.0000E+00 3.0000E+004043700200025 
 1.6200E+01 1.0513E+03 5.0000E-01 6.6000E+01 7.0000E+00 1.0000E+004043700200026 
 1.6200E+01 1.0993E+03 6.0000E-01 3.8000E+01 8.0000E+00 2.0000E+004043700200027 
 1.6200E+01 1.1908E+03 6.0000E-01 1.1500E+02 5.0000E+00 2.0000E+004043700200028 
 1.6200E+01 1.2388E+03 8.0000E-01 1.6000E+01 4.0000E+00 1.0000E+004043700200029 
 1.6200E+01 1.2661E+03 7.0000E-01 1.1000E+01 3.0000E+00 3.0000E+004043700200030 
 1.6200E+01 1.2916E+03 7.0000E-01 2.7000E+01 4.0000E+00 2.0000E+004043700200031 
 1.6200E+01 1.4594E+03 1.4000E+00 9.6000E+01 5.0000E+00 2.0000E+004043700200032 
 1.6200E+01 1.4815E+03 1.4000E+00 3.1000E+01 4.0000E+00 2.0000E+004043700200033 
 1.6200E+01 1.5226E+03 1.0000E+00 1.7000E+01 5.0000E+00 1.0000E+004043700200034 
 1.6200E+01 1.5557E+03 1.0000E+00 9.0000E+00 5.0000E+00 1.0000E+004043700200035 
 1.6200E+01 1.7447E+03 1.8000E+00 3.0000E+01 5.0000E+00 2.0000E+004043700200036 
 1.8100E+01 3.2290E+02 2.0000E-01 7.7000E+01 2.0000E+00 1.0000E+004043700200037 
 1.8100E+01 3.3560E+02 3.0000E-01 1.0000E+01 2.0000E+00 2.0000E+004043700200038 
 1.8100E+01 3.4870E+02 3.0000E-01 1.6000E+01 2.0000E+00 1.0000E+004043700200039 
 1.8100E+01 3.6730E+02 2.0000E-01 4.2000E+01 2.0000E+00 1.0000E+004043700200040 
 1.8100E+01 4.3360E+02 2.0000E-01 5.2000E+01 3.0000E+00 1.0000E+004043700200041 
 1.8100E+01 5.5430E+02 5.0000E-01 1.3000E+01 3.0000E+00 2.0000E+004043700200042 
 1.8100E+01 7.0290E+02 4.0000E-01 1.2000E+01 2.0000E+00 1.0000E+004043700200043 
 1.8100E+01 7.2740E+02 4.0000E-01 2.1000E+01 2.0000E+00 1.0000E+004043700200044 
 1.8100E+01 7.7470E+02 4.0000E-01 1.4000E+01 2.0000E+00 1.0000E+004043700200045 
 1.8100E+01 8.1060E+02 4.0000E-01 7.1000E+01 2.0000E+00 3.0000E+004043700200046 
 1.8100E+01 1.0513E+03 5.0000E-01 9.2000E+01 5.0000E+00 1.0000E+004043700200047 
 1.8100E+01 1.0993E+03 6.0000E-01 3.2000E+01 7.0000E+00 2.0000E+004043700200048 
 1.8100E+01 1.1908E+03 6.0000E-01 8.5000E+01 6.0000E+00 2.0000E+004043700200049 
 1.8100E+01 1.2388E+03 8.0000E-01 1.6000E+01 4.0000E+00 1.0000E+004043700200050 
 1.8100E+01 1.2661E+03 7.0000E-01 3.8000E+01 5.0000E+00 3.0000E+004043700200051 
 1.8100E+01 1.2916E+03 7.0000E-01 2.0000E+01 7.0000E+00 2.0000E+004043700200052 
 1.8100E+01 1.4594E+03 1.4000E+00 8.4000E+01 8.0000E+00 2.0000E+004043700200053 
 1.8100E+01 1.4815E+03 1.4000E+00 1.0000E+01 9.0000E+00 2.0000E+004043700200054 
 1.8100E+01 1.5226E+03 1.0000E+00 3.5000E+01 7.0000E+00 1.0000E+004043700200055 
 1.8100E+01 1.5557E+03 1.0000E+00 2.6000E+01 7.0000E+00 1.0000E+004043700200056 
 1.8100E+01 1.7447E+03 1.8000E+00 2.9000E+01 9.0000E+00 2.0000E+004043700200057 
 1.9300E+01 3.2290E+02 2.0000E-01 1.2300E+02 4.0000E+00 1.0000E+004043700200058 
 1.9300E+01 3.3560E+02 3.0000E-01 3.0000E+00            2.0000E+004043700200059 
 1.9300E+01 3.4870E+02 3.0000E-01 2.6000E+01 4.0000E+00 1.0000E+004043700200060 
 1.9300E+01 3.6730E+02 2.0000E-01 6.5000E+01 4.0000E+00 1.0000E+004043700200061 
 1.9300E+01 4.3360E+02 2.0000E-01 7.4000E+01 7.0000E+00 1.0000E+004043700200062 
 1.9300E+01 4.5690E+02 5.0000E-01 3.3000E+01 5.0000E+00 3.0000E+004043700200063 
 1.9300E+01 5.5430E+02 5.0000E-01 1.5000E+01            2.0000E+004043700200064 
 1.9300E+01 7.0290E+02 4.0000E-01 1.6000E+01 4.0000E+00 1.0000E+004043700200065 
 1.9300E+01 7.2740E+02 4.0000E-01 2.8000E+01 6.0000E+00 1.0000E+004043700200066 
 1.9300E+01 7.7470E+02 4.0000E-01 2.5000E+01 7.0000E+00 1.0000E+004043700200067 
 1.9300E+01 8.1060E+02 4.0000E-01 1.3800E+02 5.0000E+00 3.0000E+004043700200068 
 1.9300E+01 1.0513E+03 5.0000E-01 1.4800E+02 8.0000E+00 1.0000E+004043700200069 
 1.9300E+01 1.0993E+03 6.0000E-01 3.4000E+01            2.0000E+004043700200070 
 1.9300E+01 1.1908E+03 6.0000E-01 1.0700E+02            2.0000E+004043700200071 
 1.9300E+01 1.2388E+03 8.0000E-01 3.7000E+01 1.0000E+01 1.0000E+004043700200072 
 1.9300E+01 1.2661E+03 7.0000E-01 6.3000E+01 8.0000E+00 3.0000E+004043700200073 
 1.9300E+01 1.2916E+03 7.0000E-01 2.7000E+01            2.0000E+004043700200074 
 1.9300E+01 1.4594E+03 1.4000E+00 9.2000E+01            2.0000E+004043700200075 
 1.9300E+01 1.4815E+03 1.4000E+00 2.0000E+01            2.0000E+004043700200076 
 1.9300E+01 1.5226E+03 1.0000E+00 5.6000E+01 2.4000E+01 1.0000E+004043700200077 
 1.9300E+01 1.5557E+03 1.0000E+00 3.5000E+01 1.0000E+01 1.0000E+004043700200078 
 1.9300E+01 1.7447E+03 1.8000E+00 3.3000E+01            2.0000E+004043700200079 
 2.0500E+01 3.2290E+02 2.0000E-01 9.9000E+01 4.0000E+00 1.0000E+004043700200080 
 2.0500E+01 3.4870E+02 3.0000E-01 1.3000E+01 4.0000E+00 1.0000E+004043700200081 
 2.0500E+01 3.6730E+02 2.0000E-01 4.7000E+01 4.0000E+00 1.0000E+004043700200082 
 2.0500E+01 4.3360E+02 2.0000E-01 6.4000E+01 3.0000E+00 1.0000E+004043700200083 
 2.0500E+01 4.5690E+02 5.0000E-01 9.0000E+00 3.0000E+00 3.0000E+004043700200084 
 2.0500E+01 5.5430E+02 5.0000E-01 1.0000E+01            2.0000E+004043700200085 
 2.0500E+01 7.0290E+02 4.0000E-01 2.0000E+01 5.0000E+00 1.0000E+004043700200086 
 2.0500E+01 7.2740E+02 4.0000E-01 4.4000E+01 1.0000E+01 1.0000E+004043700200087 
 2.0500E+01 7.7470E+02 4.0000E-01 2.5000E+01 7.0000E+00 1.0000E+004043700200088 
 2.0500E+01 8.1060E+02 4.0000E-01 1.5000E+02 6.0000E+00 3.0000E+004043700200089 
 2.0500E+01 1.0513E+03 5.0000E-01 1.1700E+02 7.0000E+00 1.0000E+004043700200090 
 2.0500E+01 1.0993E+03 6.0000E-01 3.8000E+01            2.0000E+004043700200091 
 2.0500E+01 1.1908E+03 6.0000E-01 1.5000E+02            2.0000E+004043700200092 
 2.0500E+01 1.2388E+03 8.0000E-01 3.0000E+01 5.0000E+00 1.0000E+004043700200093 
 2.0500E+01 1.2661E+03 7.0000E-01 5.8000E+01 5.0000E+00 3.0000E+004043700200094 
 2.0500E+01 1.2916E+03 7.0000E-01 3.3000E+01            2.0000E+004043700200095 
 2.0500E+01 1.4594E+03 1.4000E+00 2.1000E+01            2.0000E+004043700200096 
 2.0500E+01 1.4815E+03 1.4000E+00 4.0000E+00            2.0000E+004043700200097 
 2.0500E+01 1.5226E+03 1.0000E+00 2.5000E+01 5.0000E+00 1.0000E+004043700200098 
 2.0500E+01 1.5557E+03 1.0000E+00 1.0000E+01 5.0000E+00 1.0000E+004043700200099 
 2.0500E+01 1.7447E+03 1.8000E+00 1.5000E+01            2.0000E+004043700200100 
 2.1800E+01 3.2290E+02 2.0000E-01 6.2000E+01 3.0000E+00 1.0000E+004043700200101 
 2.1800E+01 3.3560E+02 3.0000E-01 7.0000E+00            2.0000E+004043700200102 
 2.1800E+01 3.4870E+02 3.0000E-01 7.0000E+00 3.0000E+00 1.0000E+004043700200103 
 2.1800E+01 3.6730E+02 2.0000E-01 2.8000E+01 3.0000E+00 1.0000E+004043700200104 
 2.1800E+01 4.3360E+02 2.0000E-01 3.9000E+01 3.0000E+00 1.0000E+004043700200105 
 2.1800E+01 4.5690E+02 5.0000E-01 2.0000E+01 1.0000E+01 3.0000E+004043700200106 
 2.1800E+01 5.5430E+02 5.0000E-01 2.0000E+01            2.0000E+004043700200107 
 2.1800E+01 7.0290E+02 4.0000E-01 2.6000E+01 5.0000E+00 1.0000E+004043700200108 
 2.1800E+01 7.2740E+02 4.0000E-01 2.6000E+01 6.0000E+00 1.0000E+004043700200109 
 2.1800E+01 7.7470E+02 4.0000E-01 1.9000E+01 6.0000E+00 1.0000E+004043700200110 
 2.1800E+01 8.1060E+02 4.0000E-01 1.1800E+02 4.0000E+00 3.0000E+004043700200111 
 2.1800E+01 1.0513E+03 5.0000E-01 1.1000E+02 6.0000E+00 1.0000E+004043700200112 
 2.1800E+01 1.0993E+03 6.0000E-01 4.6000E+01            2.0000E+004043700200113 
 2.1800E+01 1.1908E+03 6.0000E-01 2.0500E+02            2.0000E+004043700200114 
 2.1800E+01 1.2388E+03 8.0000E-01 3.1000E+01 6.0000E+00 1.0000E+004043700200115 
 2.1800E+01 1.2661E+03 7.0000E-01 6.0000E+01 5.0000E+00 3.0000E+004043700200116 
 2.1800E+01 1.2916E+03 7.0000E-01 3.7000E+01            2.0000E+004043700200117 
 2.1800E+01 1.4594E+03 1.4000E+00 1.9000E+01            2.0000E+004043700200118 
 2.1800E+01 1.5226E+03 1.0000E+00 3.1000E+01 6.0000E+00 1.0000E+004043700200119 
 2.1800E+01 1.5557E+03 1.0000E+00 1.9000E+01 6.0000E+00 1.0000E+004043700200120 
 2.1800E+01 1.7447E+03 1.8000E+00 8.0000E+00            2.0000E+004043700200121 
ENDDATA            109          0                                 4043700200122 
ENDSUBENT          121          0                                 4043700299999 
ENDENTRY             2          0                                 4043799999999 
