ENTRY            40447   19850329                             00004044700000001 
SUBENT        40447001   19850329                             00004044700100001 
BIB                 10         13                                 4044700100002 
INSTITUTE  (4CCPCCP)                                              4044700100003 
REFERENCE  (C,76BAKU,51,7602) DATA ARE GIVEN                      4044700100004 
           (J,YF,23,(5),935,7605) DATA AND GRAPHS ARE GIVEN       4044700100005 
AUTHOR     (G.A.PROKOPEC, B.HOLMKVIST, A.V.MURZIN)                4044700100006 
TITLE      THE REACTIONS 19-F(N,XG) IN THE NEUTRON ENERGY RANGE   4044700100007 
            16-22 MEV                                             4044700100008 
METHOD     (TOF) TIME-OF-FLIGHT METHOD                            4044700100009 
           DIRECT DETECTION OF GAMMAS                             4044700100010 
ANALYSIS   (AREA) AREA ANALYSIS                                   4044700100011 
PART-DET   (G) GAMMAS                                             4044700100012 
STATUS     DATA FROM J,YF,23,(5),935,7605                         4044700100013 
HISTORY    (760425C)  COMPILED AT THE CENTRE                      4044700100014 
ERR-ANALYS NO INFORMATION AVAILABLE                               4044700100015 
ENDBIB              13          0                                 4044700100016 
NOCOMMON             0          0                                 4044700100017 
ENDSUBENT           16          0                                 4044700199999 
SUBENT        40447002   19850329                             00004044700200001 
BIB                  3          6                                 4044700200002 
REACTION   (9-F-19(N,X)0-G-0,PAR,SIG)                             4044700200003 
            PARTIAL GAMMA-EMISSION CROSS-SECTION                  4044700200004 
COMMENT    TYPE OF REACTION IS DESCRIBED UNDER FLAG-KEYWORD       4044700200005 
FLAG       (1.) (N,2N) REACTION                                   4044700200006 
           (2.) (N,N)  REACTION                                   4044700200007 
           (3.) (N,D)  REACTION                                   4044700200008 
ENDBIB               6          0                                 4044700200009 
NOCOMMON             0          0                                 4044700200010 
DATA                 6         39                                 4044700200011 
EN         E          E-ERR      DATA       DATA-ERR   FLAG       4044700200012 
MEV        KEV        KEV        MB         MB         NO-DIM     4044700200013 
 1.6200E+01 9.3740E+02 4.0000E-01 1.2500E+01 1.3000E+00 1.0000E+004044700200014 
 1.6200E+01 1.0399E+03 1.4000E+00 4.0000E+00 2.0000E+00 1.0000E+004044700200015 
 1.6200E+01 1.0790E+03 2.0000E+00 3.0000E+00 1.0000E+00 1.0000E+004044700200016 
 1.6200E+01 1.2369E+03 6.0000E-01 1.5000E+01 2.0000E+00 2.0000E+004044700200017 
 1.6200E+01 1.3586E+03 7.0000E-01 3.0000E+01 3.0000E+00 2.0000E+004044700200018 
 1.6200E+01 1.5732E+03 9.0000E-01 5.0000E+00 1.0000E+00 3.0000E+004044700200019 
 1.6200E+01 1.6530E+03 1.0000E+00 4.2000E+00 1.5000E+00 3.0000E+004044700200020 
 1.6200E+01 1.9818E+03 1.3000E+00 4.2100E+01 2.5000E+00 3.0000E+004044700200021 
 1.8100E+01 6.5930E+02 5.0000E-01 6.9000E+00 1.8000E+00 1.0000E+004044700200022 
 1.8100E+01 9.3740E+02 4.0000E-01 1.9800E+01 1.0000E+00 1.0000E+004044700200023 
 1.8100E+01 1.2369E+03 6.0000E-01 1.6000E+01 2.0000E+00 2.0000E+004044700200024 
 1.8100E+01 1.3586E+03 7.0000E-01 3.0000E+01 4.0000E+00 2.0000E+004044700200025 
 1.8100E+01 1.5732E+03 9.0000E-01 1.6700E+01 2.2000E+00 3.0000E+004044700200026 
 1.8100E+01 1.6530E+03 1.0000E+00 3.0000E+00 2.0000E+00 3.0000E+004044700200027 
 1.8100E+01 1.9818E+03 1.3000E+00 6.2100E+01 2.9000E+00 3.0000E+004044700200028 
 1.9300E+01 6.5930E+02 5.0000E-01 6.7000E+00 2.4000E+00 1.0000E+004044700200029 
 1.9300E+01 9.3740E+02 4.0000E-01 3.1800E+01 2.1000E+00 1.0000E+004044700200030 
 1.9300E+01 1.2369E+03 6.0000E-01 1.7000E+01 4.0000E+00 2.0000E+004044700200031 
 1.9300E+01 1.3586E+03 7.0000E-01 6.0000E+01 7.0000E+00 2.0000E+004044700200032 
 1.9300E+01 1.5732E+03 9.0000E-01 2.7700E+01 4.6000E+00 3.0000E+004044700200033 
 1.9300E+01 1.6530E+03 1.0000E+00 9.7000E+00 4.2000E+00 3.0000E+004044700200034 
 1.9300E+01 1.9818E+03 1.3000E+00 1.0990E+02 4.1000E+00 3.0000E+004044700200035 
 2.0500E+01 6.5930E+02 5.0000E-01 7.6000E+00 2.7000E+00 1.0000E+004044700200036 
 2.0500E+01 9.3740E+02 4.0000E-01 2.8200E+01 1.7000E+00 1.0000E+004044700200037 
 2.0500E+01 1.0399E+03 1.4000E+00 7.0000E+00 6.0000E+00 1.0000E+004044700200038 
 2.0500E+01 1.0790E+03 2.0000E+00 5.4000E+00 1.7000E+00 1.0000E+004044700200039 
 2.0500E+01 1.2369E+03 6.0000E-01 2.0000E+01 4.0000E+00 2.0000E+004044700200040 
 2.0500E+01 1.3586E+03 7.0000E-01 6.0000E+01 7.0000E+00 2.0000E+004044700200041 
 2.0500E+01 1.5732E+03 9.0000E-01 2.0400E+01 2.0000E+00 3.0000E+004044700200042 
 2.0500E+01 1.6530E+03 1.0000E+00 9.3000E+00 1.9000E+00 3.0000E+004044700200043 
 2.0500E+01 1.9818E+03 1.3000E+00 9.6200E+01 3.4000E+00 3.0000E+004044700200044 
 2.1800E+01 6.5930E+02 5.0000E-01 3.0000E+00 1.0000E+00 1.0000E+004044700200045 
 2.1800E+01 9.3740E+02 4.0000E-01 2.0700E+01 1.0000E+00 1.0000E+004044700200046 
 2.1800E+01 1.0790E+03 2.0000E+00 8.1000E+00 1.6000E+00 1.0000E+004044700200047 
 2.1800E+01 1.2369E+03 6.0000E-01 1.0000E+01 4.0000E+00 2.0000E+004044700200048 
 2.1800E+01 1.3586E+03 7.0000E-01 6.5000E+01 7.0000E+00 2.0000E+004044700200049 
 2.1800E+01 1.5732E+03 9.0000E-01 1.4700E+01 1.1000E+00 3.0000E+004044700200050 
 2.1800E+01 1.6530E+03 1.0000E+00 7.4000E+00 1.1000E+00 3.0000E+004044700200051 
 2.1800E+01 1.9818E+03 1.3000E+00 7.7200E+01 2.8000E+00 3.0000E+004044700200052 
ENDDATA             41          0                                 4044700200053 
ENDSUBENT           52          0                                 4044700299999 
ENDENTRY             2          0                                 4044799999999 
