ENTRY            40453   20220722                             420840453  0    1 
SUBENT        40453001   20220722                             420840453  1    1 
BIB                 10         15                                 40453  1    2 
TITLE       Study of low-energy gamma-quanta from Sm-147(n,g)     40453  1    3 
            reaction on resonance neutrons                        40453  1    4 
AUTHOR     (Yu.P.Popov,A.M.Sukhovoy,V.A.Khitrov,                  40453  1    5 
           S.Shukhiev,Yu.S.Yazvitskiy)                            40453  1    6 
REFERENCE  ((C,75KIEV,4,50,1975)=                                 40453  1    7 
           (R,INDC(CCP)-099,(4),50,1976))                         40453  1    8 
            Curves are given                                      40453  1    9 
INSTITUTE  (4ZZZDUB)                                              40453  1   10 
FACILITY   (REAC,4ZZZDUB)                                         40453  1   11 
INC-SOURCE (REAC)  Reactor IBR-30                                 40453  1   12 
METHOD     (TOF)  Time resolution ~35 nsec/m.                     40453  1   13 
DETECTOR   (GELI) Energy resolution ~3.5 keV.                     40453  1   14 
MONITOR     No information                                        40453  1   15 
HISTORY    (19790831C)                                            40453  1   16 
           (20220722A) Update for current rules and dictionaries. 40453  1   17 
ENDBIB              15          0                                 40453  1   18 
NOCOMMON             0          0                                 40453  1   19 
ENDSUBENT           18          0                                 40453  199999 
SUBENT        40453002   20220722                             420840453  2    1 
BIB                  5          7                                 40453  2    2 
REACTION   (62-SM-147(N,G)62-SM-148,,SPC,,RES/REL)                40453  2    3 
                                 Instrumentation peak area        40453  2    4 
FLAG       (1.) 412 keV and 413 keV gammas.                       40453  2    5 
STATUS     (TABLE) Obtained from the authors                      40453  2    6 
ERR-ANALYS (DATA-ERR) Includes factor (CHI-SQUARE)/F              40453  2    7 
HISTORY    (20220722A) DATA block was corrected using data from   40453  2    8 
            archive of 31-08-1979.                                40453  2    9 
ENDBIB               7          0                                 40453  2   10 
NOCOMMON             0          0                                 40453  2   11 
DATA                 5         91                                 40453  2   12 
EN-RES     E          DATA       DATA-ERR   FLAG                  40453  2   13 
EV         KEV        ARB-UNITS  PER-CENT   NO-DIM                40453  2   14 
 18.3         412.     18930.      1.7         1.                 40453  2   15 
 18.3         433.      4710.      4.7                            40453  2   16 
 18.3         550.     89150.      0.95                           40453  2   17 
 18.3         553.      8292.      7.1                            40453  2   18 
 18.3         573.      3060.      5.8                            40453  2   19 
 18.3         611.     17420.      1.5                            40453  2   20 
 18.3         630.     37180.      0.95                           40453  2   21 
 27.1         412.      1994.      5.0         1.                 40453  2   22 
 27.1         433.       456.     15.                             40453  2   23 
 27.1         550.     18890.      1.5                            40453  2   24 
 27.1         553.      1233.     15.                             40453  2   25 
 27.1         573.       490.     12.                             40453  2   26 
 27.1         611.      3890.      2.0                            40453  2   27 
 27.1         630.      5500.      1.6                            40453  2   28 
 29.7         412.      3024.      4.9         1.                 40453  2   29 
 29.7         433.       836.     13.                             40453  2   30 
 29.7         550.     28680.      1.4                            40453  2   31 
 29.7         553.      2050.     14.                             40453  2   32 
 29.7         573.       670.     12.                             40453  2   33 
 29.7         611.      5870.      1.7                            40453  2   34 
 29.7         630.      8356.      1.4                            40453  2   35 
 32.1         412.      8066.      2.3         1.                 40453  2   36 
 32.1         433.      2194.      5.7                            40453  2   37 
 32.1         550.     38150.      1.2                            40453  2   38 
 32.1         553.      2520.     11.                             40453  2   39 
 32.1         573.      1314.      7.6                            40453  2   40 
 32.1         611.      7250.      2.0                            40453  2   41 
 32.1         630.     15480.      1.3                            40453  2   42 
 39.7         412.      3804.      4.2         1.                 40453  2   43 
 39.7         433.      1052.     10.                             40453  2   44 
 39.7         550.     20970.      1.4                            40453  2   45 
 39.7         553.      1660.     11.                             40453  2   46 
 39.7         573.       684.      9.5                            40453  2   47 
 39.7         611.      4210.      2.3                            40453  2   48 
 39.7         630.      8400.      1.5                            40453  2   49 
 40.5         412.      2192.      4.3         1.                 40453  2   50 
 40.5         433.       528.     13.                             40453  2   51 
 40.5         550.     17160.      1.5                            40453  2   52 
 40.5         553.       814.     17.                             40453  2   53 
 40.5         573.       563.     11.                             40453  2   54 
 40.5         611.      3372.      2.3                            40453  2   55 
 40.5         630.      5386.      1.7                            40453  2   56 
 49.3         412.      3400.      3.6         1.                 40453  2   57 
 49.3         433.       770.     11.                             40453  2   58 
 49.3         550.     16670.      1.9                            40453  2   59 
 49.3         553.      1250.     16.                             40453  2   60 
 49.3         573.       600.     12.                             40453  2   61 
 49.3         611.      3520.      2.6                            40453  2   62 
 49.3         630.      6940.      1.7                            40453  2   63 
 57.9         412.      2066.      4.7         1.                 40453  2   64 
 57.9         433.       532.     15.                             40453  2   65 
 57.9         550.     17890.      1.9                            40453  2   66 
 57.9         553.      1493.     16.4                            40453  2   67 
 57.9         573.       413.     16.                             40453  2   68 
 57.9         611.      3820.      2.2                            40453  2   69 
 57.9         630.      5130.      1.8                            40453  2   70 
 64.9         412.      2177.      5.2         1.                 40453  2   71 
 64.9         433.       664.     13.                             40453  2   72 
 64.9         550.     13170.      2.1                            40453  2   73 
 64.9         553.       860.     18.                             40453  2   74 
 64.9         573.       351.     16.                             40453  2   75 
 64.9         611.      2543.      3.3                            40453  2   76 
 64.9         630.      4913.      2.2                            40453  2   77 
 76.0         412.      2742.      4.7         1.                 40453  2   78 
 76.0         433.       433.     19.                             40453  2   79 
 76.0         550.     12077.      2.5                            40453  2   80 
 76.0         553.      1330.     17.                             40453  2   81 
 76.0         573.       580.     17.                             40453  2   82 
 76.0         611.      2480.      3.2                            40453  2   83 
 76.0         630.      5190.      2.1                            40453  2   84 
 79.8         412.      1142.      7.0         1.                 40453  2   85 
 79.8         433.       262.     21.                             40453  2   86 
 79.8         550.      7010.      2.5                            40453  2   87 
 79.8         553.       553.     22.                             40453  2   88 
 79.8         573.       205.     18.                             40453  2   89 
 79.8         611.      1375.      3.8                            40453  2   90 
 79.8         630.      2740.      2.5                            40453  2   91 
 83.4         412.      1186.      6.7         1.                 40453  2   92 
 83.4         433.       179.     30.                             40453  2   93 
 83.4         550.     11570.      1.6                            40453  2   94 
 83.4         553.       837.     13.                             40453  2   95 
 83.4         573.       447.     10.                             40453  2   96 
 83.4         611.      2234.      3.0                            40453  2   97 
 83.4         630.      3400.      2.4                            40453  2   98 
123.4         412.      1236.      6.7         1.                 40453  2   99 
123.4         433.       409.     17.                             40453  2  100 
123.4         550.      9510.      2.8                            40453  2  101 
123.4         553.       615.     30.                             40453  2  102 
123.4         573.       209.     55.                             40453  2  103 
123.4         611.      1936.      3.6                            40453  2  104 
123.4         630.      2560.      3.0                            40453  2  105 
ENDDATA             93          0                                 40453  2  106 
ENDSUBENT          105          0                                 40453  299999 
ENDENTRY             2          0                                 4045399999999 
