ENTRY            40482   19850329                             00004048200000001 
SUBENT        40482001   19850329                             00004048200100001 
BIB                  8          8                                 4048200100002 
INSTITUTE  (4CCPKUR)                                              4048200100003 
REFERENCE  (P,YFI-25,41,7712)                                     4048200100004 
AUTHOR     (V.M.MOROZOV,JU.G.ZUBOV,N.I.KARPOV,N.S.LEBEDEVA)       4048200100005 
TITLE       THIN CASEOUS TARGET FOR NEUTRON INVESIIGATIONS        4048200100006 
FACILITY    NO INFORMATION                                        4048200100007 
INC-SOURCE  NO INFORMATION                                        4048200100008 
MONITOR     ABSOLUTE MEASUREMENTS                                 4048200100009 
HISTORY    (781218C)                                              4048200100010 
ENDBIB               8          0                                 4048200100011 
NOCOMMON             0          0                                 4048200100012 
ENDSUBENT           11          0                                 4048200199999 
SUBENT        40482002   19850329                             00004048200200001 
BIB                  2          2                                 4048200200002 
REACTION   (6-C-12(N,TOT),,SIG)                                   4048200200003 
SAMPLE      GASEOUS                                               4048200200004 
ENDBIB               2          0                                 4048200200005 
COMMON               1          3                                 4048200200006 
EN-RSL                                                            4048200200007 
KEV                                                               4048200200008 
 2.0000E+00                                                       4048200200009 
ENDCOMMON            3          0                                 4048200200010 
DATA                 4         17                                 4048200200011 
EN         DATA       DATA-ERR   THICKNESS                        4048200200012 
KEV        B          B          ATOMS/B                          4048200200013 
 2.0583E+03 1.8000E+00 9.0000E-02 2.2300E-01                      4048200200014 
 2.0611E+03 1.8000E+00 9.0000E-02 2.2300E-01                      4048200200015 
 2.0639E+03 1.9400E+00 9.0000E-02 2.2300E-01                      4048200200016 
 2.0667E+03 2.0100E+00 1.0000E-01 2.2300E-01                      4048200200017 
 2.0695E+03 2.4000E+00 9.0000E-02 2.2300E-01                      4048200200018 
 2.0722E+03 3.2100E+00 1.6000E-01 1.2850E-01                      4048200200019 
 2.0736E+03 3.7100E+00 1.6000E-01 1.2850E-01                      4048200200020 
 2.0750E+03 4.4600E+00 1.7000E-01 1.2850E-01                      4048200200021 
 2.0764E+03 5.0700E+00 2.4000E-01 8.5300E-02                      4048200200022 
 2.0778E+03 5.3000E+00 2.4000E-01 8.5300E-02                      4048200200023 
 2.0792E+03 5.1200E+00 2.4000E-01 8.5300E-02                      4048200200024 
 2.0806E+03 4.8400E+00 2.4000E-01 8.5300E-02                      4048200200025 
 2.0820E+03 4.0700E+00 2.3000E-01 8.5300E-02                      4048200200026 
 2.0834E+03 3.1300E+00 9.0000E-02 2.2300E-01                      4048200200027 
 2.0861E+03 2.4400E+00 9.0000E-02 2.2300E-01                      4048200200028 
 2.0889E+03 2.3100E+00 9.0000E-02 2.2300E-01                      4048200200029 
 2.0917E+03 2.2900E+00 9.0000E-02 2.2300E-01                      4048200200030 
ENDDATA             19          0                                 4048200200031 
ENDSUBENT           30          0                                 4048200299999 
ENDENTRY             2          0                                 4048299999999 
