ENTRY            40617   19850329                             00004061700000001 
SUBENT        40617001   19850329                             00004061700100001 
BIB                 10         13                                 4061700100002 
INSTITUTE  (4CCPIJI)                                              4061700100003 
REFERENCE  (C,80KIEV,1,304,8009)                                  4061700100004 
AUTHOR     (M.V.PASECHNIK,M.B.FEDOROV,V.D.OVDIENKO,               4061700100005 
           G.A.SMETANIN,T.I.JAKOVENKO)                            4061700100006 
TITLE       TOTAL NEUTRON CROSS-SECTIONS FOR MOLYBDENUM           4061700100007 
            AND ZYRCONIUM AT LOW ENERGIES                         4061700100008 
FACILITY   (VDG)                                                  4061700100009 
INC-SOURCE (D-BE) FOR MEASUREMENTS ON MOLYBDENUM                  4061700100010 
           (P-T)  FOR MEASUREMENTS ON ZYRCONIUM                   4061700100011 
METHOD     (TOF)                                                  4061700100012 
DETECTOR   (SCIN)                                                 4061700100013 
STATUS     (APRVD)  FEDOROV, 8112                                 4061700100014 
HISTORY    (830221C)                                              4061700100015 
ENDBIB              13          0                                 4061700100016 
NOCOMMON             0          0                                 4061700100017 
ENDSUBENT           16          0                                 4061700199999 
SUBENT        40617002   19850329                             00004061700200001 
BIB                  2          8                                 4061700200002 
REACTION   (42-MO-92(N,TOT),,SIG)                                 4061700200003 
SAMPLE      MO-92 CONTENT IS  92.2  PERCENT                       4061700200004 
            MO-94 CONTENT IS   1.32 PERCENT                       4061700200005 
            MO-95 CONTENT IS   1.57 PERCENT                       4061700200006 
            MO-96 CONTENT IS   1.44 PERCENT                       4061700200007 
            MO-97 CONTENT IS   0.70 PERCENT                       4061700200008 
            MO-98 CONTENT IS   2.09 PERCENT                       4061700200009 
            MO-100 CONTENT IS  0.68 PERCENT                       4061700200010 
ENDBIB               8          0                                 4061700200011 
NOCOMMON             0          0                                 4061700200012 
DATA                 3         54                                 4061700200013 
EN         DATA       ERR-S                                       4061700200014 
MEV        B          B                                           4061700200015 
 4.5800E-01 7.8500E+00 1.0400E+00                                 4061700200016 
 4.7100E-01 7.2000E+00 8.2000E-01                                 4061700200017 
 4.8400E-01 7.7800E+00 6.3000E-01                                 4061700200018 
 4.9800E-01 8.3500E+00 6.3000E-01                                 4061700200019 
 5.1200E-01 8.1400E+00 5.3000E-01                                 4061700200020 
 5.2700E-01 8.3500E+00 5.4000E-01                                 4061700200021 
 5.4200E-01 7.6100E+00 5.3000E-01                                 4061700200022 
 5.5800E-01 7.2200E+00 4.7000E-01                                 4061700200023 
 5.7500E-01 6.8200E+00 4.2000E-01                                 4061700200024 
 5.9200E-01 6.7700E+00 3.9000E-01                                 4061700200025 
 6.1000E-01 6.8200E+00 3.6000E-01                                 4061700200026 
 6.2900E-01 6.7400E+00 3.0000E-01                                 4061700200027 
 6.4800E-01 6.7000E+00 2.7000E-01                                 4061700200028 
 6.6800E-01 6.7000E+00 2.8000E-01                                 4061700200029 
 6.8900E-01 6.7600E+00 2.7000E-01                                 4061700200030 
 7.1100E-01 6.5600E+00 2.7000E-01                                 4061700200031 
 7.3400E-01 6.6000E+00 2.7000E-01                                 4061700200032 
 7.5800E-01 6.7500E+00 2.6000E-01                                 4061700200033 
 7.8300E-01 6.5300E+00 2.4000E-01                                 4061700200034 
 8.1000E-01 6.4600E+00 2.4000E-01                                 4061700200035 
 8.3700E-01 6.7100E+00 2.5000E-01                                 4061700200036 
 8.6600E-01 6.5200E+00 2.6000E-01                                 4061700200037 
 8.9600E-01 6.1400E+00 2.9000E-01                                 4061700200038 
 9.2700E-01 6.2500E+00 2.9000E-01                                 4061700200039 
 9.6000E-01 6.0500E+00 2.8000E-01                                 4061700200040 
 9.9400E-01 5.7300E+00 2.8000E-01                                 4061700200041 
 1.0310E+00 5.6200E+00 2.6000E-01                                 4061700200042 
 1.0690E+00 5.8800E+00 2.5000E-01                                 4061700200043 
 1.1090E+00 5.6600E+00 2.5000E-01                                 4061700200044 
 1.1510E+00 5.5700E+00 2.6000E-01                                 4061700200045 
 1.1950E+00 5.5500E+00 2.8000E-01                                 4061700200046 
 1.2420E+00 5.5800E+00 2.9000E-01                                 4061700200047 
 1.2910E+00 5.6000E+00 3.1000E-01                                 4061700200048 
 1.3430E+00 5.7000E+00 3.0000E-01                                 4061700200049 
 1.3950E+00 5.6600E+00 2.8000E-01                                 4061700200050 
 1.4550E+00 5.6600E+00 2.5000E-01                                 4061700200051 
 1.5160E+00 5.5100E+00 2.2000E-01                                 4061700200052 
 1.5800E+00 5.2100E+00 2.1000E-01                                 4061700200053 
 1.6500E+00 4.9600E+00 2.0000E-01                                 4061700200054 
 1.7100E+00 5.0400E+00 2.3000E-01                                 4061700200055 
 1.7700E+00 4.8700E+00 2.2000E-01                                 4061700200056 
 1.8400E+00 4.7800E+00 2.2000E-01                                 4061700200057 
 1.9200E+00 4.7300E+00 2.1000E-01                                 4061700200058 
 1.9900E+00 4.7000E+00 2.1000E-01                                 4061700200059 
 2.0800E+00 4.5400E+00 1.5000E-01                                 4061700200060 
 2.1600E+00 4.4700E+00 1.6000E-01                                 4061700200061 
 2.2600E+00 4.3300E+00 3.0000E-01                                 4061700200062 
 2.3600E+00 4.1400E+00 1.7000E-01                                 4061700200063 
 2.4600E+00 3.9700E+00 1.8000E-01                                 4061700200064 
 2.5800E+00 3.7800E+00 1.8000E-01                                 4061700200065 
 2.7000E+00 3.6800E+00 1.8000E-01                                 4061700200066 
 2.8300E+00 3.6000E+00 1.8000E-01                                 4061700200067 
 2.9700E+00 3.4800E+00 1.6000E-01                                 4061700200068 
 3.1200E+00 4.2000E+00 1.6000E-01                                 4061700200069 
ENDDATA             56          0                                 4061700200070 
ENDSUBENT           69          0                                 4061700299999 
SUBENT        40617003   19850329                             00004061700300001 
BIB                  2          8                                 4061700300002 
REACTION   (42-MO-95(N,TOT),,SIG)                                 4061700300003 
SAMPLE      MO-92  CONTENT IS  0.39  PERCENT                      4061700300004 
            MO-94  CONTENT IS  0.73  PERCENT                      4061700300005 
            MO-95  CONTENT IS 94.9   PERCENT                      4061700300006 
            MO-96  CONTENT IS  2.26  PERCENT                      4061700300007 
            MO-97  CONTENT IS  0.61  PERCENT                      4061700300008 
            MO-98  CONTENT IS  0.84  PERCENT                      4061700300009 
            MO-100 CONTENT IS  0.27  PERCENT                      4061700300010 
ENDBIB               8          0                                 4061700300011 
NOCOMMON             0          0                                 4061700300012 
DATA                 3         54                                 4061700300013 
EN         DATA       ERR-S                                       4061700300014 
MEV        B          B                                           4061700300015 
 4.5800E-01 8.1200E+00 1.2000E+00                                 4061700300016 
 4.7100E-01 8.2000E+00 7.7000E-01                                 4061700300017 
 4.8400E-01 8.2600E+00 6.0000E-01                                 4061700300018 
 4.9800E-01 8.5800E+00 5.4000E-01                                 4061700300019 
 5.1200E-01 8.4900E+00 5.6000E-01                                 4061700300020 
 5.2700E-01 8.5900E+00 5.6000E-01                                 4061700300021 
 5.4200E-01 8.2700E+00 4.7000E-01                                 4061700300022 
 5.5800E-01 8.2600E+00 4.2000E-01                                 4061700300023 
 5.7500E-01 7.9600E+00 4.4000E-01                                 4061700300024 
 5.9200E-01 8.1300E+00 3.8000E-01                                 4061700300025 
 6.1000E-01 7.9600E+00 3.3000E-01                                 4061700300026 
 6.2900E-01 7.9900E+00 3.1000E-01                                 4061700300027 
 6.4800E-01 7.9100E+00 3.0000E-01                                 4061700300028 
 6.6800E-01 7.7300E+00 2.6000E-01                                 4061700300029 
 6.8900E-01 7.4400E+00 2.8000E-01                                 4061700300030 
 7.1100E-01 7.2500E+00 2.9000E-01                                 4061700300031 
 7.3400E-01 7.2200E+00 2.7000E-01                                 4061700300032 
 7.5800E-01 7.0900E+00 2.5000E-01                                 4061700300033 
 7.8300E-01 7.2300E+00 2.4000E-01                                 4061700300034 
 8.1000E-01 7.2400E+00 2.2000E-01                                 4061700300035 
 8.3700E-01 7.3600E+00 2.2000E-01                                 4061700300036 
 8.6600E-01 7.4200E+00 2.7000E-01                                 4061700300037 
 8.9600E-01 7.5600E+00 2.7000E-01                                 4061700300038 
 9.2700E-01 7.5900E+00 2.7000E-01                                 4061700300039 
 9.6000E-01 7.5800E+00 3.0000E-01                                 4061700300040 
 9.9400E-01 7.2500E+00 3.2000E-01                                 4061700300041 
 1.0310E+00 7.1700E+00 2.6000E-01                                 4061700300042 
 1.0690E+00 7.1000E+00 2.7000E-01                                 4061700300043 
 1.1090E+00 6.8700E+00 2.6000E-01                                 4061700300044 
 1.1510E+00 6.8700E+00 2.2000E-01                                 4061700300045 
 1.1950E+00 6.7800E+00 2.3000E-01                                 4061700300046 
 1.2420E+00 6.7000E+00 2.6000E-01                                 4061700300047 
 1.2910E+00 6.1500E+00 2.9000E-01                                 4061700300048 
 1.3430E+00 5.9500E+00 2.9000E-01                                 4061700300049 
 1.3950E+00 5.6100E+00 2.9000E-01                                 4061700300050 
 1.4550E+00 5.7500E+00 2.9000E-01                                 4061700300051 
 1.5160E+00 5.2900E+00 2.4000E-01                                 4061700300052 
 1.5800E+00 5.5300E+00 2.3000E-01                                 4061700300053 
 1.6500E+00 5.4200E+00 2.3000E-01                                 4061700300054 
 1.7100E+00 5.2300E+00 2.0000E-01                                 4061700300055 
 1.7700E+00 5.0400E+00 1.9000E-01                                 4061700300056 
 1.8400E+00 5.1400E+00 1.9000E-01                                 4061700300057 
 1.9200E+00 5.0700E+00 1.8000E-01                                 4061700300058 
 1.9900E+00 5.0700E+00 1.9000E-01                                 4061700300059 
 2.0800E+00 5.1700E+00 1.8000E-01                                 4061700300060 
 2.1600E+00 5.1700E+00 1.8000E-01                                 4061700300061 
 2.2600E+00 4.8600E+00 2.0000E-01                                 4061700300062 
 2.3600E+00 4.5900E+00 2.1000E-01                                 4061700300063 
 2.4600E+00 4.4100E+00 1.9000E-01                                 4061700300064 
 2.5800E+00 4.1400E+00 1.9000E-01                                 4061700300065 
 2.7000E+00 4.0500E+00 1.8000E-01                                 4061700300066 
 2.8300E+00 4.1200E+00 1.8000E-01                                 4061700300067 
 2.9700E+00 4.0600E+00 1.6000E-01                                 4061700300068 
 3.1200E+00 4.0200E+00 1.6000E-01                                 4061700300069 
ENDDATA             56          0                                 4061700300070 
ENDSUBENT           69          0                                 4061700399999 
SUBENT        40617004   19850329                             00004061700400001 
BIB                  2          8                                 4061700400002 
REACTION   (42-MO-100(N,TOT),,SIG)                                4061700400003 
SAMPLE      MO-92  CONTENT IS  1.52 PERCENT                       4061700400004 
            MO-94  CONTENT IS  1.22 PERCENT                       4061700400005 
            MO-95  CONTENT IS  1.74 PERCENT                       4061700400006 
            MO-96  CONTENT IS  2.08 PERCENT                       4061700400007 
            MO-97  CONTENT IS  2.12 PERCENT                       4061700400008 
            MO-98  CONTENT IS  4.33 PERCENT                       4061700400009 
            MO-100 CONTENT IS 86.99 PERCENT                       4061700400010 
ENDBIB               8          0                                 4061700400011 
NOCOMMON             0          0                                 4061700400012 
DATA                 3         54                                 4061700400013 
EN         DATA       ERR-S                                       4061700400014 
MEV        B          B                                           4061700400015 
 4.5800E-01 8.5500E+00 9.8000E-01                                 4061700400016 
 4.7100E-01 8.9800E+00 6.2000E-01                                 4061700400017 
 4.8400E-01 8.8300E+00 5.7000E-01                                 4061700400018 
 4.9800E-01 8.8600E+00 5.7000E-01                                 4061700400019 
 5.1200E-01 9.0200E+00 5.3000E-01                                 4061700400020 
 5.2700E-01 8.6400E+00 5.2000E-01                                 4061700400021 
 5.4200E-01 8.1900E+00 4.8000E-01                                 4061700400022 
 5.5800E-01 7.9800E+00 4.5000E-01                                 4061700400023 
 5.7500E-01 7.8600E+00 3.8000E-01                                 4061700400024 
 5.9200E-01 7.9300E+00 3.4000E-01                                 4061700400025 
 6.1000E-01 7.9600E+00 3.1000E-01                                 4061700400026 
 6.2900E-01 8.0700E+00 3.1000E-01                                 4061700400027 
 6.4800E-01 7.8100E+00 3.0000E-01                                 4061700400028 
 6.6800E-01 7.7000E+00 2.6000E-01                                 4061700400029 
 6.8900E-01 7.5400E+00 2.5000E-01                                 4061700400030 
 7.1100E-01 7.5300E+00 5.3000E-01                                 4061700400031 
 7.3400E-01 7.4300E+00 2.3000E-01                                 4061700400032 
 7.5800E-01 7.5600E+00 2.4000E-01                                 4061700400033 
 7.8300E-01 7.7100E+00 2.4000E-01                                 4061700400034 
 8.1000E-01 7.7700E+00 2.4000E-01                                 4061700400035 
 8.3700E-01 7.5700E+00 2.3000E-01                                 4061700400036 
 8.6600E-01 7.4200E+00 2.3000E-01                                 4061700400037 
 8.9600E-01 7.2800E+00 2.2000E-01                                 4061700400038 
 9.2700E-01 7.1600E+00 2.3000E-01                                 4061700400039 
 9.6000E-01 7.1400E+00 2.4000E-01                                 4061700400040 
 9.9400E-01 7.0700E+00 2.4000E-01                                 4061700400041 
 1.0310E+00 7.2400E+00 2.2000E-01                                 4061700400042 
 1.0690E+00 7.1200E+00 2.1000E-01                                 4061700400043 
 1.1090E+00 6.9700E+00 2.0000E-01                                 4061700400044 
 1.1510E+00 6.9400E+00 2.4000E-01                                 4061700400045 
 1.1950E+00 6.8700E+00 2.9000E-01                                 4061700400046 
 1.2420E+00 6.5600E+00 3.2000E-01                                 4061700400047 
 1.2910E+00 6.3300E+00 3.3000E-01                                 4061700400048 
 1.3430E+00 6.1900E+00 3.2000E-01                                 4061700400049 
 1.3950E+00 5.8200E+00 2.9000E-01                                 4061700400050 
 1.4550E+00 5.7900E+00 2.1000E-01                                 4061700400051 
 1.5160E+00 5.9300E+00 1.8000E-01                                 4061700400052 
 1.5800E+00 5.9800E+00 1.8000E-01                                 4061700400053 
 1.6500E+00 5.8000E+00 1.8000E-01                                 4061700400054 
 1.7100E+00 5.7700E+00 1.6000E-01                                 4061700400055 
 1.7700E+00 5.5800E+00 1.6000E-01                                 4061700400056 
 1.8400E+00 5.4700E+00 1.5000E-01                                 4061700400057 
 1.9200E+00 5.3100E+00 1.5000E-01                                 4061700400058 
 1.9900E+00 5.3100E+00 1.5000E-01                                 4061700400059 
 2.0800E+00 5.3200E+00 1.6000E-01                                 4061700400060 
 2.1600E+00 5.2400E+00 1.6000E-01                                 4061700400061 
 2.2600E+00 5.0900E+00 1.6000E-01                                 4061700400062 
 2.3600E+00 4.8400E+00 1.6000E-01                                 4061700400063 
 2.4600E+00 4.6900E+00 1.6000E-01                                 4061700400064 
 2.5800E+00 4.5100E+00 1.6000E-01                                 4061700400065 
 2.7000E+00 4.5100E+00 1.6000E-01                                 4061700400066 
 2.8300E+00 4.3800E+00 1.5000E-01                                 4061700400067 
 2.9700E+00 4.3900E+00 1.5000E-01                                 4061700400068 
 3.1200E+00 4.3800E+00 1.5000E-01                                 4061700400069 
ENDDATA             56          0                                 4061700400070 
ENDSUBENT           69          0                                 4061700499999 
SUBENT        40617005   19850329                             00004061700500001 
BIB                  2          6                                 4061700500002 
REACTION   (40-ZR-90(N,TOT),,SIG)                                 4061700500003 
SAMPLE      ZR-90  CONTENT IS 97.2  PERCENT                       4061700500004 
            ZR-91  CONTENT IS  0.75 PERCENT                       4061700500005 
            ZR-92  CONTENT IS  0.79 PERCENT                       4061700500006 
            ZR-94  CONTENT IS  0.96 PERCENT                       4061700500007 
            ZR-96  CONTENT IS  0.30 PERCENT                       4061700500008 
ENDBIB               6          0                                 4061700500009 
NOCOMMON             0          0                                 4061700500010 
DATA                 3          4                                 4061700500011 
EN         DATA       ERR-S                                       4061700500012 
MEV        B          B                                           4061700500013 
 4.4200E-01 9.9800E+00 1.2900E+00                                 4061700500014 
 5.0700E-01 7.3400E+00 6.5000E-01                                 4061700500015 
 5.7200E-01 8.4500E+00 2.3000E-01                                 4061700500016 
 6.3700E-01 8.0700E+00 1.7000E-01                                 4061700500017 
ENDDATA              6          0                                 4061700500018 
ENDSUBENT           17          0                                 4061700599999 
SUBENT        40617006   19850329                             00004061700600001 
BIB                  2          6                                 4061700600002 
REACTION   (40-ZR-91(N,TOT),,SIG)                                 4061700600003 
SAMPLE      ZR-90 CONTENT IS   5.80 PERCENT                       4061700600004 
            ZR-91 CONTENT IS  89.3  PERCENT                       4061700600005 
            ZR-92 CONTENT IS   3.14 PERCENT                       4061700600006 
            ZR-94 CONTENT IS   1.50 PERCENT                       4061700600007 
            ZR-96 CONTENT IS   0.26 PERCENT                       4061700600008 
ENDBIB               6          0                                 4061700600009 
NOCOMMON             0          0                                 4061700600010 
DATA                 3          4                                 4061700600011 
EN         DATA       ERR-S                                       4061700600012 
MEV        B          B                                           4061700600013 
 4.4200E-01 1.0850E+01 1.0600E+00                                 4061700600014 
 5.0700E-01 8.7700E+00 5.6000E-01                                 4061700600015 
 5.7200E-01 9.4600E+00 2.1000E-01                                 4061700600016 
 6.3700E-01 8.9400E+00 3.3000E-01                                 4061700600017 
ENDDATA              6          0                                 4061700600018 
ENDSUBENT           17          0                                 4061700699999 
SUBENT        40617007   19850329                             00004061700700001 
BIB                  2          6                                 4061700700002 
REACTION   (40-ZR-92(N,TOT),,SIG)                                 4061700700003 
SAMPLE      ZR-90 CONTENT IS   4.46 PERCENT                       4061700700004 
            ZR-91 CONTENT IS   1.47 PERCENT                       4061700700005 
            ZR-92 CONTENT IS  92.0  PERCENT                       4061700700006 
            ZR-94 CONTENT IS   1.82 PERCENT                       4061700700007 
            ZR-96 CONTENT IS   0.25 PERCENT                       4061700700008 
ENDBIB               6          0                                 4061700700009 
NOCOMMON             0          0                                 4061700700010 
DATA                 3          4                                 4061700700011 
EN         DATA       ERR-S                                       4061700700012 
MEV        B          B                                           4061700700013 
 4.4200E-01 1.2740E+01 1.7000E+00                                 4061700700014 
 5.0700E-01 8.7900E+00 5.7000E-01                                 4061700700015 
 5.7200E-01 9.5200E+00 2.0000E-01                                 4061700700016 
 6.3700E-01 8.4800E+00 1.1000E-01                                 4061700700017 
ENDDATA              6          0                                 4061700700018 
ENDSUBENT           17          0                                 4061700799999 
SUBENT        40617008   19850329                             00004061700800001 
BIB                  2          6                                 4061700800002 
REACTION   (40-ZR-94(N,TOT),,SIG)                                 4061700800003 
SAMPLE      ZR-90 CONTENT IS   4.29 PERCENT                       4061700800004 
            ZR-91 CONTENT IS   1.34 PERCENT                       4061700800005 
            ZR-92 CONTENT IS   1.90 PERCENT                       4061700800006 
            ZR-94 CONTENT IS  92.2  PERCENT                       4061700800007 
            ZR-96 CONTENT IS   0.27 PERCENT                       4061700800008 
ENDBIB               6          0                                 4061700800009 
NOCOMMON             0          0                                 4061700800010 
DATA                 3          4                                 4061700800011 
EN         DATA       ERR-S                                       4061700800012 
MEV        B          B                                           4061700800013 
 4.4200E-01 1.0180E+01 2.1100E+00                                 4061700800014 
 5.0700E-01 9.7200E+00 5.1000E-01                                 4061700800015 
 5.7200E-01 1.0180E+01 2.4000E-01                                 4061700800016 
 6.3700E-01 8.7900E+00 5.4000E-01                                 4061700800017 
ENDDATA              6          0                                 4061700800018 
ENDSUBENT           17          0                                 4061700899999 
ENDENTRY             8          0                                 4061799999999 
