ENTRY            40635   19850702                             00004063500000001 
SUBENT        40635001   19850702                             00004063500100001 
BIB                  9         10                                 4063500100002 
INSTITUTE  (4CCPIFL)                                              4063500100003 
REFERENCE  (C,83MOSCOW,,119,8304)                                 4063500100004 
AUTHOR     (JA.JA.BERZIN',T.V.GUSEVA,P.T.PROKOF'EV,JU.JA.TAMBERG) 4063500100005 
TITLE      THE INVESTIGATION OF GD-156 IN (N,N'G) REACTION        4063500100006 
INC-SOURCE (REAC) REACTOR IRT OF IFL                              4063500100007 
SAMPLE      GD203 TARGET,WEIGHT 17.GRAMM,ENRICHMENT 95.5PC OF     4063500100008 
            GD-156                                                4063500100009 
DETECTOR   (GELI)                                                 4063500100010 
MONITOR    (26-FE-56(N,INL)26-FE-56,,SPC)                         4063500100011 
HISTORY    (840517C)                                              4063500100012 
ENDBIB              10          0                                 4063500100013 
COMMON               4          3                                 4063500100014 
EN-MIN     EN-MAX     ANG        E-NRM                            4063500100015 
KEV        KEV        ADEG       KEV                              4063500100016 
 6.0000E+01 3.0000E+03 9.0000E+01 8.4600E+02                      4063500100017 
ENDCOMMON            3          0                                 4063500100018 
ENDSUBENT           17          0                                 4063500199999 
SUBENT        40635002   19850702                             00004063500200001 
BIB                  1          2                                 4063500200002 
REACTION   (64-GD-156(N,INL)64-GD-156,,SPC,,REL) RELATIVELY SPC   4063500200003 
            OF FE-56 FOR E=846KEV                                 4063500200004 
ENDBIB               2          0                                 4063500200005 
NOCOMMON             0          0                                 4063500200006 
DATA                 4         39                                 4063500200007 
E          E-ERR      DATA       DATA-ERR                         4063500200008 
KEV        KEV        ARB-UNITS  ARB-UNITS                        4063500200009 
 1.2075E+02 2.7000E-01 3.0000E+00 3.0000E-01                      4063500200010 
 1.2635E+02 1.9000E-01 3.8000E+00 4.0000E-01                      4063500200011 
 4.2172E+02 2.3000E-01 2.1000E+00 3.0000E-01                      4063500200012 
 6.6340E+02 2.9000E-01 2.1000E+00 4.0000E-01                      4063500200013 
 7.9408E+02 2.8000E-01 2.0000E+00 3.0000E-01                      4063500200014 
 8.1955E+02 2.3000E-01 3.7000E+00 4.0000E-01                      4063500200015 
 9.2437E+02 3.3000E-01 3.6000E+00 7.0000E-01                      4063500200016 
 9.5623E+02 2.5000E-01 3.4000E+00 4.0000E-01                      4063500200017 
 9.9902E+02 3.0000E-01 2.7000E+00 5.0000E-01                      4063500200018 
 1.1163E+03 7.0000E-01 3.4000E+00 1.0000E-01                      4063500200019 
 1.1381E+03 5.0000E-01 2.2000E+00 3.0000E-01                      4063500200020 
 1.1834E+03 3.7000E-01 6.9000E+00 1.1000E+00                      4063500200021 
 1.1986E+03 7.0000E-01 3.0000E+00 9.0000E-01                      4063500200022 
 1.2053E+03 3.3000E-01 6.0000E+00 7.0000E-01                      4063500200023 
 1.2151E+03 2.4000E-01 4.1000E+00 5.0000E-01                      4063500200024 
 1.2837E+03 2.0000E-01 2.8000E+00 3.0000E-01                      4063500200025 
 1.2911E+03 1.3000E-01 5.8000E+00 4.0000E-01                      4063500200026 
 1.3252E+03 2.1000E-01 3.1000E+00 3.0000E-01                      4063500200027 
 1.3538E+03 3.3000E-01 2.1000E+00 3.0000E-01                      4063500200028 
 1.4079E+03 4.0000E-01 2.1000E+00 4.0000E-01                      4063500200029 
 1.4094E+03 5.0000E-01 2.9000E+00 7.0000E-01                      4063500200030 
 1.4556E+03 4.0000E-01 2.7000E+00 4.0000E-01                      4063500200031 
 1.4628E+03 2.2000E-01 2.5000E+00 4.0000E-01                      4063500200032 
 1.4979E+03 2.9000E-01 2.2000E+00 5.0000E-01                      4063500200033 
 1.5071E+03 1.8000E-01 4.6000E+00 5.0000E-01                      4063500200034 
 1.7070E+03 4.0000E-01 5.2000E+00 8.0000E-01                      4063500200035 
 1.8103E+03 2.4000E-01 3.3000E+00 3.0000E-01                      4063500200036 
 1.8240E+03 2.1000E-01 4.3000E+00 4.0000E-01                      4063500200037 
 1.9093E+03 8.0000E-01 3.2000E+00 9.0000E-01                      4063500200038 
 2.0934E+03 2.6000E-01 3.4000E+00 3.0000E-01                      4063500200039 
 2.1041E+03 3.6000E-01 2.3000E+00 3.0000E-01                      4063500200040 
 2.3048E+03 5.0000E-01 2.4000E+00 5.0000E-01                      4063500200041 
 2.3489E+03 6.0000E-01 2.1000E+00 5.0000E-01                      4063500200042 
 2.3639E+03 5.0000E-01 2.5000E+00 5.0000E-01                      4063500200043 
 2.4378E+03 7.0000E-01 1.7000E+00 5.0000E-01                      4063500200044 
 2.4978E+03 5.0000E-01 2.1000E+00 4.0000E-01                      4063500200045 
 2.5776E+03 5.0000E-01 2.4000E+00 4.0000E-01                      4063500200046 
 2.6633E+03 6.0000E-01 1.7000E+00 5.0000E-01                      4063500200047 
 2.8241E+03 6.0000E-01 1.5000E+00 4.0000E-01                      4063500200048 
ENDDATA             41          0                                 4063500200049 
ENDSUBENT           48          0                                 4063500299999 
ENDENTRY             2          0                                 4063599999999 
