ENTRY            40714   19841024                             00004071400000001 
SUBENT        40714001   19841024                             00004071400100001 
BIB                  8         11                                 4071400100002 
INSTITUTE  (4CCPKUR)                                              4071400100003 
REFERENCE  (J,DOK,128,(6),1157,59)                                4071400100004 
           (J,SPD,4,1074,59)                                      4071400100005 
           (B,SPN,,155,61)                                        4071400100006 
AUTHOR     (B.M.GOKHBERG,G.A.OTROSHCHENKO,V.A.SHIGIN)             4071400100007 
TITLE      EFFECTIVE CROSS SECTIONS AND ANISOTROPIES OF THE       4071400100008 
           FISSION OF NP-237 AND TH-230.                          4071400100009 
FACILITY   (VDG) ELECTROSTATIC ACCELERATOR                        4071400100010 
INC-SOURCE (P-T) PROTON-TRITIUM                                   4071400100011 
DETECTOR   (FISCH) IONIZATION CHAMBER                             4071400100012 
HISTORY    (840418T) CONVERTED FROM ENTRY 80122                   4071400100013 
ENDBIB              11          0                                 4071400100014 
NOCOMMON             0          0                                 4071400100015 
ENDSUBENT           14          0                                 4071400199999 
SUBENT        40714002   19841024                             00004071400200001 
BIB                  2          2                                 4071400200002 
REACTION   (90-TH-230(N,F),,SIG,,REL)                             4071400200003 
STATUS     (SCSRS)                                                4071400200004 
ENDBIB               2          0                                 4071400200005 
NOCOMMON             0          0                                 4071400200006 
DATA                 4         11                                 4071400200007 
EN         EN-RSL     DATA       DATA-ERR                         4071400200008 
MEV        MEV        ARB-UNITS  ARB-UNITS                        4071400200009 
 7.1000E-01 2.0000E-02 1.7000E-01 4.5000E-02                      4071400200010 
 7.5000E-01 2.0000E-02 3.0000E-01 3.0000E-02                      4071400200011 
 8.1000E-01 2.0000E-02 3.0000E-01 3.0000E-02                      4071400200012 
 8.5000E-01 2.0000E-02 1.5000E-01 5.0000E-02                      4071400200013 
 9.0000E-01 2.0000E-02 2.4000E-01 5.0000E-02                      4071400200014 
 9.5000E-01 2.0000E-02 5.2500E-01 5.0000E-02                      4071400200015 
 1.0000E+00 2.0000E-02 8.0000E-01 5.0000E-02                      4071400200016 
 1.0500E+00 2.0000E-02 1.2500E+00 1.0000E-01                      4071400200017 
 1.1000E+00 2.0000E-02 1.9000E+00 1.0000E-01                      4071400200018 
 1.1500E+00 2.0000E-02 2.4500E+00 1.0000E-01                      4071400200019 
 1.2000E+00 2.0000E-02 2.7300E+00 1.0000E-01                      4071400200020 
ENDDATA             13          0                                 4071400200021 
ENDSUBENT           20          0                                 4071400299999 
SUBENT        40714003   19841024                             00004071400300001 
BIB                  2          2                                 4071400300002 
REACTION   (93-NP-237(N,F),,SIG)                                  4071400300003 
STATUS     (SCSRS)                                                4071400300004 
ENDBIB               2          0                                 4071400300005 
NOCOMMON             0          0                                 4071400300006 
DATA                 4         25                                 4071400300007 
EN         EN-RSL     DATA       DATA-ERR                         4071400300008 
MEV        MEV        B          B                                4071400300009 
 1.2000E-02 3.0000E-03 2.0000E-02                                 4071400300010 
 2.0000E-02            2.0000E-02                                 4071400300011 
 4.5000E-02            4.0000E-02                                 4071400300012 
 6.0000E-02            2.0000E-02                                 4071400300013 
 1.5000E-01            4.0000E-02 5.0000E-03                      4071400300014 
 2.3000E-01            5.0000E-02 1.0000E-02                      4071400300015 
 3.0000E-01            7.0000E-02 1.0000E-02                      4071400300016 
 3.5000E-01 2.0000E-02 1.1000E-01 2.0000E-02                      4071400300017 
 4.0000E-01 2.0000E-02 1.8000E-01 1.0000E-02                      4071400300018 
 4.4500E-01 2.0000E-02 3.2000E-01 2.0000E-02                      4071400300019 
 5.1000E-01 2.0000E-02 4.8000E-01 2.0000E-02                      4071400300020 
 5.7000E-01 2.0000E-02 6.3000E-01 1.0000E-02                      4071400300021 
 6.3000E-01 2.0000E-02 7.3000E-01 3.0000E-02                      4071400300022 
 6.7500E-01 2.0000E-02 9.1000E-01 3.0000E-02                      4071400300023 
 7.3500E-01 2.0000E-02 9.8000E-01 3.0000E-02                      4071400300024 
 8.0000E-01 2.0000E-02 1.0900E+00 4.0000E-02                      4071400300025 
 8.4000E-01 2.0000E-02 1.1600E+00 4.0000E-02                      4071400300026 
 9.0000E-01 2.0000E-02 1.2400E+00 5.0000E-02                      4071400300027 
 9.5000E-01 2.0000E-02 1.2400E+00 4.0000E-02                      4071400300028 
 1.0000E+00 2.0000E-02 1.3000E+00 4.0000E-02                      4071400300029 
 1.1000E+00 2.0000E-02 1.3300E+00 4.0000E-02                      4071400300030 
 1.2000E+00 2.0000E-02 1.3100E+00 4.0000E-02                      4071400300031 
 1.3000E+00 2.0000E-02 1.4000E+00 4.0000E-02                      4071400300032 
 1.4000E+00 2.0000E-02 1.4100E+00 5.0000E-02                      4071400300033 
 1.5000E+00 2.0000E-02 1.4000E+00 5.0000E-02                      4071400300034 
ENDDATA             27          0                                 4071400300035 
ENDSUBENT           34          0                                 4071400399999 
ENDENTRY             3          0                                 4071499999999 
