ENTRY            40786   20231113                             421640786  0    1 
SUBENT        40786001   20231113                             421640786  1    1 
BIB                  7         14                                 40786  1    2 
TITLE       MEasurements of the energy dependence of radiative    40786  1    3 
            neutron capture in iron, silver, and gold at energies 40786  1    4 
            up to 30 keV                                          40786  1    5 
AUTHOR     (A.I.Isakov,Yu.P.Popov,F.L.Shapiro)                    40786  1    6 
REFERENCE  (J,JET,11,712,1960) Engl.translation of ZET,38,989,196040786  1    7 
           (J,ZET,38,989,1960) Issue 3.                           40786  1    8 
INSTITUTE  (4RUSLEB)                                              40786  1    9 
METHOD     (SLODT) Slowing-down time in lead.                     40786  1   10 
REL-REF    (O,40799004,V.A.Konks+,J,JET,19,59,1964)               40786  1   11 
            Final data for Au.                                    40786  1   12 
HISTORY    (19840807T) Converted from ENTRY 80234                 40786  1   13 
           (20231113U) BIB information was updated.               40786  1   14 
            Upper -> lower case correction.                       40786  1   15 
            Dates were corrected for 4-digits year.               40786  1   16 
ENDBIB              14          0                                 40786  1   17 
NOCOMMON             0          0                                 40786  1   18 
ENDSUBENT           17          0                                 40786  199999 
SUBENT        40786002   20231113                             421640786  2    1 
BIB                  5          7                                 40786  2    2 
REACTION   (47-AG-0(N,G),,SIG,,SDT)                               40786  2    3 
SAMPLE      Metallic silver, effective thicknesses 0.6 and 0.2 mm 40786  2    4 
ERR-ANALYS (DATA-ERR) Type of uncertainty is not known.           40786  2    5 
STATUS     (SCSRS) Source of data is not clear - from authors or  40786  2    6 
           digitized Fig.3.                                       40786  2    7 
HISTORY    (20231113A) Code SDT was added in reaction according to40786  2    8 
           a comment from NDS,IAEA.                               40786  2    9 
ENDBIB               7          0                                 40786  2   10 
NOCOMMON             0          0                                 40786  2   11 
DATA                 3         37                                 40786  2   12 
EN         DATA       DATA-ERR                                    40786  2   13 
MEV        B          B                                           40786  2   14 
 3.7000E-05 3.1000E+01                                            40786  2   15 
 4.0000E-05 3.5000E+01                                            40786  2   16 
 4.5000E-05 4.1500E+01                                            40786  2   17 
 5.0000E-05 4.2500E+01 2.5000E+00                                 40786  2   18 
 5.5000E-05 3.7000E+01                                            40786  2   19 
 6.6000E-05 2.6000E+01                                            40786  2   20 
 7.2000E-05 2.2000E+01                                            40786  2   21 
 8.0000E-05 1.5500E+01                                            40786  2   22 
 8.8000E-05 9.7000E+00 5.0000E-01                                 40786  2   23 
 1.0000E-04 6.2000E+00                                            40786  2   24 
 1.1200E-04 7.1000E+00                                            40786  2   25 
 1.2500E-04 8.9000E+00                                            40786  2   26 
 1.4500E-04 1.1200E+01                                            40786  2   27 
 1.7500E-04 1.0300E+01                                            40786  2   28 
 2.0000E-04 8.7000E+00                                            40786  2   29 
 2.2000E-04 7.3000E+00                                            40786  2   30 
 2.5000E-04 7.3000E+00                                            40786  2   31 
 2.8500E-04 7.5000E+00                                            40786  2   32 
 3.5000E-04 8.0000E+00                                            40786  2   33 
 4.0000E-04 8.1000E+00                                            40786  2   34 
 4.5000E-04 8.3000E+00 3.0000E-01                                 40786  2   35 
 4.9000E-04 8.3000E+00                                            40786  2   36 
 5.4000E-04 7.7000E+00                                            40786  2   37 
 6.1000E-04 7.3000E+00                                            40786  2   38 
 6.9000E-04 6.1000E+00                                            40786  2   39 
 7.8000E-04 5.4000E+00 3.0000E-01                                 40786  2   40 
 8.9000E-04 5.0500E+00                                            40786  2   41 
 1.0400E-03 4.9000E+00                                            40786  2   42 
 1.2250E-03 4.8000E+00                                            40786  2   43 
 1.4200E-03 4.5000E+00                                            40786  2   44 
 1.7000E-03 3.9500E+00 3.5000E-01                                 40786  2   45 
 2.1500E-03 3.4000E+00                                            40786  2   46 
 2.6500E-03 2.8500E+00                                            40786  2   47 
 3.4000E-03 2.6000E+00                                            40786  2   48 
 4.6000E-03 2.3000E+00                                            40786  2   49 
 6.4000E-03 2.0500E+00                                            40786  2   50 
 9.8000E-03 1.7500E+00 1.0000E-01                                 40786  2   51 
ENDDATA             39          0                                 40786  2   52 
ENDSUBENT           51          0                                 40786  299999 
SUBENT        40786003   20231113                             421640786  3    1 
BIB                  6          8                                 40786  3    2 
REACTION   (26-FE-0(N,G),,SIG,,SDT)                               40786  3    3 
SAMPLE     Samples of varying thicknesses of 99.7 % iron and iron 40786  3    4 
           oxide.                                                 40786  3    5 
MONITOR    (26-FE-0(N,G),,SIG)                                    40786  3    6 
ERR-ANALYS (DATA-ERR) Type of uncertainty is not known.           40786  3    7 
STATUS     (SCSRS) Source of data is not clear - from authors or  40786  3    8 
           digitized Fig.1.                                       40786  3    9 
HISTORY    (20231113A) Monitor information was added.             40786  3   10 
ENDBIB               8          0                                 40786  3   11 
COMMON               3          3                                 40786  3   12 
EN-NRM     MONIT      MONIT-ERR                                   40786  3   13 
EV         B          B                                           40786  3   14 
 0.0253     2.53       0.06                                       40786  3   15 
ENDCOMMON            3          0                                 40786  3   16 
DATA                 3        127                                 40786  3   17 
EN         DATA       DATA-ERR                                    40786  3   18 
MEV        B          B                                           40786  3   19 
 2.7000E-07 7.9000E-01                                            40786  3   20 
 3.0500E-07 6.7000E-01                                            40786  3   21 
 3.5500E-07 6.8000E-01                                            40786  3   22 
 4.2000E-07 6.3000E-01                                            40786  3   23 
 4.7000E-07 6.2000E-01                                            40786  3   24 
 5.2000E-07 6.2000E-01                                            40786  3   25 
 5.7500E-07 5.8000E-01                                            40786  3   26 
 6.1000E-07 4.9000E-01                                            40786  3   27 
 7.7000E-07 4.8000E-01                                            40786  3   28 
 8.3000E-07 4.6000E-01                                            40786  3   29 
 9.1000E-07 4.4000E-01                                            40786  3   30 
 1.0000E-06 4.7000E-01                                            40786  3   31 
 1.1000E-06 3.9000E-01                                            40786  3   32 
 1.2000E-06 3.8500E-01                                            40786  3   33 
 1.2500E-06 3.4500E-01                                            40786  3   34 
 1.3000E-06 3.6500E-01                                            40786  3   35 
 1.4000E-06 3.3500E-01                                            40786  3   36 
 1.4700E-06 3.3000E-01                                            40786  3   37 
 1.5500E-06 3.2700E-01                                            40786  3   38 
 1.6500E-06 3.2000E-01                                            40786  3   39 
 1.7500E-06 3.1000E-01                                            40786  3   40 
 1.9000E-06 3.0000E-01                                            40786  3   41 
 2.0000E-06 3.1000E-01                                            40786  3   42 
 2.1500E-06 2.8500E-01                                            40786  3   43 
 2.3000E-06 2.9000E-01                                            40786  3   44 
 2.5000E-06 3.0000E-01                                            40786  3   45 
 2.6500E-06 2.6000E-01                                            40786  3   46 
 2.8500E-06 2.6500E-01                                            40786  3   47 
 3.1000E-06 2.4500E-01                                            40786  3   48 
 3.4000E-06 2.2000E-01                                            40786  3   49 
 3.7000E-06 2.2000E-01                                            40786  3   50 
 4.0500E-06 2.0700E-01                                            40786  3   51 
 4.4500E-06 1.8500E-01                                            40786  3   52 
 4.9000E-06 1.8000E-01                                            40786  3   53 
 5.5000E-06 1.7000E-01                                            40786  3   54 
 6.1000E-06 1.6500E-01                                            40786  3   55 
 7.0000E-06 1.5000E-01                                            40786  3   56 
 7.8000E-06 1.4200E-01                                            40786  3   57 
 9.0000E-06 1.4000E-01                                            40786  3   58 
 1.0300E-05 1.2700E-01                                            40786  3   59 
 1.0500E-05 1.2500E-01                                            40786  3   60 
 1.2200E-05 1.1700E-01                                            40786  3   61 
 1.4500E-05 1.0500E-01                                            40786  3   62 
 1.5000E-05 1.1500E-01                                            40786  3   63 
 1.7500E-05 8.9000E-02                                            40786  3   64 
 1.8500E-05 1.0200E-01                                            40786  3   65 
 2.0500E-05 9.6000E-02                                            40786  3   66 
 2.1000E-05 8.2000E-02                                            40786  3   67 
 2.3000E-05 9.2000E-02                                            40786  3   68 
 2.6000E-05 8.3000E-02                                            40786  3   69 
 2.6500E-05 9.0000E-02                                            40786  3   70 
 2.9500E-05 7.8000E-02                                            40786  3   71 
 3.3000E-05 7.3000E-02                                            40786  3   72 
 3.5000E-05 6.8000E-02                                            40786  3   73 
 3.7000E-05 7.4000E-02                                            40786  3   74 
 4.0500E-05 6.8000E-02                                            40786  3   75 
 4.3500E-05 6.5000E-02                                            40786  3   76 
 4.8000E-05 6.7000E-02                                            40786  3   77 
 5.3000E-05 6.8000E-02                                            40786  3   78 
 5.6000E-05 6.4000E-02                                            40786  3   79 
 6.0000E-05 6.0000E-02                                            40786  3   80 
 6.4000E-05 5.2000E-02 7.0000E-03                                 40786  3   81 
 6.9000E-05 4.8000E-02                                            40786  3   82 
 7.5000E-05 5.2500E-02                                            40786  3   83 
 8.1000E-05 4.7000E-02                                            40786  3   84 
 8.9000E-05 4.4000E-02                                            40786  3   85 
 9.5000E-05 3.8500E-02                                            40786  3   86 
 1.0200E-04 3.7500E-02                                            40786  3   87 
 1.0800E-04 4.2000E-02                                            40786  3   88 
 1.2000E-04 4.1000E-02                                            40786  3   89 
 1.2500E-04 3.6000E-02                                            40786  3   90 
 1.2800E-04 4.5500E-02                                            40786  3   91 
 1.3500E-04 4.1500E-02                                            40786  3   92 
 1.4700E-04 3.8500E-02                                            40786  3   93 
 1.5000E-04 4.1500E-02                                            40786  3   94 
 1.5700E-04 3.4500E-02                                            40786  3   95 
 1.7000E-04 3.2500E-02                                            40786  3   96 
 1.7500E-04 2.6500E-02 8.0000E-03                                 40786  3   97 
 1.9000E-04 2.7500E-02                                            40786  3   98 
 2.0500E-04 2.7000E-02                                            40786  3   99 
 2.2000E-04 2.9000E-02                                            40786  3  100 
 2.4200E-04 2.3500E-02                                            40786  3  101 
 2.5500E-04 2.5500E-02                                            40786  3  102 
 2.7000E-04 2.6000E-02 3.5000E-03                                 40786  3  103 
 2.9500E-04 2.7000E-02                                            40786  3  104 
 3.1500E-04 3.0000E-02                                            40786  3  105 
 3.4000E-04 3.1000E-02 3.0000E-03                                 40786  3  106 
 3.8000E-04 2.9500E-02                                            40786  3  107 
 4.1500E-04 2.3500E-02                                            40786  3  108 
 4.6000E-04 2.2000E-02 3.0000E-03                                 40786  3  109 
 5.1000E-04 1.9000E-02                                            40786  3  110 
 5.2000E-04 1.6000E-02                                            40786  3  111 
 5.7000E-04 1.6000E-02                                            40786  3  112 
 6.0000E-04 1.6500E-02                                            40786  3  113 
 6.5000E-04 1.5500E-02                                            40786  3  114 
 6.8000E-04 1.6000E-02 4.0000E-03                                 40786  3  115 
 7.3000E-04 1.6800E-02                                            40786  3  116 
 7.7000E-04 1.5800E-02                                            40786  3  117 
 8.2000E-04 2.0500E-02                                            40786  3  118 
 8.8000E-04 3.4000E-02                                            40786  3  119 
 9.3000E-04 6.4000E-02 4.0000E-03                                 40786  3  120 
 1.0000E-03 1.0200E-01                                            40786  3  121 
 1.0800E-03 1.4500E-01                                            40786  3  122 
 1.1700E-03 1.6500E-01                                            40786  3  123 
 1.2500E-03 1.5500E-01                                            40786  3  124 
 1.4200E-03 1.2500E-01                                            40786  3  125 
 1.4700E-03 9.2000E-02                                            40786  3  126 
 1.6200E-03 6.0000E-02                                            40786  3  127 
 1.7800E-03 3.7000E-02                                            40786  3  128 
 1.9500E-03 2.4500E-02                                            40786  3  129 
 2.1500E-03 2.0500E-02                                            40786  3  130 
 2.4500E-03 1.3500E-02                                            40786  3  131 
 2.7000E-03 1.1000E-02                                            40786  3  132 
 3.0200E-03 7.7000E-03                                            40786  3  133 
 3.4500E-03 8.6000E-03                                            40786  3  134 
 3.9800E-03 7.7000E-03 2.5000E-03                                 40786  3  135 
 4.6000E-03 8.4000E-03                                            40786  3  136 
 5.3000E-03 9.4000E-03                                            40786  3  137 
 6.3000E-03 1.1700E-02                                            40786  3  138 
 7.6000E-03 1.4200E-02                                            40786  3  139 
 9.4000E-03 1.3200E-02                                            40786  3  140 
 1.1800E-02 9.9800E-03                                            40786  3  141 
 1.4800E-02 7.6000E-03                                            40786  3  142 
 2.0500E-02 6.5000E-03                                            40786  3  143 
 2.8500E-02 6.6000E-03                                            40786  3  144 
 4.3000E-02 6.4000E-03 2.0000E-03                                 40786  3  145 
 7.2000E-02 5.2000E-03 2.0000E-03                                 40786  3  146 
ENDDATA            129          0                                 40786  3  147 
ENDSUBENT          146          0                                 40786  399999 
SUBENT        40786004   20231113                             421640786  4    1 
BIB                  3          8                                 40786  4    2 
REACTION  1(26-FE-56(N,0),,EN)                                    40786  4    3 
          2(26-FE-56(N,G),,WID)                                   40786  4    4 
          3(26-FE-56(N,EL),,WID)                                  40786  4    5 
          4(26-FE-56(N,G),,WID,,S0)                               40786  4    6 
ERR-ANALYS (DATA-ERR) Type of uncertainty is not explained in the 40786  4    7 
           article.                                               40786  4    8 
           (ERR-S) Statistical uncertainty.                       40786  4    9 
STATUS     (TABLE,,A.I.Isakov+,J,JET,11,712,1960) Text on page 71240786  4   10 
ENDBIB               8          0                                 40786  4   11 
NOCOMMON             0          0                                 40786  4   12 
DATA                 6          1                                 40786  4   13 
DATA      1DATA-ERR  1DATA-MIN  2DATA-APRX 3DATA      4ERR-S     440786  4   14 
EV         MEV        EV         EV         B*EV       B*EV       40786  4   15 
 1180.      80.        0.8           5. E-02  74.       7.        40786  4   16 
ENDDATA              3          0                                 40786  4   17 
ENDSUBENT           16          0                                 40786  499999 
ENDENTRY             4          0                                 4078699999999 
