ENTRY            40819   19840918                             00004081900000001 
SUBENT        40819001   19840918                             00004081900100001 
BIB                  5          6                                 4081900100002 
INSTITUTE  (4ZZZDUB)                                              4081900100003 
REFERENCE  (R,JINR-1845,100,6406)                                 4081900100004 
AUTHOR     (V.A.KONKS,JU.I.FENIN)                                 4081900100005 
TITLE      AVERAGE CROSS SECTIONS OF THE NEUTRON RADIATION CAPTURE4081900100006 
           BY SOME HEAVY NUCLEI WITH AN ODD Z.                    4081900100007 
HISTORY    (840918T) CONVERTED FROM ENTRY 80279                   4081900100008 
ENDBIB               6          0                                 4081900100009 
NOCOMMON             0          0                                 4081900100010 
ENDSUBENT            9          0                                 4081900199999 
SUBENT        40819002   19840918                             00004081900200001 
BIB                  2          2                                 4081900200002 
REACTION   (63-EU-0(N,G),,SIG)                                    4081900200003 
STATUS     (SCSRS)                                                4081900200004 
ENDBIB               2          0                                 4081900200005 
NOCOMMON             0          0                                 4081900200006 
DATA                 2         13                                 4081900200007 
EN         DATA                                                   4081900200008 
MEV        B                                                      4081900200009 
 2.2000E-06 2.6000E+02                                            4081900200010 
 3.0000E-06 3.3000E+02                                            4081900200011 
 3.5000E-06 3.4500E+02                                            4081900200012 
 4.1000E-06 2.7000E+02                                            4081900200013 
 5.2000E-06 1.6000E+02                                            4081900200014 
 6.2000E-06 1.7500E+02                                            4081900200015 
 8.3000E-06 1.9500E+02                                            4081900200016 
 1.1000E-05 1.8500E+02                                            4081900200017 
 1.6000E-05 1.6000E+02                                            4081900200018 
 2.2000E-05 1.8000E+02                                            4081900200019 
 7.2000E-05 1.0500E+02                                            4081900200020 
 9.3000E-05 1.2000E+02                                            4081900200021 
 1.1500E-04 9.8000E+01                                            4081900200022 
ENDDATA             15          0                                 4081900200023 
ENDSUBENT           22          0                                 4081900299999 
SUBENT        40819003   19840918                             00004081900300001 
BIB                  3          3                                 4081900300002 
REACTION   (63-EU-0(N,G),,SIG)                                    4081900300003 
METHOD     (SLODT)    SLOWING-DOWN TIME                           4081900300004 
STATUS     (SCSRS)                                                4081900300005 
ENDBIB               3          0                                 4081900300006 
NOCOMMON             0          0                                 4081900300007 
DATA                 3         94                                 4081900300008 
EN         DATA       DATA-ERR                                    4081900300009 
MEV        B          B                                           4081900300010 
 7.6000E-07 5.6000E+02                                            4081900300011 
 8.4000E-07 5.2000E+02                                            4081900300012 
 9.3000E-07 4.5000E+02                                            4081900300013 
 1.0500E-06 4.2000E+02                                            4081900300014 
 1.1800E-06 3.5500E+02                                            4081900300015 
 1.2800E-06 2.8500E+02                                            4081900300016 
 1.4000E-06 2.5000E+02                                            4081900300017 
 1.5000E-06 2.2500E+02                                            4081900300018 
 1.6500E-06 2.2000E+02                                            4081900300019 
 1.8000E-06 2.4200E+02                                            4081900300020 
 1.9500E-06 2.7800E+02                                            4081900300021 
 2.0000E-06 3.1600E+02                                            4081900300022 
 2.2000E-06 3.7000E+02                                            4081900300023 
 2.4000E-06 4.3300E+02                                            4081900300024 
 2.5000E-06 4.7000E+02                                            4081900300025 
 2.7000E-06 5.0000E+02                                            4081900300026 
 3.0000E-06 5.6000E+02 6.0000E+00                                 4081900300027 
 3.2000E-06 5.6200E+02                                            4081900300028 
 3.5000E-06 5.6000E+02                                            4081900300029 
 3.8000E-06 5.0000E+02                                            4081900300030 
 4.1000E-06 4.3000E+02                                            4081900300031 
 4.3000E-06 3.6500E+02                                            4081900300032 
 4.5000E-06 2.8000E+02                                            4081900300033 
 4.8000E-06 2.3200E+02                                            4081900300034 
 5.2000E-06 1.9000E+02                                            4081900300035 
 5.7000E-06 1.8500E+02                                            4081900300036 
 6.2000E-06 2.1500E+02                                            4081900300037 
 6.7000E-06 2.4000E+02                                            4081900300038 
 7.3000E-06 2.7500E+02                                            4081900300039 
 8.3000E-06 2.7500E+02                                            4081900300040 
 9.5000E-06 2.5000E+02                                            4081900300041 
 1.1000E-05 2.4000E+02                                            4081900300042 
 1.2300E-05 2.2500E+02                                            4081900300043 
 1.3700E-05 2.1000E+02                                            4081900300044 
 1.4800E-05 1.9500E+02                                            4081900300045 
 1.6000E-05 2.0000E+02                                            4081900300046 
 1.7500E-05 2.1500E+02                                            4081900300047 
 1.8500E-05 2.4300E+02                                            4081900300048 
 2.0700E-05 2.5000E+02                                            4081900300049 
 2.2000E-05 2.3000E+02                                            4081900300050 
 2.4000E-05 2.1000E+02                                            4081900300051 
 2.5500E-05 1.8500E+02                                            4081900300052 
 2.8000E-05 1.6500E+02                                            4081900300053 
 3.1500E-05 1.5000E+02                                            4081900300054 
 3.6500E-05 1.7500E+02                                            4081900300055 
 4.1500E-05 1.8000E+02                                            4081900300056 
 4.6000E-05 1.8300E+02                                            4081900300057 
 5.0000E-05 1.8000E+02                                            4081900300058 
 5.5000E-05 1.7000E+02                                            4081900300059 
 6.2000E-05 1.5200E+02                                            4081900300060 
 6.7000E-05 1.4000E+02                                            4081900300061 
 7.2000E-05 1.2800E+02                                            4081900300062 
 8.2000E-05 1.1600E+02                                            4081900300063 
 9.2000E-05 1.2100E+02 3.0000E+00                                 4081900300064 
 1.1300E-04 9.5000E+01                                            4081900300065 
 1.2800E-04 8.2000E+01                                            4081900300066 
 1.4700E-04 7.6000E+01                                            4081900300067 
 1.6300E-04 7.8000E+01                                            4081900300068 
 1.8500E-04 7.7000E+01                                            4081900300069 
 2.1500E-04 7.0000E+01                                            4081900300070 
 2.5500E-04 7.1000E+01                                            4081900300071 
 3.0000E-04 5.7000E+01                                            4081900300072 
 3.6000E-04 5.3000E+01                                            4081900300073 
 4.1000E-04 5.1000E+01                                            4081900300074 
 4.6000E-04 4.8000E+01                                            4081900300075 
 5.2000E-04 4.5000E+01                                            4081900300076 
 6.2000E-04 4.0000E+01                                            4081900300077 
 6.8000E-04 3.8000E+01                                            4081900300078 
 7.8000E-04 3.5000E+01                                            4081900300079 
 9.0000E-04 3.4500E+01                                            4081900300080 
 1.0000E-03 3.0500E+01 1.2000E+00                                 4081900300081 
 1.0700E-03 2.8500E+01                                            4081900300082 
 1.1700E-03 2.6800E+01                                            4081900300083 
 1.2700E-03 2.6000E+01                                            4081900300084 
 1.4000E-03 2.4000E+01                                            4081900300085 
 1.5000E-03 2.1000E+01                                            4081900300086 
 1.6500E-03 2.1800E+01                                            4081900300087 
 1.8000E-03 2.0000E+01                                            4081900300088 
 2.0000E-03 1.9000E+01                                            4081900300089 
 2.2300E-03 1.7500E+01                                            4081900300090 
 2.5000E-03 1.6000E+01                                            4081900300091 
 2.8000E-03 1.4800E+01                                            4081900300092 
 3.2000E-03 1.3700E+01                                            4081900300093 
 3.6500E-03 1.2700E+01                                            4081900300094 
 4.1500E-03 1.1300E+01                                            4081900300095 
 5.0000E-03 1.0400E+01                                            4081900300096 
 6.0000E-03 9.5000E+00                                            4081900300097 
 7.2000E-03 8.2000E+00                                            4081900300098 
 9.0000E-03 7.2000E+00                                            4081900300099 
 1.1000E-02 5.8000E+00 3.0000E-01                                 4081900300100 
 1.4000E-02 5.0000E+00 4.0000E-01                                 4081900300101 
 1.9000E-02 4.3000E+00 3.0000E-01                                 4081900300102 
 2.3000E-02 3.4000E+00 3.0000E-01                                 4081900300103 
 4.2000E-02 2.2000E+00 3.0000E-01                                 4081900300104 
ENDDATA             96          0                                 4081900300105 
ENDSUBENT          104          0                                 4081900399999 
SUBENT        40819004   19840918                             00004081900400001 
BIB                  3          3                                 4081900400002 
REACTION   (63-EU-151(N,G)63-EU-152,,SIG)                         4081900400003 
METHOD     (SLODT)    SLOWING-DOWN TIME                           4081900400004 
STATUS     (SCSRS)                                                4081900400005 
ENDBIB               3          0                                 4081900400006 
NOCOMMON             0          0                                 4081900400007 
DATA                 3         91                                 4081900400008 
EN         DATA       DATA-ERR                                    4081900400009 
MEV        B          B                                           4081900400010 
 8.3000E-07 1.0500E+03                                            4081900400011 
 9.3000E-07 8.9000E+02                                            4081900400012 
 1.0500E-06 8.3000E+02                                            4081900400013 
 1.1500E-06 6.5000E+02                                            4081900400014 
 1.3500E-06 4.7000E+02                                            4081900400015 
 1.4500E-06 3.9000E+02                                            4081900400016 
 1.5900E-06 3.3000E+02                                            4081900400017 
 1.7000E-06 2.9500E+02                                            4081900400018 
 1.8500E-06 2.9000E+02                                            4081900400019 
 2.3000E-06 3.7000E+02                                            4081900400020 
 2.5000E-06 4.2000E+02                                            4081900400021 
 2.6000E-06 4.4000E+02                                            4081900400022 
 3.0000E-06 6.3000E+02 1.3000E+01                                 4081900400023 
 3.2000E-06 6.3000E+02                                            4081900400024 
 3.6000E-06 6.6000E+02                                            4081900400025 
 3.8000E-06 5.8000E+02                                            4081900400026 
 4.1000E-06 4.9000E+02                                            4081900400027 
 4.4000E-06 3.9000E+02                                            4081900400028 
 4.5000E-06 3.1000E+02                                            4081900400029 
 4.8000E-06 2.4500E+02                                            4081900400030 
 5.1000E-06 2.3500E+02                                            4081900400031 
 6.4000E-06 3.3000E+02                                            4081900400032 
 6.7000E-06 2.3500E+02                                            4081900400033 
 7.2000E-06 4.2000E+02                                            4081900400034 
 8.0000E-06 4.1000E+02                                            4081900400035 
 8.6000E-06 3.7500E+02                                            4081900400036 
 9.1000E-06 3.1500E+02                                            4081900400037 
 9.8000E-06 3.1000E+02                                            4081900400038 
 1.0500E-05 3.1300E+02                                            4081900400039 
 1.1500E-05 2.9700E+02                                            4081900400040 
 1.2300E-05 2.9500E+02                                            4081900400041 
 1.3500E-05 2.9500E+02                                            4081900400042 
 1.4700E-05 2.7000E+02                                            4081900400043 
 1.5500E-05 2.6000E+02                                            4081900400044 
 1.6000E-05 2.6200E+02                                            4081900400045 
 1.7200E-05 2.2500E+02                                            4081900400046 
 1.9000E-05 2.9000E+02                                            4081900400047 
 2.1000E-05 2.9500E+02                                            4081900400048 
 2.2000E-05 2.8700E+02                                            4081900400049 
 2.4000E-05 2.9000E+02                                            4081900400050 
 2.8000E-05 2.4500E+02                                            4081900400051 
 3.1500E-05 2.1500E+02                                            4081900400052 
 3.6000E-05 2.3000E+02                                            4081900400053 
 4.0000E-05 2.5000E+02                                            4081900400054 
 4.6000E-05 2.5000E+02                                            4081900400055 
 5.0000E-05 2.3500E+02                                            4081900400056 
 5.5000E-05 2.0500E+02                                            4081900400057 
 6.1000E-05 1.7600E+02                                            4081900400058 
 6.7000E-05 1.7300E+02                                            4081900400059 
 7.2000E-05 1.6500E+02                                            4081900400060 
 8.2000E-05 1.5500E+02                                            4081900400061 
 9.2000E-05 1.6000E+02                                            4081900400062 
 1.0200E-04 1.5700E+02 5.0000E+00                                 4081900400063 
 1.1300E-04 1.2700E+02                                            4081900400064 
 1.2800E-04 1.0300E+02                                            4081900400065 
 1.4600E-04 9.3000E+01                                            4081900400066 
 1.6000E-04 1.0400E+02                                            4081900400067 
 1.8000E-04 9.9000E+01                                            4081900400068 
 2.1000E-04 9.4000E+01                                            4081900400069 
 2.6000E-04 9.8000E+01                                            4081900400070 
 3.2500E-04 7.0000E+01                                            4081900400071 
 3.9000E-04 6.6000E+01                                            4081900400072 
 4.6000E-04 5.8000E+01                                            4081900400073 
 5.2500E-04 5.7000E+01                                            4081900400074 
 6.0000E-04 5.3000E+01                                            4081900400075 
 6.8000E-04 4.8000E+01                                            4081900400076 
 8.0000E-04 4.3000E+01                                            4081900400077 
 8.9000E-04 4.4000E+01                                            4081900400078 
 1.0000E-03 3.6500E+01 1.8000E+00                                 4081900400079 
 1.1400E-03 3.1300E+01                                            4081900400080 
 1.2500E-03 3.2200E+01                                            4081900400081 
 1.4000E-03 2.9200E+01                                            4081900400082 
 1.5000E-03 2.3200E+01                                            4081900400083 
 1.6500E-03 2.7300E+01                                            4081900400084 
 1.8000E-03 2.4000E+01                                            4081900400085 
 2.0000E-03 2.3800E+01                                            4081900400086 
 2.2500E-03 2.1400E+01                                            4081900400087 
 2.5000E-03 1.8500E+01                                            4081900400088 
 2.8000E-03 1.6100E+01                                            4081900400089 
 3.2000E-03 1.6800E+01                                            4081900400090 
 3.6500E-03 1.5700E+01                                            4081900400091 
 4.2000E-03 1.2800E+01                                            4081900400092 
 5.0000E-03 1.2000E+01                                            4081900400093 
 6.0000E-03 1.1700E+01                                            4081900400094 
 7.1000E-03 9.1000E+00                                            4081900400095 
 8.8000E-03 8.3000E+00                                            4081900400096 
 1.1000E-02 6.6000E+00 5.0000E-01                                 4081900400097 
 1.4200E-02 6.3000E+00                                            4081900400098 
 1.9000E-02 5.4000E+00 6.0000E-01                                 4081900400099 
 2.7000E-02 3.8000E+00 5.0000E-01                                 4081900400100 
 4.1000E-02 2.6000E+00 5.0000E-01                                 4081900400101 
ENDDATA             93          0                                 4081900400102 
ENDSUBENT          101          0                                 4081900499999 
SUBENT        40819005   19840918                             00004081900500001 
BIB                  3          3                                 4081900500002 
REACTION   (63-EU-153(N,G)63-EU-154,,SIG)                         4081900500003 
METHOD     (SLODT) SLOWING-DOWN TIME                              4081900500004 
STATUS     (SCSRS)                                                4081900500005 
ENDBIB               3          0                                 4081900500006 
NOCOMMON             0          0                                 4081900500007 
DATA                 3         88                                 4081900500008 
EN         DATA       DATA-ERR                                    4081900500009 
EV         B          B                                           4081900500010 
 8.5000E-01 6.1000E+01                                            4081900500011 
 1.0000E+00 5.8000E+01 4.0000E+00                                 4081900500012 
 1.2500E+00 8.2000E+01                                            4081900500013 
 1.4600E+00 1.0500E+02                                            4081900500014 
 1.5700E+00 1.2200E+02                                            4081900500015 
 1.7000E+00 1.5500E+02                                            4081900500016 
 1.8000E+00 1.9000E+02                                            4081900500017 
 1.9000E+00 2.3000E+02                                            4081900500018 
 2.0000E+00 2.9000E+02                                            4081900500019 
 2.1000E+00 3.5000E+02                                            4081900500020 
 2.3000E+00 4.3000E+02                                            4081900500021 
 2.5000E+00 5.0000E+02                                            4081900500022 
 3.1000E+00 5.0500E+02 7.0000E+00                                 4081900500023 
 3.6000E+00 4.7000E+02                                            4081900500024 
 3.8000E+00 4.3000E+02                                            4081900500025 
 4.1000E+00 3.8000E+02                                            4081900500026 
 4.3000E+00 3.1800E+02                                            4081900500027 
 4.4000E+00 2.6500E+02                                            4081900500028 
 4.8000E+00 2.2000E+02                                            4081900500029 
 5.1000E+00 1.6000E+02                                            4081900500030 
 5.6000E+00 1.4200E+02                                            4081900500031 
 6.4000E+00 1.3000E+02                                            4081900500032 
 7.2000E+00 1.3700E+02                                            4081900500033 
 8.0000E+00 1.6500E+02                                            4081900500034 
 8.6000E+00 1.7500E+02                                            4081900500035 
 9.1000E+00 2.0200E+02                                            4081900500036 
 9.8000E+00 1.9000E+02                                            4081900500037 
 1.0500E+01 1.8000E+02                                            4081900500038 
 1.1500E+01 1.7500E+02                                            4081900500039 
 1.2300E+01 1.5700E+02                                            4081900500040 
 1.3500E+01 1.3500E+02                                            4081900500041 
 1.4600E+01 1.3000E+02                                            4081900500042 
 1.6000E+01 1.4500E+02                                            4081900500043 
 1.7300E+01 2.0000E+02                                            4081900500044 
 1.9000E+01 2.2000E+02                                            4081900500045 
 2.1300E+01 1.9500E+02                                            4081900500046 
 2.3700E+01 1.4300E+02                                            4081900500047 
 2.5600E+01 1.1700E+02                                            4081900500048 
 2.7500E+01 9.6000E+01                                            4081900500049 
 3.1500E+01 9.1000E+01                                            4081900500050 
 3.6000E+01 1.0500E+02                                            4081900500051 
 4.1000E+01 1.1300E+02                                            4081900500052 
 4.6000E+01 1.2200E+02                                            4081900500053 
 5.0000E+01 1.3200E+02                                            4081900500054 
 5.5000E+01 1.4000E+02                                            4081900500055 
 6.1000E+01 1.3200E+02                                            4081900500056 
 6.7000E+01 1.1200E+02                                            4081900500057 
 7.2000E+01 9.3000E+01                                            4081900500058 
 8.2000E+01 8.3000E+01                                            4081900500059 
 9.2000E+01 8.6000E+01                                            4081900500060 
 1.0200E+02 7.8000E+01 2.0000E+00                                 4081900500061 
 1.1300E+02 6.8000E+01                                            4081900500062 
 1.3700E+02 6.0000E+01                                            4081900500063 
 1.6000E+02 5.4000E+01                                            4081900500064 
 1.8000E+02 6.0000E+01                                            4081900500065 
 2.1200E+02 5.0000E+01                                            4081900500066 
 2.4000E+02 5.0000E+01                                            4081900500067 
 2.7500E+02 4.2000E+01                                            4081900500068 
 3.2500E+02 4.2000E+01                                            4081900500069 
 3.9000E+02 4.0000E+01                                            4081900500070 
 4.6000E+02 3.9000E+01                                            4081900500071 
 5.2500E+02 3.4000E+01                                            4081900500072 
 5.9000E+02 3.3000E+01                                            4081900500073 
 6.6000E+02 2.9500E+01                                            4081900500074 
 7.5000E+02 2.8800E+01                                            4081900500075 
 8.6000E+02 2.7700E+01                                            4081900500076 
 9.8000E+02 2.5800E+01 8.0000E-01                                 4081900500077 
 1.1200E+03 2.3500E+01                                            4081900500078 
 1.2500E+03 2.1000E+01                                            4081900500079 
 1.3800E+03 1.9500E+01                                            4081900500080 
 1.5200E+03 1.9000E+01                                            4081900500081 
 1.6500E+03 1.7000E+01                                            4081900500082 
 1.8000E+03 1.6500E+01                                            4081900500083 
 2.0200E+03 1.4600E+01                                            4081900500084 
 2.3000E+03 1.4000E+01                                            4081900500085 
 2.6000E+03 1.4000E+01                                            4081900500086 
 3.2000E+03 1.1000E+01                                            4081900500087 
 3.6300E+03 1.0200E+01                                            4081900500088 
 4.3000E+03 9.7000E+00                                            4081900500089 
 5.0000E+03 9.0000E+00                                            4081900500090 
 5.9000E+03 7.6000E+00                                            4081900500091 
 7.1000E+03 6.2000E+00                                            4081900500092 
 8.6000E+03 6.3000E+00                                            4081900500093 
 1.1000E+04 5.2000E+00 3.0000E-01                                 4081900500094 
 1.4200E+04 4.6000E+00                                            4081900500095 
 1.9000E+04 3.2000E+00 3.0000E-01                                 4081900500096 
 2.7000E+04 3.0000E+00 3.0000E-01                                 4081900500097 
 4.1000E+04 2.0000E+00 2.0000E-01                                 4081900500098 
ENDDATA             90          0                                 4081900500099 
ENDSUBENT           98          0                                 4081900599999 
ENDENTRY             5          0                                 4081999999999 
