ENTRY            40842   19850315                             00004084200000001 
SUBENT        40842001   19850315                             00004084200100001 
BIB                  8         11                                 4084200100002 
INSTITUTE  (4CCPIJI)                                              4084200100003 
           (4CCPJIA)                                              4084200100004 
REFERENCE  (C,83KIEV,3,179,8310)                                  4084200100005 
AUTHOR     (R.M.MUSAELJAN,V.D.OVDIENKO,V.M.SKORKIN,G.A.SMETANIN,  4084200100006 
           M.B.FEDOROV,T.I.JAKOVENKO)                             4084200100007 
TITLE       NEUTRON INTERACTION WITH THE SELENIUM ISOTOPES        4084200100008 
            AT ENERGIES 0.8 - 2.6 MEV                             4084200100009 
FACILITY   (VDG,4CCPIJI)                                          4084200100010 
METHOD     (TOF)                                                  4084200100011 
STATUS     (APRVD) SKORKIN ,8501                                  4084200100012 
HISTORY    (850315C)                                              4084200100013 
ENDBIB              11          0                                 4084200100014 
NOCOMMON             0          0                                 4084200100015 
ENDSUBENT           14          0                                 4084200199999 
SUBENT        40842002   19850315                             00004084200200001 
BIB                  1          1                                 4084200200002 
REACTION   (34-SE-76(N,TOT),,SIG)                                 4084200200003 
ENDBIB               1          0                                 4084200200004 
NOCOMMON             0          0                                 4084200200005 
DATA                 4         21                                 4084200200006 
EN         EN-RSL     DATA       DATA-ERR                         4084200200007 
MEV        KEV        B          B                                4084200200008 
 7.8000E-01 3.0000E+01 5.5200E+00 1.6000E-01                      4084200200009 
 8.1000E-01 3.0000E+01 5.5500E+00 2.2000E-01                      4084200200010 
 8.4000E-01 3.0000E+01 5.4400E+00 5.0000E-02                      4084200200011 
 1.0400E+00 3.0000E+01 5.1300E+00 5.0000E-02                      4084200200012 
 1.0700E+00 3.0000E+01 4.7700E+00 1.0000E-01                      4084200200013 
 1.1000E+00 3.0000E+01 5.0800E+00 5.0000E-02                      4084200200014 
 1.3150E+00 3.0000E+01 4.8400E+00 1.4000E-01                      4084200200015 
 1.3450E+00 3.0000E+01 4.7100E+00 1.4000E-01                      4084200200016 
 1.3750E+00 3.0000E+01 4.5400E+00 1.4000E-01                      4084200200017 
 1.4050E+00 3.0000E+01 4.4100E+00 1.1000E-01                      4084200200018 
 1.4350E+00 3.0000E+01 4.4100E+00 7.0000E-02                      4084200200019 
 1.4650E+00 3.0000E+01 4.5800E+00 7.0000E-02                      4084200200020 
 1.4810E+00 1.0000E+02 4.2600E+00 8.0000E-02                      4084200200021 
 1.5760E+00 1.0000E+02 4.4100E+00 1.0000E-01                      4084200200022 
 1.6710E+00 1.0000E+02 3.9800E+00 1.4000E-01                      4084200200023 
 1.7660E+00 1.0000E+02 4.1300E+00 2.1000E-01                      4084200200024 
 1.8610E+00 1.0000E+02 4.2400E+00 6.0000E-02                      4084200200025 
 1.9560E+00 1.0000E+02 4.1500E+00 2.0000E-01                      4084200200026 
 2.2750E+00 1.0000E+02 4.2900E+00 2.8000E-01                      4084200200027 
 2.5230E+00 1.0000E+02 3.9100E+00 3.8000E-01                      4084200200028 
 2.6170E+00 1.0000E+02 4.1300E+00 3.2000E-01                      4084200200029 
ENDDATA             23          0                                 4084200200030 
ENDSUBENT           29          0                                 4084200299999 
SUBENT        40842003   19850315                             00004084200300001 
BIB                  1          1                                 4084200300002 
REACTION   (34-SE-78(N,TOT),,SIG)                                 4084200300003 
ENDBIB               1          0                                 4084200300004 
NOCOMMON             0          0                                 4084200300005 
DATA                 4         26                                 4084200300006 
EN         EN-RSL     DATA       ERR-S                            4084200300007 
MEV        KEV        B          B                                4084200300008 
 7.8000E-01 3.0000E+01 5.7400E+00 1.7000E-01                      4084200300009 
 8.1000E-01 3.0000E+01 6.3600E+00 2.5000E-01                      4084200300010 
 8.4000E-01 3.0000E+01 6.1500E+00 6.0000E-02                      4084200300011 
 1.0100E+00 3.0000E+01 5.5600E+00 2.3000E-01                      4084200300012 
 1.0400E+00 3.0000E+01 5.6500E+00 2.3000E-01                      4084200300013 
 1.0700E+00 3.0000E+01 5.4600E+00 5.0000E-02                      4084200300014 
 1.1000E+00 3.0000E+01 5.2400E+00 5.0000E-02                      4084200300015 
 1.3150E+00 3.0000E+01 4.9700E+00 5.0000E-02                      4084200300016 
 1.3450E+00 3.0000E+01 4.8500E+00 1.4000E-01                      4084200300017 
 1.3750E+00 3.0000E+01 5.1300E+00 2.6000E-01                      4084200300018 
 1.4050E+00 3.0000E+01 4.9400E+00 2.5000E-01                      4084200300019 
 1.4350E+00 3.0000E+01 5.3600E+00 6.2000E-01                      4084200300020 
 1.4650E+00 3.0000E+01 4.8500E+00 6.0000E-02                      4084200300021 
 1.4810E+00 1.0000E+02 4.5800E+00 7.0000E-02                      4084200300022 
 1.5760E+00 1.0000E+02 4.3800E+00 1.5000E-01                      4084200300023 
 1.6710E+00 1.0000E+02 4.3800E+00 1.3000E-01                      4084200300024 
 1.7660E+00 1.0000E+02 4.2000E+00 8.0000E-02                      4084200300025 
 1.8610E+00 1.0000E+02 4.1400E+00 1.0000E-01                      4084200300026 
 1.9080E+00 1.0000E+02 4.0800E+00 1.3000E-01                      4084200300027 
 1.9560E+00 1.0000E+02 3.9000E+00 1.7000E-01                      4084200300028 
 2.0030E+00 1.0000E+02 4.0800E+00 3.6000E-01                      4084200300029 
 2.0500E+00 1.0000E+02 4.2900E+00 1.7000E-01                      4084200300030 
 2.1000E+00 1.0000E+02 4.6200E+00 3.2000E-01                      4084200300031 
 2.2750E+00 1.0000E+02 4.2000E+00 1.7000E-01                      4084200300032 
 2.5230E+00 1.0000E+02 4.0200E+00 2.8000E-01                      4084200300033 
 2.6170E+00 1.0000E+02 3.8600E+00 3.9000E-01                      4084200300034 
ENDDATA             28          0                                 4084200300035 
ENDSUBENT           34          0                                 4084200399999 
SUBENT        40842004   19850315                             00004084200400001 
BIB                  1          1                                 4084200400002 
REACTION   (34-SE-80(N,TOT),,SIG)                                 4084200400003 
ENDBIB               1          0                                 4084200400004 
NOCOMMON             0          0                                 4084200400005 
DATA                 4         26                                 4084200400006 
EN         EN-RSL     DATA       ERR-S                            4084200400007 
MEV        KEV        B          B                                4084200400008 
 7.8000E-01 3.0000E+01 5.5600E+00 2.2000E-01                      4084200400009 
 8.1000E-01 3.0000E+01 6.1000E+00 1.2000E-01                      4084200400010 
 8.4000E-01 3.0000E+01 5.9200E+00 6.0000E-02                      4084200400011 
 1.0100E+00 3.0000E+01 5.3200E+00 2.2000E-01                      4084200400012 
 1.0400E+00 3.0000E+01 5.8600E+00 2.3000E-01                      4084200400013 
 1.0700E+00 3.0000E+01 5.6600E+00 6.0000E-02                      4084200400014 
 1.1000E+00 3.0000E+01 5.4000E+00 5.0000E-02                      4084200400015 
 1.3150E+00 3.0000E+01 4.6000E+00 5.0000E-02                      4084200400016 
 1.3450E+00 3.0000E+01 4.5600E+00 1.4000E-01                      4084200400017 
 1.3750E+00 3.0000E+01 4.9500E+00 2.2000E-01                      4084200400018 
 1.4050E+00 3.0000E+01 4.9900E+00 8.0000E-02                      4084200400019 
 1.4350E+00 3.0000E+01 4.8600E+00 2.9000E-01                      4084200400020 
 1.4650E+00 3.0000E+01 4.9500E+00 1.8000E-01                      4084200400021 
 1.4810E+00 1.0000E+02 4.3300E+00 3.0000E-01                      4084200400022 
 1.5760E+00 1.0000E+02 4.3900E+00 5.0000E-02                      4084200400023 
 1.6710E+00 1.0000E+02 4.1200E+00 9.0000E-02                      4084200400024 
 1.7660E+00 1.0000E+02 4.0300E+00 1.0000E-01                      4084200400025 
 1.8610E+00 1.0000E+02 4.4200E+00 3.1000E-01                      4084200400026 
 1.9080E+00 1.0000E+02 3.8600E+00 4.0000E-02                      4084200400027 
 1.9560E+00 1.0000E+02 3.6900E+00 2.2000E-01                      4084200400028 
 2.0030E+00 1.0000E+02 3.7900E+00 3.8000E-01                      4084200400029 
 2.0500E+00 1.0000E+02 3.9200E+00 1.6000E-01                      4084200400030 
 2.1000E+00 1.0000E+02 4.1800E+00 2.1000E-01                      4084200400031 
 2.2750E+00 1.0000E+02 4.1200E+00 1.6000E-01                      4084200400032 
 2.5230E+00 1.0000E+02 3.8000E+00 2.7000E-01                      4084200400033 
 2.6170E+00 1.0000E+02 3.3800E+00 4.5000E-01                      4084200400034 
ENDDATA             28          0                                 4084200400035 
ENDSUBENT           34          0                                 4084200499999 
SUBENT        40842005   19850315                             00004084200500001 
BIB                  1          1                                 4084200500002 
REACTION   (34-SE-82(N,TOT),,SIG)                                 4084200500003 
ENDBIB               1          0                                 4084200500004 
NOCOMMON             0          0                                 4084200500005 
DATA                 4         21                                 4084200500006 
EN         EN-RSL     DATA       ERR-S                            4084200500007 
MEV        KEV        B          B                                4084200500008 
 7.8000E-01 3.0000E+01 6.4000E+00 2.6000E-01                      4084200500009 
 8.1000E-01 3.0000E+01 5.5600E+00 3.3000E-01                      4084200500010 
 8.4000E-01 3.0000E+01 5.8200E+00 6.0000E-02                      4084200500011 
 1.0400E+00 3.0000E+01 5.7800E+00 2.9000E-01                      4084200500012 
 1.0700E+00 3.0000E+01 5.8900E+00 6.0000E-02                      4084200500013 
 1.1000E+00 3.0000E+01 5.9100E+00 6.0000E-02                      4084200500014 
 1.3150E+00 3.0000E+01 4.7000E+00 2.3000E-01                      4084200500015 
 1.3450E+00 3.0000E+01 4.3100E+00 1.3000E-01                      4084200500016 
 1.3750E+00 3.0000E+01 4.8400E+00 2.4000E-01                      4084200500017 
 1.4050E+00 3.0000E+01 4.5000E+00 2.2000E-01                      4084200500018 
 1.4350E+00 3.0000E+01 4.7700E+00 1.9000E-01                      4084200500019 
 1.4650E+00 3.0000E+01 5.0200E+00 1.8000E-01                      4084200500020 
 1.4810E+00 1.0000E+02 4.6400E+00 5.0000E-02                      4084200500021 
 1.5760E+00 1.0000E+02 5.2000E+00 5.2000E-01                      4084200500022 
 1.6710E+00 1.0000E+02 3.6700E+00 4.0000E-02                      4084200500023 
 1.7660E+00 1.0000E+02 4.3500E+00 1.6000E-01                      4084200500024 
 1.8610E+00 1.0000E+02 4.4400E+00 7.4000E-01                      4084200500025 
 1.9560E+00 1.0000E+02 4.2300E+00 8.0000E-02                      4084200500026 
 2.2750E+00 1.0000E+02 4.1000E+00 4.0000E-01                      4084200500027 
 2.5230E+00 1.0000E+02 4.1700E+00 8.3000E-01                      4084200500028 
 2.6170E+00 1.0000E+02 3.8500E+00 4.0000E-01                      4084200500029 
ENDDATA             23          0                                 4084200500030 
ENDSUBENT           29          0                                 4084200599999 
ENDENTRY             5          0                                 4084299999999 
