ENTRY            40909   19890331                             00004090900000001 
SUBENT        40909001   19890331                             00004090900100001 
BIB                  8          9                                 4090900100002 
TITLE       ROTATIONAL BANDS OF THE GD-160 NUCLEI                 4090900100003 
AUTHOR     (JA.JA.BERZIN',T.V.GUSEVA,JU.JA.TAMBERG)               4090900100004 
INSTITUTE  (4CCPIFL)                                              4090900100005 
REFERENCE  (J,IZV,49,(5),884,8505)  DATA TABLE IS GIVEN           4090900100006 
           (C,84ALMAAT,,,84)                                      4090900100007 
FACILITY   (REAC)          REACTOR IRT-M                          4090900100008 
DETECTOR   (GELI)                                                 4090900100009 
ERR-ANALYS (DATA-ERR)  ERROR IS NOT SPECIFIED                     4090900100010 
HISTORY    (861014C)   COMPILED AT CJDECIFIED                     4090900100011 
ENDBIB               9          0                                 4090900100012 
COMMON               1          3                                 4090900100013 
EN-MEAN                                                           4090900100014 
EV                                                                4090900100015 
    1.00E+6                                                       4090900100016 
ENDCOMMON            3          0                                 4090900100017 
ENDSUBENT           16          0                                 4090900199999 
SUBENT        40909002   19890331                             00004090900200001 
BIB                  2          4                                 4090900200002 
REACTION   (64-GD-160(N,INL)64-GD-160,,SPC,,REL) REFERENCE        4090900200003 
                      QUANTITY IS NOT GIVEN                       4090900200004 
SAMPLE      GADOLINIUM-OXIDE GD-2O3, GD-160 CONTENT IS 98.6 PC,   4090900200005 
            SAMPLE WEIGHT IS 17 GRAM                              4090900200006 
ENDBIB               4          0                                 4090900200007 
NOCOMMON             0          0                                 4090900200008 
DATA                 6         93                                 4090900200009 
E          E-ERR      E-LVL-INI  E-LVL-FIN  DATA       DATA-ERR   4090900200010 
KEV        KEV        KEV        KEV        ARB-UNITS  ARB-UNITS  4090900200011 
   75.47     .15           75.47    0.        1150.        200.   4090900200012 
  102.78     .20         2100.6   1997.        21.           5.   4090900200013 
  114.7      .8          1261.91 1147.           1.0          .7  4090900200014 
  126.22     .25         1184.62 1057.           3.5         1.0  4090900200015 
  144.1     1.2          1571.9  1426.           0.6          .6  4090900200016 
  146.2      .5          1295.13 1149.           0.8          .5  4090900200017 
  172.54     .10          248.01   75.         520.         50.   4090900200018 
  195.89     .15         1184.62  988.         110.         50.   4090900200019 
  202.3      .4          1631.0   1427.         2.6          1.5  4090900200020 
  212.06     .25         1435.81 1224.           1.1          .4  4090900200021 
  230.4     1.0          1290.27 1057.           0.7          .6  4090900200022 
  235.0      .3          1224.90  988.           1.9          .5  4090900200023 
  238.1     1.0          1295.13 1058.           2.5         2.   4090900200024 
  240.8      .9          1426.88 1184.           2.8         2.0  4090900200025 
  240.8      .9          1464.29 1224.           2.8         2.0  4090900200026 
  247.5      .4          1599.23  1351.         5.8          2.0  4090900200027 
  253.08     .30         1401.7  1147.           3.5          .9  4090900200028 
  263.93     .30         1351.07                 5.5         1.5  4090900200029 
  265.20     .10          513.21  248.          54.          5.   4090900200030 
  287.97     .30         1435.81 1147.           2.4          .5  4090900200031 
  301.9      .4          1290.27  988.           1.2          .4  4090900200032 
  356.08     .15          869.29  513.           3.9          .9  4090900200033 
  369.9      .3          1687.96  1290.         3.6           .7  4090900200034 
  374.9      .5          1599.23  1224.         1.7           .6  4090900200035 
  412.52     .15         1997.85  1586.        13.1          1.5  4090900200036 
  423.06     .20         1571.9  1147.           1.0          .3  4090900200037 
  432.9      .2          1401.7   869.           7.0          .9  4090900200038 
  474.18     .20         1464.29  988.           2.2          .3  4090900200039 
  580.15     .25         1568.86  988.           5.4          .9  4090900200040 
  630.0      .5          1687.96  1057.         2.1           .7  4090900200041 
  633.4     1.5          1147.46  513.          19.6         1.5  4090900200042 
  670.5      .4          1184.62  513.           1.0          .3  4090900200043 
  684.5      .8          1859.36  1174.         0.8           .4  4090900200044 
  740.23     .30          988.63  248.           3.1          .9  4090900200045 
  749.72     .30         1261.91  513.           1.9          .5  4090900200046 
  762.0      .6          1631.0    859.         1.0           .3  4090900200047 
  772.8      .8          2063.21  1290.         0.4           .3  4090900200048 
  781.3      .4          1295.13  513.           2.6          .8  4090900200049 
  789.5      .4          1401.7   513.           1.2          .4  4090900200050 
  809.2      .4          1057.81  247.          36.          4.   4090900200051 
  822.04     .20         1070.45  247.          54.          6.   4090900200052 
  859.3      .6          2141.70  1290.         2.2           .7  4090900200053 
  878.52     .25         2063.21  1184.         5.3          1.0  4090900200054 
  899.54     .20         1147.46  247.          39.          3.   4090900200055 
  913.45     .20          988.63   75.          80.         20.   4090900200056 
  913.46     .20         1426.88  513.           9.          4.   4090900200057 
  924.93     .20         1997.85  1070.        23.           7.   4090900200058 
  934.6      .4          1184.62  248.           1.5          .3  4090900200059 
  940.0      .4          1015.5    75.           1.1          .3  4090900200060 
  982.34     .20         1057.81   75.          93.          9.   4090900200061 
  988.74     .20          988.63    0.          69.          5.   4090900200062 
  995.39     .20         1070.45   75.          33.          3.   4090900200063 
 1009.4      .3          1997.85   988.         0.9           .4  4090900200064 
 1012.64     .20         1261.91  248.          24.          3.   4090900200065 
 1041.42     .20         1290.27  247.          27.          4.   4090900200066 
 1046.8     2.0          1295.13  247.          11.          2.   4090900200067 
 1059.66     .30         1571.9   513.           1.7          .4  4090900200068 
 1072.9      .3          1147.46   75.          18.          2.   4090900200069 
 1082.9     1.0          2141.70  1057.         0.5           .3  4090900200070 
 1109.4      .5          1184.62   75.           0.9          .2  4090900200071 
 1117.7      .5          1631.0    513.         2.2           .7  4090900200072 
 1125.2      .7          2141.70  1015.         0.5           .2  4090900200073 
 1149.18     .15         1224.90   75.          46.          5.   4090900200074 
 1153.4      .5          1401.7   248.           1.9          .5  4090900200075 
 1153.4      .5          2141.70   988.         1.9           .5  4090900200076 
 1179.09     .25         1426.88  248.          11.          2.   4090900200077 
 1187.81     .20         1435.81  248.          21.5         2.0  4090900200078 
 1214.92     .20         1290.27   75.          49.          5.   4090900200079 
 1224.35     .15         1224.90    0.          30.          3.   4090900200080 
 1276.05     .20         1351.07   75.          33.          4.   4090900200081 
 1301.9     2.5          1377.4    75.          46.          6.   4090900200082 
 1304.42     .03         1379.9    75.          13.1         1.5  4090900200083 
 1323.23     .30         1571.9   248.           2.9          .4  4090900200084 
 1350.99     .20         1351.07    0.          10.          2.   4090900200085 
 1360.69     .20         1435.81   75.           6.5         1.5  4090900200086 
 1379.7      .5          1379.9     0.           2.3          .7  4090900200087 
 1385.0      .8          1461.21   75.           1.8          .6  4090900200088 
 1388.7      .2          1464.29   75.          13.7         1.5  4090900200089 
 1435.83     .30         1435.81    0.           4.2         1.0  4090900200090 
 1461.6      .6          1461.21    0.           1.7          .5  4090900200091 
 1464.5      .3          1464.29    0.           4.0         1.0  4090900200092 
 1493.45     .30         1571.9    75.           5.6         1.0  4090900200093 
 1493.46     .25         1568.86   75.           5.6         1.0  4090900200094 
 1511.78     .25         1586.95   75.          5.7          1.0  4090900200095 
 1523.79     .25         1599.23   75.          7.8          1.5  4090900200096 
 1568.87     .25         1568.86    0.           7.8         1.0  4090900200097 
 1586.70     .25         1586.95    0.         15.0          1.5  4090900200098 
 1599.23     .30         1599.23    0.          5.5          1.0  4090900200099 
 1613.9      .4          1687.96    75.         2.2           .6  4090900200100 
 1782.5     2.0          1859.36    75.         0.7           .5  4090900200101 
 1892.8      .8          2141.70   248.         2.1           .9  4090900200102 
 1895.6      .5          1973.49    75.         2.2           .6  4090900200103 
 1971.9      .4          1973.49     0.         2.5           .3  4090900200104 
ENDDATA             95          0                                 4090900200105 
ENDSUBENT          104          0                                 4090900299999 
ENDENTRY             2          0                                 4090999999999 
