ENTRY            40939   19880222                             00004093900000001 
SUBENT        40939001   19880222                             00004093900100001 
BIB                  8         10                                 4093900100002 
TITLE       DECAY SCHEME FOR SE-78 EXCITED LEVELS ARISING         4093900100003 
            FROM THE REACTION SE-78(N,N'GAMMA)SE-78               4093900100004 
AUTHOR     (G.A.DOSTEMESOVA,D.K.KAIPOV,YU.G.KOSYAK,YU.A.LYSIKOV,  4093900100005 
           L.V.CHEKUSHINA)                                        4093900100006 
INSTITUTE  (4CCPKAZ)                                              4093900100007 
REFERENCE  (C,86KHARKO,,63,8604)                                  4093900100008 
FACILITY   (REAC)                                                 4093900100009 
INC-SPECT   REACTOR FAST NEUTRON SPECTRUM                         4093900100010 
ANALYSIS    HAUSER-FESHBACH-MOLDAUER FORMALIZM                    4093900100011 
HISTORY    (880222C)  COMPILED AT THE CJD                         4093900100012 
ENDBIB              10          0                                 4093900100013 
COMMON               1          3                                 4093900100014 
EN-DUMMY                                                          4093900100015 
MEV                                                               4093900100016 
  1.                                                              4093900100017 
ENDCOMMON            3          0                                 4093900100018 
ENDSUBENT           17          0                                 4093900199999 
SUBENT        40939002   19890607                             00004093900200001 
BIB                  2          3                                 4093900200002 
REACTION   (34-SE-78(N,INL)34-SE-78,,SPC,,REL) REFFRENCE QUANTITY 4093900200003 
                   FOR GAMMA-LINE AT 613.7 KEV TAKEN AS 100       4093900200004 
ERR-ANALYS (DATA-ERR) NOT SPECIFIED, PROBABLY STATISTICAL ERROR   4093900200005 
ENDBIB               3          0                                 4093900200006 
NOCOMMON             0          0                                 4093900200007 
DATA                 4         47                                 4093900200008 
E          E-LVL-INI  DATA       DATA-ERR                         4093900200009 
KEV        KEV        ARB-UNITS  ARB-UNITS                        4093900200010 
  320.3     2647.3      .0                                        4093900200011 
  331.2     2327.3      .10       .01                             4093900200012 
  351.1     1854.0      .10       .02                             4093900200013 
  354.7     2682.1      .10       .03                             4093900200014 
  382.5     2890.1      .10       .01                             4093900200015 
  449.5     1758.7      .10       .01                             4093900200016 
  497.5     1995.9      .10       .02                             4093900200017 
  545.6     1854.0     1.8        .2                              4093900200018 
  613.7      613.7    100.                                        4093900200019 
  686.3     2682.1      .0                                        4093900200020 
  687.5     1995.9     1.5        .3                              4093900200021 
  688.2     2190.3      .0                                        4093900200022 
  695.2     1308.6    15.2        .3                              4093900200023 
  757.1     2753.8      .10       .02                             4093900200024 
  793.6     2647.3      .10       .02                             4093900200025 
  828.1     2682.1      .4        .1                              4093900200026 
  842.7     2838.6      .7        .2                              4093900200027 
  881.7     2190.3      .0                                        4093900200028 
  884.8     1498.6      .0                                        4093900200029 
  888.9     1502.6      .0                                        4093900200030 
 1005.4     2507.6      .7        .1                              4093900200031 
 1018.6     2327.3      .4        .1                              4093900200032 
 1043.5     2546.1      .3        .1                              4093900200033 
 1079.8     2838.6      .3        .1                              4093900200034 
 1145.1     1758.7     2.7        .1                              4093900200035 
 1198.9     2507.6     1.6        .2                              4093900200036 
 1228.7     2537.4      .3        .1                              4093900200037 
 1233.7     2735.3      .6        .2                              4093900200038 
 1240.3     1854.0     4.5        .3                              4093900200039 
 1308.6     1308.6    11.4        .1                              4093900200040 
 1338.3     2647.3      .7        .1                              4093900200041 
 1373.5     2682.1      .3        .1                              4093900200042 
 1382.2     1995.9     1.4        .3                              4093900200043 
 1387.5     2890.1      .3        .1                              4093900200044 
 1411.9     2914.5      .4        .1                              4093900200045 
 1444.5     2753.8      .3        .1                              4093900200046 
 1530.1     2838.6      .3        .1                              4093900200047 
 1576.4     2190.3      .20                                       4093900200048 
 1713.4     2327.3     2.5        .3                              4093900200049 
 1721.3     2334.7      .6        .2                              4093900200050 
 1894.2     2507.6      .8        .1                              4093900200051 
 1923.7     2537.4     1.2        .1                              4093900200052 
 1996.1     1995.9     2.6        .1                              4093900200053 
 2068.3     2682.1      .10       .03                             4093900200054 
 2140.6     2753.8      .10       .03                             4093900200055 
 2284.4     2898.4      .6        .1                              4093900200056 
 2327.3     2327.3      .10       .02                             4093900200057 
ENDDATA             49          0                                 4093900200058 
ENDSUBENT           57          0                                 4093900299999 
ENDENTRY             2          0                                 4093999999999 
