ENTRY            40941   20240208                             421740941000    1 
SUBENT        40941001   20240208                             421740941001    1 
BIB                  9         13                                 40941001    2 
TITLE       Decay scheme for excited states of the nucleus        40941001    3 
            Se-80 in the reaction Se-80(n,n'gamma)Se-80           40941001    4 
AUTHOR     (L.V.Chekushina,Yu.G.Kosyak,D.K.Kaipov,Yu.A.Lysikov,   40941001    5 
           G.A.Dostemesova)                                       40941001    6 
REFERENCE  (C,86KHARKO,,66,1986)  Data table is given             40941001    7 
INSTITUTE  (4KASKAZ)                                              40941001    8 
FACILITY   (REAC,4KASKAZ)                                         40941001    9 
INC-SPECT   Reactor's fast neutrons                               40941001   10 
MONITOR     No Information                                        40941001   11 
ERR-ANALYS (DATA-ERR)  Error is not specified                     40941001   12 
HISTORY    (19880407C)  Compiled at the CJD                       40941001   13 
           (20010315A) Date is corrected                          40941001   14 
           (20240208U) Upper -> lower case correction.            40941001   15 
ENDBIB              13          0                                 40941001   16 
COMMON               1          3                                 40941001   17 
EN-DUMMY                                                          40941001   18 
MEV                                                               40941001   19 
  1.                                                              40941001   20 
ENDCOMMON            3          0                                 40941001   21 
ENDSUBENT           20          0                                 4094100199999 
SUBENT        40941002   20240208                             421740941002    1 
BIB                  2          3                                 40941002    2 
REACTION   (34-SE-80(N,INL)34-SE-80,,SPC,,REL) Reference quantity 40941002    3 
                                         is not given             40941002    4 
STATUS     (TABLE,,L.V.Chekushina+,C,86KHARKO,,66,1986)           40941002    5 
ENDBIB               3          0                                 40941002    6 
NOCOMMON             0          0                                 40941002    7 
DATA                 4         34                                 40941002    8 
E          LVL-INI    DATA       DATA-ERR                         40941002    9 
KEV        KEV        ARB-UNITS  ARB-UNITS                        40941002   10 
  666.4      666.4      98.        5.                             40941002   11 
  671.      2121.        2.                                       40941002   12 
  783.0     1449.5       6.9        .2                            40941002   13 
  793.0     2494.4        .75       .05                           40941002   14 
  812.4     1478.8       4.6        .2                            40941002   15 
  861.6     2311.4        .50       .04                           40941002   16 
  894.7     2344.3       1.9        .2                            40941002   17 
 1035.0     1701.4      10.        1.                             40941002   18 
 1064.      2494.4        .10       .02                           40941002   19 
 1078.6     3038.         .25       .02                           40941002   20 
 1124.1     2825.5        .22       .03                           40941002   21 
 1178.2     2627.7       0.                                       40941002   22 
 1207.0     1873.4       2.1        .1                            40941002   23 
 1293.6     1959.9       3.3        .2                            40941002   24 
 1307.9     2786.7        .52       .05                           40941002   25 
 1449.5     1449.5      11.                                       40941002   26 
 1454.      2121.        2.                                       40941002   27 
 1498.1     2947.9        .31       .03                           40941002   28 
 1558.9     3038.         .20       .01                           40941002   29 
 1589.      3038.         .21       .02                           40941002   30 
 1645.0     2311.4       2.3        .1                            40941002   31 
 1678.0     2344.3        .60       .03                           40941002   32 
 1828.8     2494.4        .50       .05                           40941002   33 
 1847.3     2513.7       1.93       .10                           40941002   34 
 1959.8     1959.9       2.1        .1                            40941002   35 
 2050.2     2716.6       1.45       .10                           40941002   36 
 2160.4     2826.8       1.2        .1                            40941002   37 
 2281.      2947.9        .30       .03                           40941002   38 
 2343.      2344.3        .10       .02                           40941002   39 
 2357.7     3024.1        .23       .02                           40941002   40 
 2459.5     3125.9        .26       .04                           40941002   41 
 2514.      2513.7        .07                                     40941002   42 
 2817.7     2817.7        .53       .05                           40941002   43 
 3025.      3024.1        .07                                     40941002   44 
ENDDATA             36          0                                 40941002   45 
ENDSUBENT           44          0                                 4094100299999 
ENDENTRY             2          0                                 4094199999999 
