ENTRY            41045   20180304                             417841045  0    1 
SUBENT        41045001   20180304                             417841045  1    1 
BIB                 11         19                                 41045  1    2 
AUTHOR     (L.I.Govor,A.M.Demidov,V.A.Kurkin)                     41045  1    3 
INSTITUTE  (4RUSKUR)                                              41045  1    4 
TITLE       Spectrum and angular distribution of gamma-rays from  41045  1    5 
           the reaction 208Pb(n,n'gamma)                          41045  1    6 
REFERENCE  (J,IZV,54,526,1990) Data tables are given.Issue 3.     41045  1    7 
           (J,BAS,54,(3),147,1990) Engl.transl.of IZV,54,(3),526  41045  1    8 
FACILITY   (REAC,4RUSKUR) IR-8 reactor                            41045  1    9 
INC-SPECT   Fast neutron spectrum of the reactor                  41045  1   10 
MONITOR     Gamma-spectrum of Co-56 was used for energy           41045  1   11 
           calibration                                            41045  1   12 
SAMPLE      Mass 30 gram, Pb-208 content 97.5 pc                  41045  1   13 
           (82-PB-208,ENR=0.975)                                  41045  1   14 
DETECTOR   (GE-IN) Efficiency 10%, resolution 2 keV at 1.2 MeV    41045  1   15 
ERR-ANALYS (DATA-ERR) Error in the 68 % coincidence level         41045  1   16 
HISTORY    (19910521C) + + Compiled at the center - CJD + +       41045  1   17 
           (20180304A) M.M. Ref. J,BAS,54,(3),147,1990 was added. 41045  1   18 
           Upper -> lower case correction.                        41045  1   19 
           Dates were corrected for 4-digits year.                41045  1   20 
           BIB information was updated.                           41045  1   21 
ENDBIB              19          0                                 41045  1   22 
COMMON               1          3                                 41045  1   23 
EN-DUMMY                                                          41045  1   24 
MEV                                                               41045  1   25 
  1.                                                              41045  1   26 
ENDCOMMON            3          0                                 41045  1   27 
ENDSUBENT           26          0                                 41045  199999 
SUBENT        41045002   20180304                             417841045  2    1 
BIB                  2          3                                 41045  2    2 
REACTION   (82-PB-208(N,INL)82-PB-208,,SPC,,REL)                  41045  2    3 
            Intensities are in "relative units"                   41045  2    4 
STATUS     (TABLE) Table 1 of BAS,54,(3),147,1990                 41045  2    5 
ENDBIB               3          0                                 41045  2    6 
NOCOMMON             0          0                                 41045  2    7 
DATA                 6         79                                 41045  2    8 
E          E-ERR      LVL-INI    LVL-FIN    DATA       DATA-ERR   41045  2    9 
KEV        KEV        KEV        KEV        ARB-UNITS  ARB-UNITS  41045  2   10 
  211.45     0.06       3919.99    3708.4       0.92     0.06     41045  2   11 
  233.6      0.3        3708.44    3475.0       0.09     0.03     41045  2   12 
  238.21     0.12       3946.60    3708.4       0.59     0.05     41045  2   13 
  252.74     0.06       3961.13    3708.4       0.88     0.08     41045  2   14 
  277.39     0.04       3475.114   3197.8       3.80     0.20     41045  2   15 
  362.84     0.10       4324.01    3961.1       0.31     0.03     41045  2   16 
  417.7      0.3        3946.60    3475.1       0.26     0.06     41045  2   17 
  553.48     0.14       4261.97    3708.4       0.47     0.07     41045  2   18 
  576.02     0.10       4051.19    3475.1       0.26     0.04     41045  2   19 
  583.210    0.015      3197.768   2614.6      46.2      0.3      41045  2   20 
  588.11     0.08       4296.63    3708.4       0.62     0.02     41045  2   21 
  637.8      0.3        4675.3     4037.5       0.20     0.02     41045  2   22 
  650.26     0.06       4125.42    3475.1       0.40     0.02     41045  2   23 
  705.42     0.21       4180.45    3475.1       0.17     0.02     41045  2   24 
  715.2      0.3        4423.76    3708.4       0.13     0.02     41045  2   25 
  722.22     0.06       3919.99    3197.8       1.15     0.04     41045  2   26 
  748.825    0.017      3946.60    3197.8       2.05     0.06     41045  2   27 
  763.355    0.018      3961.13    3197.8       2.24     0.07     41045  2   28 
  771.6      0.3        4480.77    3708.4       0.12     0.03     41045  2   29 
  786.76     0.10       4261.97    3475.1       0.49     0.04     41045  2   30 
  788.8      0.3        4708.97    3920.0       0.17     0.04     41045  2   31 
  797.68     0.05       3995.47    3197.8       0.65     0.02     41045  2   32 
  821.56     0.10       4296.63    3475.1       0.40     0.02     41045  2   33 
  839.75     0.07       4037.52    3197.8       0.87     0.03     41045  2   34 
  860.555    0.015      3475.114   2614.6       6.26     0.20     41045  2   35 
  883.56     0.06       4358.66    3475.1       0.88     0.04     41045  2   36 
  927.67     0.04       4125.42    3197.8       1.58     0.04     41045  2   37 
  982.68     0.04       4180.45    3197.8       1.97     0.06     41045  2   38 
 1000.53     0.12       4708.97    3708.4       0.28     0.02     41045  2   39 
 1008.57     0.05       4206.34    3197.7       1.11     0.03     41045  2   40 
 1050.9      0.3        5280.6     4229.7       0.07     0.02     41045  2   41 
 1126.24     0.03       4324.01    3197.8       1.91     0.05     41045  2   42 
 1160.73     0.14       4358.66    3197.8       0.32     0.03     41045  2   43 
 1185.57     0.05       4383.31    3197.8       0.84     0.03     41045  2   44 
 1223.47     0.15       4698.56    3475.1       0.42     0.05     41045  2   45 
 1225.99     0.05       4423.76    3197.8       1.39     0.07     41045  2   46 
 1283.00     0.06       4480.77    3197.8       0.68     0.03     41045  2   47 
 1366.0      0.4        5595.7     4229.7       0.08     0.03     41045  2   48 
 1380.91     0.03       3995.47    2614.6       2.19     0.05     41045  2   49 
 1413.09     0.07       4610.86    3197.8       1.18     0.04     41045  2   50 
 1436.64     0.03       4051.19    2614.6       2.87     0.08     41045  2   51 
 1500.10     0.20       4698.56    3197.8       0.15     0.02     41045  2   52 
 1511.40     0.20       4125.42    2614.6       0.17     0.02     41045  2   53 
 1564.07     0.25       4761.84    3197.8       0.20     0.03     41045  2   54 
 1615.12     0.04       4229.69    2614.6       1.50     0.04     41045  2   55 
 1640.32     0.04       4254.88    2614.6       2.13     0.06     41045  2   56 
 1647.46     0.06       4261.97    2614.6       0.76     0.03     41045  2   57 
 1744.3      0.4        4358.66    2614.6       0.15     0.02     41045  2   58 
 1776.3      0.3        4974.3     3197.8       0.22     0.04     41045  2   59 
 2015.92     0.16       5213.70    3197.8       0.30     0.03     41045  2   60 
 2083.9      0.4        4698.56    2614.6       0.08     0.02     41045  2   61 
 2322.74     0.18       4937.31    2614.6       0.66     0.05     41045  2   62 
 2338.77     0.23       4953.34    2614.6       0.45     0.04     41045  2   63 
 2359.9      0.3        4974.3     2614.6       0.27     0.03     41045  2   64 
 2423.17     0.19       5037.74    2614.6       0.31     0.03     41045  2   65 
 2512.74     0.19       5127.31    2614.6       0.26     0.03     41045  2   66 
 2602.14     0.20       5216.72    2614.6       0.20     0.05     41045  2   67 
 2614.559    0.014      2614.557      0.0     121.1               41045  2   68 
 2626.6      0.3        5241.2     2614.6       0.28     0.03     41045  2   69 
 2630.9      0.3        5245.5     2614.6       0.31     0.03     41045  2   70 
 2732.97     0.23       5347.55    2614.6       0.24     0.02     41045  2   71 
 2770.0                 5384.6     2614.6       0.27     0.03     41045  2   72 
 2902.38     0.23       5516.96    2614.6       0.22     0.02     41045  2   73 
 2933.5      0.4        5548.1     2614.6       0.17     0.02     41045  2   74 
 2948.34     0.23       5562.9     2614.6       0.29     0.03     41045  2   75 
 3075.4      0.3        5690.0     2614.6       0.18     0.02     41045  2   76 
 3163.2      0.14       5777.8     2614.6       0.05     0.02     41045  2   77 
 3270.0      0.6        5884.6     2614.6       0.10     0.03     41045  2   78 
 4085.45     0.05       4085.49       0.0       2.8      0.3      41045  2   79 
 4229.64     0.18       4229.69       0.0       0.39     0.04     41045  2   80 
 4841.67     0.15       4841.73       0.0       0.45     0.05     41045  2   81 
 5292.4      0.3        5292.4        0.0       0.19     0.04     41045  2   82 
 5512.2      0.5        5512.3        0.0       0.16     0.03     41045  2   83 
 5561.5      0.18       5561.5        0.0       0.08     0.03     41045  2   84 
 5641.0      0.5        5641.5        0.0       0.17     0.03     41045  2   85 
 5715.9      0.9        5716.0        0.0       0.11     0.02     41045  2   86 
 5805.9      0.10       5806.0        0.0       0.12     0.03     41045  2   87 
 5848.2                 5848.2        0.0       0.12     0.03     41045  2   88 
 5948.0      0.16       5948.1        0.0       0.05     0.02     41045  2   89 
ENDDATA             81          0                                 41045  2   90 
ENDSUBENT           89          0                                 41045  299999 
SUBENT        41045003   20180304                             417841045  3    1 
BIB                  4          6                                 41045  3    2 
REACTION   (82-PB-208(N,INL)82-PB-208,,SPC,,REL)                  41045  3    3 
            Intensities are in "relative units"                   41045  3    4 
ANALYSIS   (4PI1A) Intensity at 125 adeg                          41045  3    5 
STATUS     (TABLE) Table 2 of BAS,54,(3),147,1990                 41045  3    6 
HISTORY    (20180304A) M.M. Several error values were corrected as41045  3    7 
           given in Table 2 .                                     41045  3    8 
ENDBIB               6          0                                 41045  3    9 
NOCOMMON             0          0                                 41045  3   10 
DATA                 4         34                                 41045  3   11 
E          E-ERR      DATA       DATA-ERR                         41045  3   12 
KEV        KEV        ARB-UNITS  ARB-UNITS                        41045  3   13 
   386.5                0.27       0.03                           41045  3   14 
   608.44    0.13       0.19       0.03                           41045  3   15 
   760.32    0.25       0.19       0.04                           41045  3   16 
   782.7     0.4        0.08       0.02                           41045  3   17 
   873.6     0.3        0.16       0.02                           41045  3   18 
   879.1     0.4        0.12       0.04                           41045  3   19 
   916.6     0.4        0.10       0.02                           41045  3   20 
   949.9     0.3        0.09       0.02                           41045  3   21 
   993.24    0.12       0.23       0.02                           41045  3   22 
  1113.6     0.3        0.12       0.03                           41045  3   23 
  1154.7     0.4        0.12       0.03                           41045  3   24 
  1221.5     0.4        0.15       0.04                           41045  3   25 
  1236.6     0.3        0.14       0.03                           41045  3   26 
  1400.7     0.4        0.10       0.03                           41045  3   27 
  1764.9     0.3        0.15       0.02                           41045  3   28 
  1798.6                0.08       0.02                           41045  3   29 
  1811.1                0.09       0.02                           41045  3   30 
  2079.0     0.3        0.10       0.02                           41045  3   31 
  2097.8     0.6        0.30       0.10                           41045  3   32 
  2112.5     0.4        0.05       0.02                           41045  3   33 
  2293.4     0.6        0.17       0.04                           41045  3   34 
  2297.1     0.3        0.42       0.05                           41045  3   35 
  2533.4     0.6        0.10       0.06                           41045  3   36 
  2649.1     0.5        0.12       0.03                           41045  3   37 
  2671.92    0.22       0.23       0.02                           41045  3   38 
  2702.6     0.4        0.05       0.02                           41045  3   39 
  2753.7     1.0        0.08       0.03                           41045  3   40 
  2844.8     0.6        0.06       0.02                           41045  3   41 
  2866.1     0.8        0.06       0.02                           41045  3   42 
  2877.4     0.9        0.06       0.02                           41045  3   43 
  3174.8     1.3        0.06       0.02                           41045  3   44 
  3640.2     0.9        0.07       0.02                           41045  3   45 
  4001.9     0.6        0.08       0.02                           41045  3   46 
  5819.9     1.1        0.08       0.03                           41045  3   47 
ENDDATA             36          0                                 41045  3   48 
ENDSUBENT           47          0                                 41045  399999 
SUBENT        41045004   20180304                             417841045  4    1 
BIB                  3          4                                 41045  4    2 
REACTION   (82-PB-208(N,INL)82-PB-208,PAR,DA,G,LEG/RS)            41045  4    3 
STATUS     (TABLE) Table 3 of BAS,54,(3),147,1990                 41045  4    4 
HISTORY    (20180304A) M.M. Several error values were corrected as41045  4    5 
           given in Table 2 .                                     41045  4    6 
ENDBIB               4          0                                 41045  4    7 
NOCOMMON             0          0                                 41045  4    8 
DATA                 4         68                                 41045  4    9 
NUMBER     E          DATA       DATA-ERR                         41045  4   10 
NO-DIM     KEV        NO-DIM     NO-DIM                           41045  4   11 
  2.         238.2      -0.02      0.08                           41045  4   12 
  2.         277.4      -0.156     0.023                          41045  4   13 
  2.         553.5      -0.14      0.06                           41045  4   14 
  2.         583.2       0.292     0.023                          41045  4   15 
  2.         588.1       0.37      0.08                           41045  4   16 
  2.         650.3      -0.29      0.07                           41045  4   17 
  2.         722.2       0.64      0.04                           41045  4   18 
  2.         748.8      -0.172     0.021                          41045  4   19 
  2.         763.3       0.31      0.03                           41045  4   20 
  2.         797.7      -0.44      0.03                           41045  4   21 
  2.         821.6      -0.47      0.07                           41045  4   22 
  2.         839.8       0.42      0.05                           41045  4   23 
  2.         860.6      -0.202     0.019                          41045  4   24 
  2.         927.7       0.34      0.03                           41045  4   25 
  2.         982.7       0.47      0.03                           41045  4   26 
  2.        1008.6       0.086     0.023                          41045  4   27 
  2.        1126.2      -0.114     0.021                          41045  4   28 
  2.        1160.7      -0.50      0.11                           41045  4   29 
  2.        1185.6      -0.14      0.03                           41045  4   30 
  2.        1223.5      -0.09      0.08                           41045  4   31 
  2.        1226.0      -0.21      0.03                           41045  4   32 
  2.        1283.0      -0.20      0.05                           41045  4   33 
  2.        1380.9      -0.132     0.021                          41045  4   34 
  2.        1413.1       0.63      0.03                           41045  4   35 
  2.        1436.6       0.25      0.03                           41045  4   36 
  2.        1615.1      -0.076     0.025                          41045  4   37 
  2.        1640.3       0.208     0.023                          41045  4   38 
  2.        1647.5      -0.21      0.06                           41045  4   39 
  2.        2322.7       0.44      0.09                           41045  4   40 
  2.        2338.8       0.23      0.10                           41045  4   41 
  2.        2614.5       0.548     0.019                          41045  4   42 
  2.        4085.4       0.259     0.022                          41045  4   43 
  2.        4229.6       0.21      0.07                           41045  4   44 
  2.        4841.7      -0.03      0.08                           41045  4   45 
  4.         238.2       0.05      0.10                           41045  4   46 
  4.         277.4      -0.031     0.031                          41045  4   47 
  4.         553.5      -0.01      0.08                           41045  4   48 
  4.         583.2      -0.077     0.029                          41045  4   49 
  4.         588.1       0.00      0.10                           41045  4   50 
  4.         650.3       0.04      0.09                           41045  4   51 
  4.         722.2       0.09      0.05                           41045  4   52 
  4.         748.8       0.065     0.031                          41045  4   53 
  4.         763.3       0.00      0.03                           41045  4   54 
  4.         797.7       0.02      0.04                           41045  4   55 
  4.         821.6       0.08      0.08                           41045  4   56 
  4.         839.8      -0.02      0.07                           41045  4   57 
  4.         860.6       0.001     0.028                          41045  4   58 
  4.         927.7      -0.02      0.03                           41045  4   59 
  4.         982.7       0.06      0.04                           41045  4   60 
  4.        1008.6       0.038     0.032                          41045  4   61 
  4.        1126.2       0.008     0.029                          41045  4   62 
  4.        1160.7      -0.13      0.14                           41045  4   63 
  4.        1185.6       0.04      0.04                           41045  4   64 
  4.        1223.5       0.02      0.09                           41045  4   65 
  4.        1226.0       0.03      0.05                           41045  4   66 
  4.        1283.0      -0.04      0.06                           41045  4   67 
  4.        1380.9       0.049     0.029                          41045  4   68 
  4.        1413.1       0.15      0.04                           41045  4   69 
  4.        1436.6       0.03      0.04                           41045  4   70 
  4.        1615.1       0.016     0.033                          41045  4   71 
  4.        1640.3       0.018     0.030                          41045  4   72 
  4.        1647.5      -0.02      0.07                           41045  4   73 
  4.        2322.7       0.12      0.10                           41045  4   74 
  4.        2338.8       0.07      0.12                           41045  4   75 
  4.        2614.5       0.115     0.024                          41045  4   76 
  4.        4085.4      -0.134     0.028                          41045  4   77 
  4.        4229.6      -0.05      0.08                           41045  4   78 
  4.        4841.7       0.08      0.10                           41045  4   79 
ENDDATA             70          0                                 41045  4   80 
ENDSUBENT           79          0                                 41045  499999 
ENDENTRY             4          0                                 4104599999999 
