ENTRY            41277   19980213                             00004127700000001 
SUBENT        41277001   19980213                             00004127700100001 
BIB                  9          9                                 4127700100002 
TITLE      NEUTRON RESONANCE SPINS FOR ER-167 AND YB-173          4127700100003 
AUTHOR     (E.N.KARZHAVINA,S.S.KIM,A.B.POPOV,KH.FAIKOV)           4127700100004 
INSTITUTE  (4ZZZDUB)                                              4127700100005 
REFERENCE  (R,JINR-P3-8511,75)                                    4127700100006 
FACILITY   (REAC)                                                 4127700100007 
METHOD     GAMMA-QUANTUM MULTIPLICITY                             4127700100008 
DETECTOR   NEUTRON SPECTROMETER                                   4127700100009 
FLAG       (1.) ESTIMATED VALUE                                   4127700100010 
HISTORY    (980213C) + + COMPILED AT THE CENTER - CJD  + +        4127700100011 
ENDBIB               9          0                                 4127700100012 
NOCOMMON             0          0                                 4127700100013 
ENDSUBENT           12          0                                 4127700199999 
SUBENT        41277002   19980213                             00004127700200001 
BIB                  2          2                                 4127700200002 
REACTION   (68-ER-167(N,0),,J)                                    4127700200003 
HISTORY    (980213T) CONVERTED FROM SUBENT 87004002               4127700200004 
ENDBIB               2          0                                 4127700200005 
NOCOMMON             0          0                                 4127700200006 
DATA                 3         60                                 4127700200007 
EN-RES     DATA       FLAG                                        4127700200008 
EV         NO-DIM     NO-DIM                                      4127700200009 
 5.9900E+00 3.0000E+00                                            4127700200010 
 7.9200E+00 4.0000E+00                                            4127700200011 
 9.3900E+00 3.0000E+00                                            4127700200012 
 2.0200E+01 4.0000E+00                                            4127700200013 
 2.2000E+01 3.0000E+00                                            4127700200014 
 2.6200E+01 3.0000E+00                                            4127700200015 
 2.7400E+01 4.0000E+00                                            4127700200016 
 3.2800E+01 4.0000E+00                                            4127700200017 
 3.7600E+01 4.0000E+00                                            4127700200018 
 3.9400E+01 3.0000E+00                                            4127700200019 
 4.2200E+01 3.0000E+00                                            4127700200020 
 5.0100E+01 4.0000E+00                                            4127700200021 
 5.3500E+01 4.0000E+00 1.0000E+00                                 4127700200022 
 5.9900E+01 3.0000E+00                                            4127700200023 
 6.2100E+01 4.0000E+00                                            4127700200024 
 6.2800E+01 3.0000E+00                                            4127700200025 
 6.9400E+01 4.0000E+00                                            4127700200026 
 7.4400E+01 4.0000E+00                                            4127700200027 
 7.5700E+01 4.0000E+00                                            4127700200028 
 7.9300E+01 3.0000E+00                                            4127700200029 
 8.5400E+01 3.0000E+00                                            4127700200030 
 9.1200E+01 4.0000E+00                                            4127700200031 
 9.4700E+01 4.0000E+00 1.0000E+00                                 4127700200032 
 9.7500E+01 4.0000E+00                                            4127700200033 
 9.8200E+01 4.0000E+00 1.0000E+00                                 4127700200034 
 1.0760E+02 3.0000E+00                                            4127700200035 
 1.1290E+02 4.0000E+00                                            4127700200036 
 1.1550E+02 3.0000E+00                                            4127700200037 
 1.3140E+02 4.0000E+00                                            4127700200038 
 1.4220E+02 4.0000E+00                                            4127700200039 
 1.4290E+02 4.0000E+00                                            4127700200040 
 1.5040E+02 4.0000E+00                                            4127700200041 
 1.5320E+02 3.0000E+00                                            4127700200042 
 1.5760E+02 3.0000E+00 1.0000E+00                                 4127700200043 
 1.5950E+02 4.0000E+00                                            4127700200044 
 1.6220E+02 4.0000E+00                                            4127700200045 
 1.6510E+02 4.0000E+00                                            4127700200046 
 1.6630E+02 3.0000E+00 1.0000E+00                                 4127700200047 
 1.6830E+02 4.0000E+00                                            4127700200048 
 1.7680E+02 3.0000E+00                                            4127700200049 
 1.7840E+02 4.0000E+00                                            4127700200050 
 1.8460E+02 4.0000E+00                                            4127700200051 
 1.9130E+02 4.0000E+00                                            4127700200052 
 1.9590E+02 3.0000E+00                                            4127700200053 
 2.0980E+02 3.0000E+00 1.0000E+00                                 4127700200054 
 2.1720E+02 4.0000E+00                                            4127700200055 
 2.2320E+02 4.0000E+00                                            4127700200056 
 2.2860E+02 4.0000E+00 1.0000E+00                                 4127700200057 
 2.3020E+02 4.0000E+00 1.0000E+00                                 4127700200058 
 2.3550E+02 3.0000E+00 1.0000E+00                                 4127700200059 
 2.3760E+02 3.0000E+00 1.0000E+00                                 4127700200060 
 2.3840E+02 4.0000E+00 1.0000E+00                                 4127700200061 
 2.4700E+02 4.0000E+00 1.0000E+00                                 4127700200062 
 2.4920E+02 3.0000E+00 1.0000E+00                                 4127700200063 
 2.5800E+02 4.0000E+00                                            4127700200064 
 2.6330E+02 4.0000E+00                                            4127700200065 
 2.7430E+02 3.0000E+00 1.0000E+00                                 4127700200066 
 2.8010E+02 4.0000E+00                                            4127700200067 
 2.8290E+02 4.0000E+00                                            4127700200068 
 2.8890E+02 3.0000E+00                                            4127700200069 
ENDDATA             62          0                                 4127700200070 
ENDSUBENT           69          0                                 4127700299999 
SUBENT        41277003   19980213                             00004127700300001 
BIB                  2          2                                 4127700300002 
REACTION   (70-YB-173(N,0),,J)                                    4127700300003 
HISTORY    (980213T) CONVERTED FROM SUBENT 87004003               4127700300004 
ENDBIB               2          0                                 4127700300005 
NOCOMMON             0          0                                 4127700300006 
DATA                 3         54                                 4127700300007 
EN-RES     DATA       FLAG                                        4127700300008 
EV         NO-DIM     NO-DIM                                      4127700300009 
 1.7600E+01 2.0000E+00                                            4127700300010 
 3.1400E+01 2.0000E+00                                            4127700300011 
 3.5600E+01 3.0000E+00                                            4127700300012 
 4.5100E+01 2.0000E+00                                            4127700300013 
 5.3400E+01 3.0000E+00                                            4127700300014 
 5.8800E+01 3.0000E+00                                            4127700300015 
 6.6100E+01 3.0000E+00                                            4127700300016 
 6.8800E+01 2.0000E+00                                            4127700300017 
 7.4400E+01 3.0000E+00                                            4127700300018 
 7.6000E+01 2.0000E+00                                            4127700300019 
 9.6300E+01 3.0000E+00                                            4127700300020 
 1.0550E+02 2.0000E+00                                            4127700300021 
 1.1100E+02 2.0000E+00                                            4127700300022 
 1.1510E+02 3.0000E+00                                            4127700300023 
 1.2420E+02 2.0000E+00                                            4127700300024 
 1.2870E+02 3.0000E+00                                            4127700300025 
 1.3460E+02 3.0000E+00                                            4127700300026 
 1.4520E+02 2.0000E+00                                            4127700300027 
 1.5400E+02 3.0000E+00                                            4127700300028 
 1.5560E+02 3.0000E+00 1.0000E+00                                 4127700300029 
 1.6900E+02 3.0000E+00                                            4127700300030 
 1.9720E+02 3.0000E+00                                            4127700300031 
 2.0470E+02 2.0000E+00                                            4127700300032 
 2.1010E+02 3.0000E+00                                            4127700300033 
 2.2160E+02 2.0000E+00                                            4127700300034 
 2.2630E+02 3.0000E+00 1.0000E+00                                 4127700300035 
 2.2940E+02 2.0000E+00                                            4127700300036 
 2.5060E+02 3.0000E+00                                            4127700300037 
 2.5660E+02 3.0000E+00                                            4127700300038 
 2.7750E+02 2.0000E+00                                            4127700300039 
 2.8340E+02 2.0000E+00 1.0000E+00                                 4127700300040 
 2.8610E+02 3.0000E+00 1.0000E+00                                 4127700300041 
 3.0340E+02 3.0000E+00                                            4127700300042 
 3.0640E+02 3.0000E+00                                            4127700300043 
 3.1770E+02 3.0000E+00                                            4127700300044 
 3.2430E+02 3.0000E+00                                            4127700300045 
 3.4020E+02 3.0000E+00                                            4127700300046 
 3.5120E+02 2.0000E+00                                            4127700300047 
 3.6190E+02 2.0000E+00                                            4127700300048 
 3.7150E+02 2.0000E+00                                            4127700300049 
 3.9280E+02 3.0000E+00                                            4127700300050 
 4.0510E+02 2.0000E+00 1.0000E+00                                 4127700300051 
 4.2000E+02 3.0000E+00                                            4127700300052 
 4.2980E+02 3.0000E+00                                            4127700300053 
 4.3910E+02 2.0000E+00                                            4127700300054 
 4.4770E+02 2.0000E+00                                            4127700300055 
 4.5980E+02 3.0000E+00                                            4127700300056 
 4.8800E+02 3.0000E+00                                            4127700300057 
 5.1380E+02 2.0000E+00 1.0000E+00                                 4127700300058 
 5.2840E+02 3.0000E+00                                            4127700300059 
 5.4840E+02 3.0000E+00                                            4127700300060 
 5.7420E+02 3.0000E+00                                            4127700300061 
 6.0520E+02 3.0000E+00                                            4127700300062 
 6.1890E+02 3.0000E+00                                            4127700300063 
ENDDATA             56          0                                 4127700300064 
ENDSUBENT           63          0                                 4127700399999 
ENDENTRY             3          0                                 4127799999999 
