ENTRY            41286   20241212                             422141286000    1 
SUBENT        41286001   20241212                             422141286001    1 
BIB                  8         13                                 41286001    2 
TITLE       Mechanism of the reaction (n,nf) and delayed neutrons 41286001    3 
AUTHOR     (B.P.Maksyutenko,Yu.F.Balakshev,G.I.Volkova)           41286001    4 
REFERENCE  (R,INDC(CCP)-66,2,1975)  English of YFI-20,4           41286001    5 
           (P,YFI-20,4,197504)  Data are given. Main reference    41286001    6 
INSTITUTE  (4RUSFEI)                                              41286001    7 
FACILITY   (VDG)  Van de Graaff accelerator                       41286001    8 
MONITOR    .No information                                        41286001    9 
INC-SOURCE (D-D)                                                  41286001   10 
HISTORY    (19980914C)  + + Compiled at the centre - CJD + +      41286001   11 
           (20040903C) Date and Reaction field were corrected     41286001   12 
           (20050503U) Last checking has been done.               41286001   13 
           (20241212U) M.M. Upper -> lower case correction.       41286001   14 
            STATUS information was updated.                       41286001   15 
ENDBIB              13          0                                 41286001   16 
NOCOMMON             0          0                                 41286001   17 
ENDSUBENT           16          0                                 4128600199999 
SUBENT        41286002   20241212                             422141286002    1 
BIB                  3          5                                 41286002    2 
REACTION   (92-U-238(N,F),DL/GRP,NU,,REL)  Relative to delayed    41286002    3 
              neutron yield for HL=55.6 sec                       41286002    4 
ERR-ANALYS (DATA-ERR)  Not specified                              41286002    5 
           (ERR-1) Average error given in per-cents               41286002    6 
STATUS     (TABLE,,B.P.Maksyutenko+,R,INDC(CCP)-66,2,1975) Table 141286002    7 
ENDBIB               5          0                                 41286002    8 
NOCOMMON             0          0                                 41286002    9 
DATA                 5        150                                 41286002   10 
EN         HL         DATA       DATA-ERR   ERR-1                 41286002   11 
MEV        SEC        ARB-UNITS  ARB-UNITS  PER-CENT              41286002   12 
        3.9       55.6         1.                                 41286002   13 
        3.9       24.7       6.65       0.19                      41286002   14 
        3.9       16.3       5.82       0.14                      41286002   15 
        3.9        6.1       2.62       0.26                      41286002   16 
        3.9       4.45      10.88       0.08                      41286002   17 
        3.9        2.5       26.9        3.4                      41286002   18 
        3.9         2.       15.7        1.4                      41286002   19 
        3.9        1.5       4.25       0.07                      41286002   20 
        3.9         1.      0.592      0.023                      41286002   21 
        3.9        0.5      0.216      0.014                      41286002   22 
        4.2       55.6         1.                                 41286002   23 
        4.2       24.7        6.5       0.27                      41286002   24 
        4.2       16.3       5.51       0.08                      41286002   25 
        4.2        6.1       1.94       0.08                      41286002   26 
        4.2       4.45       9.52       0.17                      41286002   27 
        4.2        2.5        24.        1.7                      41286002   28 
        4.2         2.       13.4        2.9                      41286002   29 
        4.2        1.5        4.2        1.4                      41286002   30 
        4.2         1.       0.56       0.25                      41286002   31 
        4.2        0.5      0.181      0.094                      41286002   32 
        4.5       55.6         1.                                 41286002   33 
        4.5       24.7       5.88                                 41286002   34 
        4.5       16.3       5.91                                 41286002   35 
        4.5        6.1       1.82                                 41286002   36 
        4.5       4.45       8.72                                 41286002   37 
        4.5        2.5       24.1                                 41286002   38 
        4.5         2.       12.2                                 41286002   39 
        4.5        1.5        2.5                                 41286002   40 
        4.5         1.       0.19                                 41286002   41 
        4.5        0.5       0.04                                 41286002   42 
        4.8       55.6         1.                                 41286002   43 
        4.8       24.7       7.61                                 41286002   44 
        4.8       16.3       6.54                                 41286002   45 
        4.8        6.1       3.43                                 41286002   46 
        4.8       4.45        9.9                                 41286002   47 
        4.8        2.5       26.4                                 41286002   48 
        4.8         2.       18.4                                 41286002   49 
        4.8        1.5        4.8                                 41286002   50 
        4.8         1.       0.33                                 41286002   51 
        4.8        0.5       0.06                                 41286002   52 
        5.1       55.6         1.                                 41286002   53 
        5.1       24.7       6.34       0.51                      41286002   54 
        5.1       16.3       4.58       0.78                      41286002   55 
        5.1        6.1        7.4        2.8                      41286002   56 
        5.1       4.45        6.4        2.4                      41286002   57 
        5.1        2.5        14.       0.26                      41286002   58 
        5.1         2.       12.4        4.6                      41286002   59 
        5.1        1.5         8.         6.                      41286002   60 
        5.1         1.         4.        2.3                      41286002   61 
        5.1        0.5        1.6        0.6                      41286002   62 
       5.25       55.6         1.                                 41286002   63 
       5.25       24.7       7.09                                 41286002   64 
       5.25       16.3       4.35                                 41286002   65 
       5.25        6.1       3.27                                 41286002   66 
       5.25       4.45       7.39                                 41286002   67 
       5.25        2.5       13.8                                 41286002   68 
       5.25         2.       10.1                                 41286002   69 
       5.25        1.5        5.4                                 41286002   70 
       5.25         1.        2.5                                 41286002   71 
       5.25        0.5        2.1                                 41286002   72 
        5.5       55.6         1.                                 41286002   73 
        5.5       24.7        7.6         1.                      41286002   74 
        5.5       16.3       4.66       0.36                      41286002   75 
        5.5        6.1        5.4        0.9                      41286002   76 
        5.5       4.45        5.5        2.6                      41286002   77 
        5.5        2.5       13.6        1.3                      41286002   78 
        5.5         2.       14.4        0.8                      41286002   79 
        5.5        1.5        8.3        1.1                      41286002   80 
        5.5         1.        1.8        0.5                      41286002   81 
        5.5        0.5        0.8        0.6                      41286002   82 
        5.9       55.6         1.                                 41286002   83 
        5.9       24.7       7.18                                 41286002   84 
        5.9       16.3       3.83                                 41286002   85 
        5.9        6.1        3.5                                 41286002   86 
        5.9       4.45       5.51                                 41286002   87 
        5.9        2.5       14.6                                 41286002   88 
        5.9         2.       12.6                                 41286002   89 
        5.9        1.5        6.2                                 41286002   90 
        5.9         1.         2.                                 41286002   91 
        5.9        0.5        1.9                                 41286002   92 
         6.       55.6         1.                                 41286002   93 
         6.       24.7       6.64                                 41286002   94 
         6.       16.3       4.25                                 41286002   95 
         6.        6.1        2.4                                 41286002   96 
         6.       4.45       7.56                                 41286002   97 
         6.        2.5       14.5                                 41286002   98 
         6.         2.        9.3                                 41286002   99 
         6.        1.5        4.4                                 41286002  100 
         6.         1.        2.3                                 41286002  101 
         6.        0.5        2.9                                 41286002  102 
        6.2       55.6         1.                                 41286002  103 
        6.2       24.7       6.75       0.04                      41286002  104 
        6.2       16.3       3.81       0.14                      41286002  105 
        6.2        6.1        3.7        1.2                      41286002  106 
        6.2       4.45        6.9        1.7                      41286002  107 
        6.2        2.5       11.9        0.3                      41286002  108 
        6.2         2.        9.9        1.3                      41286002  109 
        6.2        1.5        5.7        0.7                      41286002  110 
        6.2         1.       2.24       0.47                      41286002  111 
        6.2        0.5        1.8        0.9                      41286002  112 
        6.4       55.6         1.                                 41286002  113 
        6.4       24.7       6.92       0.14                      41286002  114 
        6.4       16.3       3.69       0.15                      41286002  115 
        6.4        6.1       2.95       0.23                      41286002  116 
        6.4       4.45        7.6        1.5                      41286002  117 
        6.4        2.5       11.9        1.2                      41286002  118 
        6.4         2.       9.05       0.45                      41286002  119 
        6.4        1.5       5.46       0.63                      41286002  120 
        6.4         1.       2.59       0.25                      41286002  121 
        6.4        0.5        2.3        1.2                      41286002  122 
        6.6       55.6         1.                                 41286002  123 
        6.6       24.7       6.64                    5.           41286002  124 
        6.6       16.3       3.84                    6.           41286002  125 
        6.6        6.1       3.23                   18.           41286002  126 
        6.6       4.45       7.19                   20.           41286002  127 
        6.6        2.5       12.3                    8.           41286002  128 
        6.6         2.         9.                   15.           41286002  129 
        6.6        1.5        4.9                   30.           41286002  130 
        6.6         1.        2.2                   60.           41286002  131 
        6.6        0.5        1.6                  100.           41286002  132 
        6.8       55.6         1.                                 41286002  133 
        6.8       24.7       6.71                    5.           41286002  134 
        6.8       16.3       3.99                    6.           41286002  135 
        6.8        6.1       3.03                   18.           41286002  136 
        6.8       4.45        6.6                   20.           41286002  137 
        6.8        2.5       14.3                    8.           41286002  138 
        6.8         2.       11.1                   15.           41286002  139 
        6.8        1.5        5.6                   30.           41286002  140 
        6.8         1.        2.3                   60.           41286002  141 
        6.8        0.5        2.2                  100.           41286002  142 
         7.       55.6         1.                                 41286002  143 
         7.       24.7       6.12                    5.           41286002  144 
         7.       16.3       4.09                    6.           41286002  145 
         7.        6.1       1.51                   18.           41286002  146 
         7.       4.45       7.82                   20.           41286002  147 
         7.        2.5       17.5                    8.           41286002  148 
         7.         2.        6.2                   15.           41286002  149 
         7.        1.5        1.3                   30.           41286002  150 
         7.         1.        0.7                   60.           41286002  151 
         7.        0.5        4.4                  100.           41286002  152 
        7.1       55.6         1.                                 41286002  153 
        7.1       24.7       6.87                    5.           41286002  154 
        7.1       16.3       3.82                    6.           41286002  155 
        7.1        6.1       1.38                   18.           41286002  156 
        7.1       4.45       7.83                   20.           41286002  157 
        7.1        2.5       17.6                    8.           41286002  158 
        7.1         2.        7.7                   15.           41286002  159 
        7.1        1.5        2.7                   30.           41286002  160 
        7.1         1.        2.1                   60.           41286002  161 
        7.1        0.5         6.                  100.           41286002  162 
ENDDATA            152          0                                 41286002  163 
ENDSUBENT          162          0                                 4128600299999 
SUBENT        41286003   20241212                             422141286003    1 
BIB                  2          2                                 41286003    2 
REACTION   (92-U-238(N,F),DL,NU)                                  41286003    3 
STATUS     (TABLE,,B.P.Maksyutenko+,R,INDC(CCP)-66,2,1975) Table 241286003    4 
ENDBIB               2          0                                 41286003    5 
NOCOMMON             0          0                                 41286003    6 
DATA                 2         15                                 41286003    7 
EN         DATA                                                   41286003    8 
MEV        PRT/FIS                                                41286003    9 
 3.9         0.049                                                41286003   10 
 4.2         0.050                                                41286003   11 
 4.5         0.050                                                41286003   12 
 4.8         0.056                                                41286003   13 
 5.1         0.054                                                41286003   14 
 5.25        0.042                                                41286003   15 
 5.5         0.061                                                41286003   16 
 5.9         0.054                                                41286003   17 
 6.0         0.036                                                41286003   18 
 6.2         0.038                                                41286003   19 
 6.4         0.032                                                41286003   20 
 6.6         0.038                                                41286003   21 
 6.8         0.046                                                41286003   22 
 7.0         0.037                                                41286003   23 
 7.1         0.034                                                41286003   24 
ENDDATA             17          0                                 41286003   25 
ENDSUBENT           24          0                                 4128600399999 
ENDENTRY             3          0                                 4128699999999 
