ENTRY            41627   20171210                             417741627  0    1 
SUBENT        41627001   20171210                             417741627  1    1 
BIB                  8         15                                 41627  1    2 
TITLE       Determination of the parameters of neutron levels for 41627  1    3 
           intermediate and heavy nuclei.                         41627  1    4 
AUTHOR     (K.G.Ignatev,A.N.Soldatov,S.I.Sukhoruchkin)            41627  1    5 
INSTITUTE  (4RUSITE)                                              41627  1    6 
REFERENCE  ((R,INDC(CCP)-013,16,1964)=(R,INDSWG-120,16,1965))     41627  1    7 
               INDC(CCP)-*013                                     41627  1    8 
            Engl.translation of :                                 41627  1    9 
           (R,YFI-1,16,1965)                                      41627  1   10 
FACILITY   (CYCLO,4RUSITE)                                        41627  1   11 
METHOD     (TOF)                                                  41627  1   12 
ERR-ANALYS  Uncertainty :                                         41627  1   13 
           0.2 eV at neutron energy 50 eV,                        41627  1   14 
           0.7 eV - at 150 eV, 1.5 eV - at 250 eV,                41627  1   15 
           2.5 eV - at 350 eV.                                    41627  1   16 
HISTORY    (20171210C) M.M.                                       41627  1   17 
ENDBIB              15          0                                 41627  1   18 
NOCOMMON             0          0                                 41627  1   19 
ENDSUBENT           18          0                                 41627  199999 
SUBENT        41627002   20171210                             417741627  2    1 
BIB                  3          3                                 41627  2    2 
REACTION   (46-PD-0(N,0),,EN)                                     41627  2    3 
FLAG       (1.) Under question                                    41627  2    4 
STATUS     (TABLE) Text, page 16 of R,INDC(CCP)-*013,16,1964      41627  2    5 
ENDBIB               3          0                                 41627  2    6 
NOCOMMON             0          0                                 41627  2    7 
DATA                 2         23                                 41627  2    8 
DATA       FLAG                                                   41627  2    9 
EV         NO-DIM                                                 41627  2   10 
  77.6                                                            41627  2   11 
  86.7                                                            41627  2   12 
  90.9                                                            41627  2   13 
 104.0       1.                                                   41627  2   14 
 113.0       1.                                                   41627  2   15 
 126.0                                                            41627  2   16 
 141.2                                                            41627  2   17 
 150.0                                                            41627  2   18 
 158.3                                                            41627  2   19 
 177.8       1.                                                   41627  2   20 
 182.9                                                            41627  2   21 
 202.5                                                            41627  2   22 
 252.8                                                            41627  2   23 
 261.2                                                            41627  2   24 
 274.2                                                            41627  2   25 
 281.9                                                            41627  2   26 
 305.3                                                            41627  2   27 
 346.8                                                            41627  2   28 
 355.1                                                            41627  2   29 
 422.2                                                            41627  2   30 
 429.5                                                            41627  2   31 
 452.9                                                            41627  2   32 
 466.6                                                            41627  2   33 
ENDDATA             25          0                                 41627  2   34 
ENDSUBENT           33          0                                 41627  299999 
SUBENT        41627003   20171210                             417741627  3    1 
BIB                  2          2                                 41627  3    2 
REACTION   (54-XE-0(N,0),,EN)                                     41627  3    3 
STATUS     (TABLE) Text, page 16 of R,INDC(CCP)-*013,16,1964      41627  3    4 
ENDBIB               2          0                                 41627  3    5 
NOCOMMON             0          0                                 41627  3    6 
DATA                 1          9                                 41627  3    7 
DATA                                                              41627  3    8 
EV                                                                41627  3    9 
  45.9                                                            41627  3   10 
  92.7                                                            41627  3   11 
 115.1                                                            41627  3   12 
 126.5                                                            41627  3   13 
 185.7                                                            41627  3   14 
 211.2                                                            41627  3   15 
 246.3                                                            41627  3   16 
 280.1                                                            41627  3   17 
 337.8                                                            41627  3   18 
ENDDATA             11          0                                 41627  3   19 
ENDSUBENT           18          0                                 41627  399999 
SUBENT        41627004   20171210                             417741627  4    1 
BIB                  2          2                                 41627  4    2 
REACTION   (29-CU-0(N,0),,EN)                                     41627  4    3 
STATUS     (TABLE) Text, page 16 of R,INDC(CCP)-*013,16,1964      41627  4    4 
ENDBIB               2          0                                 41627  4    5 
NOCOMMON             0          0                                 41627  4    6 
DATA                 1          2                                 41627  4    7 
DATA                                                              41627  4    8 
EV                                                                41627  4    9 
 229.3                                                            41627  4   10 
 576.7                                                            41627  4   11 
ENDDATA              4          0                                 41627  4   12 
ENDSUBENT           11          0                                 41627  499999 
SUBENT        41627005   20171210                             417741627  5    1 
BIB                  3          3                                 41627  5    2 
REACTION   (30-ZN-0(N,0),,EN)                                     41627  5    3 
FLAG       (1.) Under question                                    41627  5    4 
STATUS     (TABLE) Text, page 16 of R,INDC(CCP)-*013,16,1964      41627  5    5 
ENDBIB               3          0                                 41627  5    6 
NOCOMMON             0          0                                 41627  5    7 
DATA                 2          3                                 41627  5    8 
DATA       FLAG                                                   41627  5    9 
EV         NO-DIM                                                 41627  5   10 
 222.8                                                            41627  5   11 
 438.73     1.                                                    41627  5   12 
 500.6                                                            41627  5   13 
ENDDATA              5          0                                 41627  5   14 
ENDSUBENT           13          0                                 41627  599999 
SUBENT        41627006   20171210                             417741627  6    1 
BIB                  2          2                                 41627  6    2 
REACTION   (81-TL-0(N,0),,EN)                                     41627  6    3 
STATUS     (TABLE) Text, page 16 of R,INDC(CCP)-*013,16,1964      41627  6    4 
ENDBIB               2          0                                 41627  6    5 
NOCOMMON             0          0                                 41627  6    6 
DATA                 1          1                                 41627  6    7 
DATA                                                              41627  6    8 
EV                                                                41627  6    9 
 238.8                                                            41627  6   10 
ENDDATA              3          0                                 41627  6   11 
ENDSUBENT           10          0                                 41627  699999 
SUBENT        41627007   20171210                             417741627  7    1 
BIB                  3          5                                 41627  7    2 
REACTION   (49-IN-0(N,0),,EN)                                     41627  7    3 
FLAG       (1.) Under question                                    41627  7    4 
           (2.) Marked by "gr *"                                  41627  7    5 
           (3.) Marked by "gr" . Group of resonances? Ground?     41627  7    6 
STATUS     (TABLE) Text, page 16 of R,INDC(CCP)-*013,16,1964      41627  7    7 
ENDBIB               5          0                                 41627  7    8 
NOCOMMON             0          0                                 41627  7    9 
DATA                 2         18                                 41627  7   10 
DATA       FLAG                                                   41627  7   11 
EV         NO-DIM                                                 41627  7   12 
  65.9                                                            41627  7   13 
  81.1                                                            41627  7   14 
  84.0                                                            41627  7   15 
  95.3                                                            41627  7   16 
 126.8                                                            41627  7   17 
 133.9                                                            41627  7   18 
 166.6                                                            41627  7   19 
 188.2                                                            41627  7   20 
 208.3                                                            41627  7   21 
 226.2                                                            41627  7   22 
 252.5                                                            41627  7   23 
 269.2      1.                                                    41627  7   24 
 292.7                                                            41627  7   25 
 298.9                                                            41627  7   26 
 322.2      2.                                                    41627  7   27 
 413.0      3.                                                    41627  7   28 
 462.0      3.                                                    41627  7   29 
 587.9                                                            41627  7   30 
ENDDATA             20          0                                 41627  7   31 
ENDSUBENT           30          0                                 41627  799999 
SUBENT        41627008   20171210                             417741627  8    1 
BIB                  3          4                                 41627  8    2 
REACTION   (77-IR-0(N,0),,EN)                                     41627  8    3 
FLAG       (1.) Under question                                    41627  8    4 
           (2.) Marked by "gr" . Group of resonances? Ground?     41627  8    5 
STATUS     (TABLE) Text, page 16 of R,INDC(CCP)-*013,16,1964      41627  8    6 
ENDBIB               4          0                                 41627  8    7 
NOCOMMON             0          0                                 41627  8    8 
DATA                 2         58                                 41627  8    9 
DATA       FLAG                                                   41627  8   10 
EV         NO-DIM                                                 41627  8   11 
  19.23                                                           41627  8   12 
  20.16                                                           41627  8   13 
  24.4                                                            41627  8   14 
  25.1                                                            41627  8   15 
  26.0                                                            41627  8   16 
  29.9                                                            41627  8   17 
  31.6                                                            41627  8   18 
  36.6                                                            41627  8   19 
  40.4                                                            41627  8   20 
  41.5                                                            41627  8   21 
  43.2                                                            41627  8   22 
  45.9      1.                                                    41627  8   23 
  50.9                                                            41627  8   24 
  52.5                                                            41627  8   25 
  53.9                                                            41627  8   26 
  62.7      1.                                                    41627  8   27 
  63.1      2.                                                    41627  8   28 
  65.7      2.                                                    41627  8   29 
  67.9                                                            41627  8   30 
  69.2                                                            41627  8   31 
  71.5                                                            41627  8   32 
  77.9                                                            41627  8   33 
  78.9      1.                                                    41627  8   34 
  80.6                                                            41627  8   35 
  87.3                                                            41627  8   36 
  97.3                                                            41627  8   37 
 100.1      1.                                                    41627  8   38 
 103.6                                                            41627  8   39 
 104.8                                                            41627  8   40 
 109.9                                                            41627  8   41 
 114.6                                                            41627  8   42 
 116.3                                                            41627  8   43 
 127.6      2.                                                    41627  8   44 
 130.1      2.                                                    41627  8   45 
 134.1                                                            41627  8   46 
 143.2                                                            41627  8   47 
 147.8      2.                                                    41627  8   48 
 152.8                                                            41627  8   49 
 156.4                                                            41627  8   50 
 163.8                                                            41627  8   51 
 169.1      1.                                                    41627  8   52 
 179.7                                                            41627  8   53 
 182.8                                                            41627  8   54 
 186.2                                                            41627  8   55 
 195.2                                                            41627  8   56 
 208.0                                                            41627  8   57 
 214.9                                                            41627  8   58 
 224.3                                                            41627  8   59 
 247.1                                                            41627  8   60 
 263.1                                                            41627  8   61 
 273.1                                                            41627  8   62 
 279.7                                                            41627  8   63 
 289.4                                                            41627  8   64 
 296.9      1.                                                    41627  8   65 
 310.1                                                            41627  8   66 
 331.8                                                            41627  8   67 
 376.2      2.                                                    41627  8   68 
 416.2                                                            41627  8   69 
ENDDATA             60          0                                 41627  8   70 
ENDSUBENT           69          0                                 41627  899999 
SUBENT        41627009   20171210                             417741627  9    1 
BIB                  3          4                                 41627  9    2 
REACTION   (76-OS-0(N,0),,EN)                                     41627  9    3 
FLAG       (1.) Under question                                    41627  9    4 
           (2.) Marked by "gr" . Group of resonances? Ground?     41627  9    5 
STATUS     (TABLE) Text, page 16 of R,INDC(CCP)-*013,16,1964      41627  9    6 
ENDBIB               4          0                                 41627  9    7 
NOCOMMON             0          0                                 41627  9    8 
DATA                 2         19                                 41627  9    9 
DATA       FLAG                                                   41627  9   10 
EV         NO-DIM                                                 41627  9   11 
  50.4                                                            41627  9   12 
  55.0                                                            41627  9   13 
  60.7                                                            41627  9   14 
  63.9                                                            41627  9   15 
  65.5                                                            41627  9   16 
  76.3                                                            41627  9   17 
  77.9       1.                                                   41627  9   18 
  78.9       1.                                                   41627  9   19 
  90.7                                                            41627  9   20 
 104.4                                                            41627  9   21 
 110.8                                                            41627  9   22 
 127.9                                                            41627  9   23 
 131.0       1.                                                   41627  9   24 
 145.5                                                            41627  9   25 
 149.9                                                            41627  9   26 
 166.6                                                            41627  9   27 
 202.7                                                            41627  9   28 
 217.8                                                            41627  9   29 
 317.4       2.                                                   41627  9   30 
ENDDATA             21          0                                 41627  9   31 
ENDSUBENT           30          0                                 41627  999999 
SUBENT        41627010   20171210                             417741627 10    1 
BIB                  2          2                                 41627 10    2 
REACTION   (42-MO-0(N,0),,EN)                                     41627 10    3 
STATUS     (TABLE) Text, page 16 of R,INDC(CCP)-*013,16,1964      41627 10    4 
ENDBIB               2          0                                 41627 10    5 
NOCOMMON             0          0                                 41627 10    6 
DATA                 1          6                                 41627 10    7 
DATA                                                              41627 10    8 
EV                                                                41627 10    9 
  44.6                                                            41627 10   10 
  70.9                                                            41627 10   11 
 131.5                                                            41627 10   12 
 159.8                                                            41627 10   13 
 289.3                                                            41627 10   14 
 362.7                                                            41627 10   15 
ENDDATA              8          0                                 41627 10   16 
ENDSUBENT           15          0                                 41627 1099999 
ENDENTRY            10          0                                 4162799999999 
