ENTRY            41656   20191221                             418541656  0    1 
SUBENT        41656001   20191221                             418541656  1    1 
BIB                 12         45                                 41656  1    2 
INSTITUTE  (4RUSFEI)                                              41656  1    3 
REFERENCE  (J,JEL,17,257,1973)   Engl. translation of :           41656  1    4 
           (J,ZEP,17,362,1973)                                    41656  1    5 
AUTHOR     (B.I.Fursov,V.M.Kupriyanov,G.N.Smirenkin)              41656  1    6 
TITLE      Anomaly of the (n, n'f) reaction threshold             41656  1    7 
FACILITY   (VDG)                                                  41656  1    8 
INC-SOURCE No information                                         41656  1    9 
DETECTOR   (IOCH) Double ionization chamber for fission fragments 41656  1   10 
           registration                                           41656  1   11 
MONITOR    (92-U-235(N,F),,SIG)                                   41656  1   12 
            Monitor CS were also digitized from solid curve for   41656  1   13 
           U-235 on Fig.1 .                                       41656  1   14 
           EN,MeV  CS,barn     EN,MeV  CS,barn    EN,MeV  CS,barn 41656  1   15 
           1.4097  1.2532      3.7539  1.1628     6.0389  1.2095  41656  1   16 
           1.5873  1.2742      3.8486  1.1547     6.0803  1.2417  41656  1   17 
           1.7294  1.2919      3.9670  1.1466     6.1099  1.2756  41656  1   18 
           1.8715  1.3048      4.1031  1.1386     6.1455  1.3078  41656  1   19 
           1.9958  1.3129      4.2156  1.1289     6.1869  1.3336  41656  1   20 
           2.1201  1.3177      4.3399  1.1224     6.2402  1.3627  41656  1   21 
           2.2385  1.3161      4.4642  1.1144     6.2817  1.3901  41656  1   22 
           2.3273  1.3096      4.5767  1.1063     6.3350  1.4159  41656  1   23 
           2.4161  1.3032      4.7069  1.0998     6.3823  1.4369  41656  1   24 
           2.4990  1.2951      4.8490  1.0950     6.4416  1.4659  41656  1   25 
           2.5759  1.2838      4.9792  1.0901     6.4948  1.4885  41656  1   26 
           2.6766  1.2725      5.1153  1.0885     6.5600  1.5110  41656  1   27 
           2.7417  1.2628      5.2337  1.0837     6.6310  1.5369  41656  1   28 
           2.8364  1.2548      5.3462  1.0837     6.7080  1.5610  41656  1   29 
           2.9192  1.2467      5.4350  1.0837     6.7850  1.5868  41656  1   30 
           3.0080  1.2354      5.5179  1.0821     6.8797  1.6126  41656  1   31 
           3.0909  1.2257      5.5948  1.0853     6.9626  1.6368  41656  1   32 
           3.1797  1.2160      5.7014  1.0950     7.0573  1.6562  41656  1   33 
           3.2803  1.2080      5.7902  1.1095     7.1461  1.6820  41656  1   34 
           3.4046  1.1934      5.8731  1.1272     7.2468  1.7030  41656  1   35 
           3.5230  1.1821      5.9323  1.1530     7.3237  1.7191  41656  1   36 
           3.6414  1.1725      5.9915  1.1804     7.3948  1.7336  41656  1   37 
             Quantization errors ( 1/2 pixel):                    41656  1   38 
           En - 0.0030 MeV, CS - 0.0008 barn,                     41656  1   39 
           digitization errors:                                   41656  1   40 
                0.00736 MeV      0.000758 barn                    41656  1   41 
MONIT-REF  (,W.Hart,R,AHSB(S)R-169,1969)                          41656  1   42 
SAMPLE      No information                                        41656  1   43 
STATUS     (CURVE) Fig.1 of                                       41656  1   44 
           J.Exp.Theor.Phys. Letters,v.17,p.362,1973              41656  1   45 
HISTORY    (20181112A) M.M.                                       41656  1   46 
           (20191221U) Subent 002 was corrected                   41656  1   47 
ENDBIB              45          0                                 41656  1   48 
NOCOMMON             0          0                                 41656  1   49 
ENDSUBENT           48          0                                 41656  199999 
SUBENT        41656002   20191221                             418541656  2    1 
BIB                  4          7                                 41656  2    2 
REACTION   (92-U-238(N,F),,SIG)                                   41656  2    3 
ERR-ANALYS  . Quantization errors ( 1/2 pixel):                   41656  2    4 
            scale En - 0.0030 MeV, scale CS - 0.00077 barn        41656  2    5 
STATUS     (CURVE) Fig.1 of                                       41656  2    6 
           J.Exp.Theor.Phys. Letters,v.17,p.362,1973              41656  2    7 
           (DEP,40506002) The final result of U8/U5 in 40506.002  41656  2    8 
HISTORY    (20191221U) Code DEP was added in STATUS.              41656  2    9 
ENDBIB               7          0                                 41656  2   10 
COMMON               2          3                                 41656  2   11 
EN-ERR-DIG ERR-DIG                                                41656  2   12 
MEV        B                                                      41656  2   13 
 0.0112    0.000766                                               41656  2   14 
ENDCOMMON            3          0                                 41656  2   15 
DATA                 2         39                                 41656  2   16 
EN         DATA                                                   41656  2   17 
MEV        B                                                      41656  2   18 
 1.5858    0.38753                                                41656  2   19 
 1.6805    0.42277                                                41656  2   20 
 1.7811    0.47028                                                41656  2   21 
 1.8816    0.51319                                                41656  2   22 
 2.0000    0.53311                                                41656  2   23 
 2.0887    0.54844                                                41656  2   24 
 2.1893    0.56070                                                41656  2   25 
 2.3017    0.56530                                                41656  2   26 
 2.3905    0.56377                                                41656  2   27 
 2.4792    0.56531                                                41656  2   28 
 2.5798    0.56378                                                41656  2   29 
 2.6922    0.55918                                                41656  2   30 
 2.7928    0.55459                                                41656  2   31 
 2.8816    0.55459                                                41656  2   32 
 2.9940    0.55919                                                41656  2   33 
 3.0887    0.55306                                                41656  2   34 
 3.1952    0.55460                                                41656  2   35 
 3.2958    0.55460                                                41656  2   36 
 3.3964    0.56380                                                41656  2   37 
 3.5975    0.56993                                                41656  2   38 
 3.7928    0.56687                                                41656  2   39 
 3.9940    0.58067                                                41656  2   40 
 4.1951    0.58374                                                41656  2   41 
 4.3963    0.58222                                                41656  2   42 
 4.5916    0.58375                                                41656  2   43 
 4.7928    0.58376                                                41656  2   44 
 4.9939    0.58223                                                41656  2   45 
 5.1892    0.58377                                                41656  2   46 
 5.3845    0.58531                                                41656  2   47 
 5.5797    0.58991                                                41656  2   48 
 5.7809    0.60064                                                41656  2   49 
 5.9880    0.64202                                                41656  2   50 
 6.1832    0.71558                                                41656  2   51 
 6.3725    0.79067                                                41656  2   52 
 6.5618    0.83818                                                41656  2   53 
 6.7748    0.88109                                                41656  2   54 
 6.9583    0.90562                                                41656  2   55 
 7.1594    0.91635                                                41656  2   56 
 7.3547    0.91942                                                41656  2   57 
ENDDATA             41          0                                 41656  2   58 
ENDSUBENT           57          0                                 41656  299999 
SUBENT        41656003   20181112                             418041656  3    1 
BIB                  2          3                                 41656  3    2 
REACTION   (94-PU-239(N,F),,SIG)                                  41656  3    3 
ERR-ANALYS  . Quantization errors ( 1/2 pixel):                   41656  3    4 
            scale En - 0.0030 MeV, scale CS - 0.00077 barn        41656  3    5 
ENDBIB               3          0                                 41656  3    6 
COMMON               2          3                                 41656  3    7 
EN-ERR-DIG ERR-DIG                                                41656  3    8 
MEV        B                                                      41656  3    9 
 0.00343    0.000687                                              41656  3   10 
ENDCOMMON            3          0                                 41656  3   11 
DATA                 2         39                                 41656  3   12 
EN         DATA                                                   41656  3   13 
MEV        B                                                      41656  3   14 
 1.3619     1.9215                                                41656  3   15 
 1.4566     1.9400                                                41656  3   16 
 1.5691     1.9538                                                41656  3   17 
 1.6579     1.9692                                                41656  3   18 
 1.7763     1.9692                                                41656  3   19 
 1.8592     1.9785                                                41656  3   20 
 1.9539     1.9754                                                41656  3   21 
 2.0841     1.9892                                                41656  3   22 
 2.1670     1.9985                                                41656  3   23 
 2.2735     1.9815                                                41656  3   24 
 2.3742     1.9677                                                41656  3   25 
 2.4689     1.9462                                                41656  3   26 
 2.5754     1.9308                                                41656  3   27 
 2.6761     1.9138                                                41656  3   28 
 2.7649     1.9015                                                41656  3   29 
 2.8655     1.8969                                                41656  3   30 
 2.9721     1.8877                                                41656  3   31 
 3.0786     1.8677                                                41656  3   32 
 3.1793     1.8585                                                41656  3   33 
 3.2799     1.8462                                                41656  3   34 
 3.3924     1.8446                                                41656  3   35 
 3.7712     1.8092                                                41656  3   36 
 3.9666     1.7769                                                41656  3   37 
 4.1678     1.7692                                                41656  3   38 
 4.3691     1.7431                                                41656  3   39 
 4.5585     1.7292                                                41656  3   40 
 4.7598     1.7123                                                41656  3   41 
 4.9729     1.7046                                                41656  3   42 
 5.1683     1.7108                                                41656  3   43 
 5.3695     1.7200                                                41656  3   44 
 5.5530     1.7277                                                41656  3   45 
 5.7602     1.7677                                                41656  3   46 
 5.9556     1.8662                                                41656  3   47 
 6.1983     2.1077                                                41656  3   48 
 6.4291     2.2077                                                41656  3   49 
 6.6718     2.2523                                                41656  3   50 
 6.9323     2.3016                                                41656  3   51 
 7.1868     2.3523                                                41656  3   52 
 7.4414     2.3939                                                41656  3   53 
ENDDATA             41          0                                 41656  3   54 
ENDSUBENT           53          0                                 41656  399999 
SUBENT        41656004   20181112                             418041656  4    1 
BIB                  2          3                                 41656  4    2 
REACTION   (94-PU-240(N,F),,SIG)                                  41656  4    3 
ERR-ANALYS  . Quantization errors ( 1/2 pixel):                   41656  4    4 
            scale En - 0.0030 MeV, scale CS - 0.00078 barn        41656  4    5 
ENDBIB               3          0                                 41656  4    6 
COMMON               2          3                                 41656  4    7 
EN-ERR-DIG ERR-DIG                                                41656  4    8 
MEV        B                                                      41656  4    9 
 0.00748    0.000754                                              41656  4   10 
ENDCOMMON            3          0                                 41656  4   11 
DATA                 2         41                                 41656  4   12 
EN         DATA                                                   41656  4   13 
MEV        B                                                      41656  4   14 
 1.3572     1.4682                                                41656  4   15 
 1.4460     1.5007                                                41656  4   16 
 1.5526     1.5364                                                41656  4   17 
 1.6592     1.5736                                                41656  4   18 
 1.7599     1.5953                                                41656  4   19 
 1.8724     1.6077                                                41656  4   20 
 1.9553     1.6356                                                41656  4   21 
 2.0559     1.6464                                                41656  4   22 
 2.1625     1.6526                                                41656  4   23 
 2.2690     1.6542                                                41656  4   24 
 2.3637     1.6542                                                41656  4   25 
 2.4584     1.6356                                                41656  4   26 
 2.5472     1.6495                                                41656  4   27 
 2.6597     1.6278                                                41656  4   28 
 2.7603     1.6386                                                41656  4   29 
 2.8550     1.6340                                                41656  4   30 
 2.9675     1.6278                                                41656  4   31 
 3.0622     1.6169                                                41656  4   32 
 3.1628     1.6123                                                41656  4   33 
 3.2753     1.6138                                                41656  4   34 
 3.3582     1.5983                                                41656  4   35 
 3.5713     1.5781                                                41656  4   36 
 3.7548     1.5781                                                41656  4   37 
 3.9619     1.5533                                                41656  4   38 
 4.1573     1.5300                                                41656  4   39 
 4.3585     1.5161                                                41656  4   40 
 4.5479     1.4959                                                41656  4   41 
 4.7551     1.4928                                                41656  4   42 
 4.9564     1.4912                                                41656  4   43 
 5.1577     1.5067                                                41656  4   44 
 5.3649     1.5222                                                41656  4   45 
 5.5602     1.5393                                                41656  4   46 
 5.7378     1.5718                                                41656  4   47 
 5.9392     1.6540                                                41656  4   48 
 6.1347     1.8059                                                41656  4   49 
 6.3301     1.8896                                                41656  4   50 
 6.5196     1.9562                                                41656  4   51 
 6.7268     1.9748                                                41656  4   52 
 6.9222     2.0229                                                41656  4   53 
 7.1353     2.0461                                                41656  4   54 
 7.3070     2.0570                                                41656  4   55 
ENDDATA             43          0                                 41656  4   56 
ENDSUBENT           55          0                                 41656  499999 
SUBENT        41656005   20181112                             418041656  5    1 
BIB                  2          3                                 41656  5    2 
REACTION   (94-PU-242(N,F),,SIG)                                  41656  5    3 
ERR-ANALYS  . Quantization errors ( 1/2 pixel):                   41656  5    4 
            scale En - 0.0030 MeV, scale CS - 0.00076   barn      41656  5    5 
ENDBIB               3          0                                 41656  5    6 
COMMON               2          3                                 41656  5    7 
EN-ERR-DIG ERR-DIG                                                41656  5    8 
MEV        B                                                      41656  5    9 
 0.0126     0.00139                                               41656  5   10 
ENDCOMMON            3          0                                 41656  5   11 
DATA                 2         41                                 41656  5   12 
EN         DATA                                                   41656  5   13 
MEV        B                                                      41656  5   14 
 1.3359     1.4961                                                41656  5   15 
 1.4423     1.4611                                                41656  5   16 
 1.5371     1.4793                                                41656  5   17 
 1.6496     1.4899                                                41656  5   18 
 1.7504     1.5172                                                41656  5   19 
 1.8333     1.5324                                                41656  5   20 
 1.9281     1.5461                                                41656  5   21 
 2.0465     1.5536                                                41656  5   22 
 2.1412     1.5353                                                41656  5   23 
 2.2358     1.5171                                                41656  5   24 
 2.3363     1.4973                                                41656  5   25 
 2.4429     1.4957                                                41656  5   26 
 2.5317     1.4957                                                41656  5   27 
 2.6442     1.5017                                                41656  5   28 
 2.7330     1.5047                                                41656  5   29 
 2.8395     1.4971                                                41656  5   30 
 2.9460     1.4849                                                41656  5   31 
 3.0466     1.4803                                                41656  5   32 
 3.1471     1.4635                                                41656  5   33 
 3.2477     1.4498                                                41656  5   34 
 3.3483     1.4315                                                41656  5   35 
 3.5317     1.4223                                                41656  5   36 
 3.7506     1.3964                                                41656  5   37 
 3.9400     1.3781                                                41656  5   38 
 4.1410     1.3431                                                41656  5   39 
 4.3423     1.3369                                                41656  5   40 
 4.5494     1.3186                                                41656  5   41 
 4.7388     1.3094                                                41656  5   42 
 4.9400     1.3093                                                41656  5   43 
 5.1354     1.3093                                                41656  5   44 
 5.3309     1.3351                                                41656  5   45 
 5.5500     1.3654                                                41656  5   46 
 5.7278     1.4095                                                41656  5   47 
 5.9297     1.5204                                                41656  5   48 
 6.1318     1.6937                                                41656  5   49 
 6.3280     1.8579                                                41656  5   50 
 6.5179     1.9521                                                41656  5   51 
 6.7074     1.9688                                                41656  5   52 
 6.9264     1.9748                                                41656  5   53 
 7.1160     2.0082                                                41656  5   54 
 7.3234     2.0416                                                41656  5   55 
ENDDATA             43          0                                 41656  5   56 
ENDSUBENT           55          0                                 41656  599999 
ENDENTRY             5          0                                 4165699999999 
