ENTRY            41763   20230724                             421441763  0    1 
SUBENT        41763001   20230724                             421441763  1    1 
BIB                  9         12                                 41763  1    2 
TITLE       Study of 69Ga and 71Ga excited levels in reaction     41763  1    3 
             (n,n'gamma)                                          41763  1    4 
AUTHOR     (L.N.Smirin,D.K.Kaipov,A.I.Serebrennikov)              41763  1    5 
REFERENCE  (C,77TASHKENT,,26,1977)                                41763  1    6 
INSTITUTE  (4KASKAZ)                                              41763  1    7 
           (4UZ UZB)   Experimental site                          41763  1    8 
FACILITY   (REAC,4UZ UZB)                                         41763  1    9 
INC-SPECT  . Reactor fast neutron spectrum                        41763  1   10 
DETECTOR   (GELI) Sensitive volume 40.cm3.                        41763  1   11 
ERR-ANALYS (DATA-ERR) Type of uncertainty is not explained in the 41763  1   12 
            article.                                              41763  1   13 
HISTORY    (20230724T) Data from 40541.010, .011.                 41763  1   14 
ENDBIB              12          0                                 41763  1   15 
COMMON               1          3                                 41763  1   16 
EN-DUMMY                                                          41763  1   17 
MEV                                                               41763  1   18 
         1.                                                       41763  1   19 
ENDCOMMON            3          0                                 41763  1   20 
ENDSUBENT           19          0                                 41763  199999 
SUBENT        41763002   20230724                             421441763  2    1 
BIB                  5          8                                 41763  2    2 
REACTION   ((31-GA-69(N,INL)31-GA-69,,SPC,,FIS)//                 41763  2    3 
           (31-GA-69(N,INL)31-GA-69,,SPC,,FIS))                   41763  2    4 
ERR-ANALYS (E-ERR) Error of the nominator gamma energy            41763  2    5 
COMMENT     Registration angle 90 degrees.                        41763  2    6 
STATUS     (TABLE,,L.N.Smirin+,C,77TASHKENT,,26,1977)             41763  2    7 
HISTORY    (20230724T) Data from Subent 40541.010.                41763  2    8 
            EN-SEC lines were deleted according to a comment of   41763  2    9 
            N.Otsuka (NDS,IAEA).                                  41763  2   10 
ENDBIB               8          0                                 41763  2   11 
COMMON               1          3                                 41763  2   12 
E-DN                                                              41763  2   13 
KEV                                                               41763  2   14 
     574.31                                                       41763  2   15 
ENDCOMMON            3          0                                 41763  2   16 
DATA                 5         77                                 41763  2   17 
E-NM       E-NM-ERR   DATA       DATA-ERR   LVL-INI               41763  2   18 
KEV        KEV        NO-DIM     NO-DIM     KEV                   41763  2   19 
  2.349E+02     6.E-02     7.E-03     1.E-03  1.107E+03           41763  2   20 
  3.188E+02     5.E-02    6.6E-03       4.-2  3.188E+02           41763  2   21 
 3.8131E+02     6.E-02      1.9-2     2.E-03 1.4883E+03           41763  2   22 
 4.1851E+02     6.E-02      2.5-2     3.E-03 1.5258E+03           41763  2   23 
 4.8403E+02     9.E-02       1.-2    1.2E-03 1.9726E+03           41763  2   24 
  5.326E+02    1.5E-01    3.3E-03     9.E-04  1.107E+03           41763  2   25 
 5.5345E+02     5.E-02      2.5-2     3.E-03 8.7224E+02           41763  2   26 
 5.7431E+02     5.E-02         1.            5.7431E+02           41763  2   27 
 5.8756E+02     6.E-02     1.06-2     9.E-04 1.9243E+03           41763  2   28 
 6.1642E+02     9.E-02    8.9E-03    1.1E-03 1.4883E+03           41763  2   29 
  6.358E+02     5.E-02      4.2-2     3.E-03 1.9726E+03           41763  2   30 
 7.0984E+02     5.E-02      7.5-2     4.E-03 1.0286E+03           41763  2   31 
 7.4541E+02     6.E-02     1.08-2     9.E-04  2.718E+03           41763  2   32 
 7.6247E+02     6.E-02      2.3-2     3.E-03 1.3368E+03           41763  2   33 
 7.8818E+02     1.E-01    8.2E-03    1.4E-03  1.107E+03           41763  2   34 
 8.5131E+02     9.E-02     3.E-03     8.E-04 1.7238E+03           41763  2   35 
 8.7224E+02     5.E-02    4.3E-01       3.-2 8.7224E+02           41763  2   36 
 8.9764E+02    1.9E-01    2.8E-03     9.E-04 2.4233E+03           41763  2   37 
  9.139E+02     6.E-02      8.3-2     7.E-03 1.4883E+03           41763  2   38 
 9.3531E+02     1.E-01    6.4E-03     1.E-03 2.4233E+03           41763  2   39 
 9.5154E+02     9.E-02    4.1E-03     8.E-04 1.5258E+03           41763  2   40 
 1.0045E+03     8.E-02    8.8E-03     8.E-04                      41763  2   41 
 1.0286E+03     6.E-02      4.6-2     3.E-03 1.0286E+03           41763  2   42 
 1.0521E+03     6.E-02      2.2-2     2.E-03 1.9243E+03           41763  2   43 
 1.0851E+03    1.7E-01    2.1E-03     6.E-04                      41763  2   44 
 1.0919E+03     8.E-02    7.1E-03     8.E-04                      41763  2   45 
  1.107E+03     6.E-02     4.E-01       3.-2  1.107E+03           41763  2   46 
 1.1356E+03     8.E-02    9.4E-03     1.E-03 2.0078E+03           41763  2   47 
 1.1495E+03     7.E-02      2.3-2     2.E-03 1.7238E+03           41763  2   48 
 1.1731E+03     9.E-02    8.2E-03    1.1E-03 2.0454E+03           41763  2   49 
 1.1804E+03    1.8E-01     2.E-03     6.E-04                      41763  2   50 
 1.1908E+03     6.E-02      7.2-2     6.E-03 1.7651E+03           41763  2   51 
 1.2072E+03     6.E-02      6.1-2     4.E-03 1.5258E+03           41763  2   52 
 1.2129E+03     6.E-02      3.4-2     4.E-03                      41763  2   53 
  1.236E+03     7.E-02      1.2-2     2.E-03                      41763  2   54 
 1.2443E+03    1.1E-01    7.5E-03     1.E-03                      41763  2   55 
 1.3219E+03    1.2E-01    3.7E-03     7.E-04                      41763  2   56 
 1.3367E+03     6.E-02    2.2E-03       2.-2 1.3368E+03           41763  2   57 
 1.3501E+03     7.E-02      2.3-2     2.E-03 1.9243E+03           41763  2   58 
 1.3981E+03    1.5E-01     3.E-03     7.E-04 1.9726E+03           41763  2   59 
 1.4051E+03     8.E-02      1.2-2     2.E-03 1.7238E+03           41763  2   60 
 1.4495E+03    1.2E-01     4.E-03     6.E-04  2.024E+03           41763  2   61 
 1.4546E+03     9.E-02    6.1E-03     8.E-04                      41763  2   62 
 1.4714E+03     9.E-02    8.8E-03     1.E-03 2.0454E+03           41763  2   63 
 1.4881E+03     7.E-02      6.8-2     5.E-03 1.4883E+03           41763  2   64 
 1.5078E+03     3.E-01    1.4E-03     7.E-04                      41763  2   65 
 1.5258E+03     7.E-02       3.-2     2.E-03 1.5258E+03           41763  2   66 
  1.573E+03     8.E-02      1.2-2     2.E-03 1.8917E+03           41763  2   67 
 1.6542E+03    1.1E-01    7.3E-03     9.E-04                      41763  2   68 
 1.7238E+03     8.E-02      3.5-2     2.E-03 1.7238E+03           41763  2   69 
 1.7449E+03     2.E-01    2.3E-03     7.E-04                      41763  2   70 
  1.849E+03    1.1E-01    7.1E-03     8.E-04 2.4233E+03           41763  2   71 
 1.8755E+03     2.E-01    1.5E-03     6.E-04                      41763  2   72 
 1.8849E+03    1.1E-01    7.5E-03     7.E-04                      41763  2   73 
 1.8916E+03     1.E-01     1.44-2    1.2E-03 1.8917E+03           41763  2   74 
 1.9008E+03    1.1E-01    6.8E-03     7.E-04                      41763  2   75 
 1.9236E+03     2.E-01     4.E-03    1.2E-03 1.9243E+03           41763  2   76 
 1.9325E+03    1.1E-01    6.6E-03     8.E-04 2.2512E+03           41763  2   77 
 1.9732E+03    1.1E-01    8.8E-03     8.E-04 1.9726E+03           41763  2   78 
 2.0076E+03     1.E-01       4.-2     3.E-03 2.0078E+03           41763  2   79 
 2.0241E+03     1.E-01      2.7-2     3.E-03  2.024E+03           41763  2   80 
   2.04E+03     3.E-01    8.4E-03     1.E-03                      41763  2   81 
 2.0452E+03    1.2E-01    9.1E-03     8.E-04 2.0454E+03           41763  2   82 
  2.122E+03    1.2E-01    8.4E-03     8.E-04                      41763  2   83 
  2.251E+03    1.3E-01     1.07-2     9.E-04 2.2512E+03           41763  2   84 
  2.327E+03     4.E-01    1.8E-03     6.E-04                      41763  2   85 
 2.3397E+03     6.E-01    1.2E-03     7.E-04                      41763  2   86 
 2.3532E+03    1.5E-01    5.5E-03     8.E-04                      41763  2   87 
 2.4229E+03     2.E-01    4.3E-03     9.E-04 2.4233E+03           41763  2   88 
 2.4596E+03     4.E-01     2.E-03     8.E-04                      41763  2   89 
 2.4861E+03     1.E-01     1.09-2     9.E-04                      41763  2   90 
 2.5302E+03    1.5E-01    7.5E-03     1.E-03                      41763  2   91 
 2.5697E+03     2.E-01    5.7E-03    1.1E-03                      41763  2   92 
 2.7222E+03     3.E-01    3.4E-03     9.E-04                      41763  2   93 
 2.7445E+03     3.E-01    2.7E-03     8.E-04                      41763  2   94 
 2.7634E+03     2.E-01    2.7E-03     6.E-04                      41763  2   95 
 2.9269E+03     2.E-01    4.7E-03     9.E-04                      41763  2   96 
ENDDATA             79          0                                 41763  2   97 
ENDSUBENT           96          0                                 41763  299999 
SUBENT        41763003   20230724                             421441763  3    1 
BIB                  6          8                                 41763  3    2 
REACTION   ((31-GA-71(N,INL)31-GA-71,,SPC,,FIS)//                 41763  3    3 
           (31-GA-71(N,INL)31-GA-71,,SPC,,FIS))                   41763  3    4 
EN-SEC     (E-NM,G)                                               41763  3    5 
           (E-DN,G)                                               41763  3    6 
ERR-ANALYS (E-ERR) Error of the nominator gamma energy            41763  3    7 
COMMENT     Registration angle 90 degrees.                        41763  3    8 
STATUS     (TABLE,,L.N.Smirin+,C,77TASHKENT,,26,1977)             41763  3    9 
HISTORY    (20230724T) Data from Subent 40541.011                 41763  3   10 
ENDBIB               8          0                                 41763  3   11 
COMMON               1          3                                 41763  3   12 
E-DN                                                              41763  3   13 
KEV                                                               41763  3   14 
     487.41                                                       41763  3   15 
ENDCOMMON            3          0                                 41763  3   16 
DATA                 5         81                                 41763  3   17 
E-NM       E-NM-ERR   DATA       DATA-ERR   LVL-INI               41763  3   18 
KEV        KEV        NO-DIM     NO-DIM     KEV                   41763  3   19 
 1.2154E+02     8.E-02       4.-2     3.E-03 5.1154E+02           41763  3   20 
 1.4298E+02     5.E-02      1.1-2     2.E-03 1.1076E+03           41763  3   21 
  3.685E+02    1.6E-01   1.42E-01     9.E-03 1.4941E+03           41763  3   22 
 3.8992E+02     8.E-02    3.4E-01       3.-2 3.8992E+02           41763  3   23 
 3.9858E+02     5.E-02      1.3-2     2.E-03 9.1018E+02           41763  3   24 
  4.301E+02     5.E-02      1.8-2     3.E-03  1.395E+03           41763  3   25 
 4.5312E+02     5.E-02      8.1-2     8.E-03 9.6454E+02           41763  3   26 
 4.8741E+02     5.E-02         1.            4.8741E+02           41763  3   27 
  5.116E+02     9.E-02    6.3E-01       4.-2 5.1154E+02           41763  3   28 
  5.466E+02    1.4E-01    1.4E-03     2.E-04 1.9417E+03           41763  3   29 
 5.6582E+02     5.E-02      1.1-2     2.E-03  1.476E+03           41763  3   30 
 5.7417E+02    1.5E-01      1.7-2     2.E-03 9.6454E+02           41763  3   31 
 5.8834E+02     5.E-02      1.4-2     2.E-03 1.4984E+03           41763  3   32 
 5.9621E+02     5.E-02   1.06E-01     8.E-03 1.1076E+03           41763  3   33 
 6.1263E+02     9.E-02    1.4E-03     2.E-04                      41763  3   34 
 6.2018E+02     5.E-02   1.57E-01     9.E-03 1.1076E+03           41763  3   35 
  6.357E+02     1.E-01    1.6E-03     2.E-04 2.1341E+03           41763  3   36 
 6.4413E+02     1.E-01    2.9E-03     3.E-04                      41763  3   37 
 6.6674E+02     6.E-02      1.1-2     2.E-03 1.6312E+03           41763  3   38 
 6.8402E+02     6.E-02    7.6E-03     7.E-04                      41763  3   39 
 7.2105E+02    1.1E-01    2.9E-03     3.E-04 1.6312E+03           41763  3   40 
 7.5372E+02     5.E-02      2.2-2     2.E-03 2.2474E+03           41763  3   41 
 7.7118E+02     6.E-02    2.4E-03     2.E-04 2.2474E+03           41763  3   42 
 7.8806E+02     6.E-02    8.2E-03     9.E-04 1.7524E+03           41763  3   43 
 7.9782E+02     7.E-02    1.9E-03     3.E-04 1.9054E+03           41763  3   44 
 8.8369E+02     7.E-02    7.1E-03     8.E-04  1.345E+03           41763  3   45 
  9.076E+02     2.E-01      5.7-2     6.E-03  1.395E+03           41763  3   46 
  9.103E+02     2.E-01    2.3E-01       2.-2 9.1018E+02           41763  3   47 
 9.2264E+02    1.9E-01    1.1E-03     2.E-04                      41763  3   48 
  9.407E+02     7.E-02    6.5E-03     6.E-04 1.9054E+03           41763  3   49 
 9.6462E+02     6.E-02    2.6E-01       3.-2 9.6454E+02           41763  3   50 
 9.7695E+02     6.E-02      2.1-2     3.E-03 1.9417E+03           41763  3   51 
 9.8857E+02     6.E-02      4.1-2     4.E-03  1.476E+03           41763  3   52 
 1.0109E+03     6.E-02      7.4-2     7.E-03 1.4984E+03           41763  3   53 
 1.0267E+03     6.E-02      1.1-2     2.E-03 2.1341E+03           41763  3   54 
 1.0345E+03     9.E-02    1.9E-03     2.E-04                      41763  3   55 
 1.0834E+03     6.E-02      1.5-2     2.E-03                      41763  3   56 
 1.1076E+03     2.E-01      3.2-2     3.E-03 1.1076E+03           41763  3   57 
 1.1093E+03     2.E-01      3.8-2     4.E-03 1.1093E+03           41763  3   58 
 1.1197E+03     6.E-02      2.2-2     2.E-03 1.6312E+03           41763  3   59 
 1.1399E+03     8.E-02    7.3E-03     7.E-04 2.2474E+03           41763  3   60 
 1.1693E+03     7.E-02      1.1-2     2.E-03 2.1341E+03           41763  3   61 
 1.1882E+03     2.E-01    8.1E-03     9.E-04 1.6993E+03           41763  3   62 
 1.1914E+03     2.E-01    8.1E-03     9.E-04 1.7029E+03           41763  3   63 
 1.2081E+03     7.E-02      1.1-2     2.E-03 1.7195E+03           41763  3   64 
 1.2321E+03     7.E-02    6.8E-03     8.E-04 1.7195E+03           41763  3   65 
 1.2408E+03     6.E-02      1.2-2     2.E-03 1.6312E+03           41763  3   66 
 1.2499E+03     2.E-01    1.4E-03     2.E-04                      41763  3   67 
 1.2649E+03     6.E-02      2.6-2     3.E-03 1.7524E+03           41763  3   68 
 1.2806E+03     2.E-01    2.9E-03     4.E-04                      41763  3   69 
  1.309E+03     1.E-01    7.6E-03     8.E-04                      41763  3   70 
 1.3223E+03     9.E-02     4.E-03     4.E-04 2.8164E+03           41763  3   71 
 1.3487E+03    1.1E-01    2.9E-03     4.E-04                      41763  3   72 
 1.3623E+03     7.E-02    9.2E-03     8.E-04 1.7524E+03           41763  3   73 
 1.3806E+03     7.E-02      1.1-2     2.E-03 2.4883E+03           41763  3   74 
 1.3951E+03     7.E-02      5.3-2     5.E-03  1.395E+03           41763  3   75 
 1.4181E+03     7.E-02       2.-2     2.E-03 1.9054E+03           41763  3   76 
 1.4545E+03    1.5E-01    1.1E-03     2.E-04 1.9417E+03           41763  3   77 
 1.4759E+03     7.E-02      2.8-2     2.E-03  1.476E+03           41763  3   78 
 1.4859E+03    1.4E-01    1.9E-03     2.E-04 2.4504E+03           41763  3   79 
 1.5033E+03     7.E-02      2.9-2     3.E-03                      41763  3   80 
  1.537E+03     8.E-02    8.4E-03     9.E-04                      41763  3   81 
 1.5523E+03     2.E-01    3.3E-03     4.E-04 2.0639E+03           41763  3   82 
 1.5949E+03     2.E-01    4.3E-03     4.E-04                      41763  3   83 
 1.6314E+03     1.E-01    4.6E-03     5.E-04 1.6312E+03           41763  3   84 
 1.6467E+03     8.E-02    8.7E-03     8.E-04 2.1341E+03           41763  3   85 
 1.6652E+03     3.E-01    2.4E-03     4.E-04                      41763  3   86 
 1.6914E+03     3.E-01    1.1E-03     2.E-04 2.6016E+03           41763  3   87 
 1.6992E+03     8.E-02     1.27-2     8.E-04 1.6993E+03           41763  3   88 
 1.7194E+03     9.E-02      1.1-2     2.E-03 1.7195E+03           41763  3   89 
 1.7398E+03     3.E-01    2.4E-03     3.E-04                      41763  3   90 
 1.7789E+03     1.E-01    6.2E-03     5.E-04                      41763  3   91 
 1.9048E+03     9.E-02      2.2-2     9.E-03 2.2948E+03           41763  3   92 
 1.9236E+03    1.7E-01    1.4E-03     2.E-04                      41763  3   93 
 1.9334E+03     2.E-01    1.9E-03     3.E-04                      41763  3   94 
 2.0417E+03     2.E-01    4.9E-03     6.E-04                      41763  3   95 
 2.0493E+03     3.E-01    4.9E-03     6.E-04                      41763  3   96 
 2.0639E+03     2.E-01    4.3E-03     5.E-04 2.0639E+03           41763  3   97 
 2.1053E+03    1.1E-01     1.25-2     9.E-04                      41763  3   98 
 2.1342E+03    1.3E-01    6.5E-03     6.E-04 2.1341E+03           41763  3   99 
 2.1697E+03    1.3E-01    6.5E-03     6.E-04                      41763  3  100 
ENDDATA             83          0                                 41763  3  101 
ENDSUBENT          100          0                                 41763  399999 
ENDENTRY             3          0                                 4176399999999 
