ENTRY            41767   20230724                             421441767  0    1 
SUBENT        41767001   20230724                             421441767  1    1 
BIB                  8         12                                 41767  1    2 
TITLE       Spectra of gamma-rays from (n,gamma) reaction on Te   41767  1    3 
           isotopes                                               41767  1    4 
AUTHOR     (E.A.Rudak,A.V.Soroka,V.N.Tadeush)                     41767  1    5 
REFERENCE  (C,77TASHKENT,,60,1977)                                41767  1    6 
INSTITUTE  (4UKRKGU)                                              41767  1    7 
INC-SPECT   Thermal neutrons                                      41767  1    8 
DETECTOR   (GELI) Sensitive volume 40.cm3,resolution 6.keV for    41767  1    9 
                  E=1332.keV                                      41767  1   10 
FACILITY    No information in the articles.                       41767  1   11 
HISTORY    (20230724T) Subents were transmitted from Subents      41767  1   12 
            40538.013, .014, .015 according to a comment of       41767  1   13 
            N.Otsuka (NDS, IAEA).                                 41767  1   14 
ENDBIB              12          0                                 41767  1   15 
COMMON               1          3                                 41767  1   16 
EN-DUMMY                                                          41767  1   17 
EV                                                                41767  1   18 
 2.5300E-02                                                       41767  1   19 
ENDCOMMON            3          0                                 41767  1   20 
ENDSUBENT           19          0                                 41767  199999 
SUBENT        41767002   20230724                             421441767  2    1 
BIB                  3          3                                 41767  2    2 
REACTION   (52-TE-130(N,G)52-TE-131,,SPC)                         41767  2    3 
STATUS     (TABLE,,E.A.Rudak+,C,77TASHKENT,,60,1977)              41767  2    4 
HISTORY    (20230724T) Subent 40538.013                           41767  2    5 
ENDBIB               3          0                                 41767  2    6 
NOCOMMON             0          0                                 41767  2    7 
DATA                 2         27                                 41767  2    8 
E          DATA                                                   41767  2    9 
KEV        PC/REAC                                                41767  2   10 
 4.2480E+03 1.3000E+00                                            41767  2   11 
 3.6910E+03 2.1000E+00                                            41767  2   12 
 3.4190E+03 5.1000E+00                                            41767  2   13 
 3.3480E+03 2.0500E+01                                            41767  2   14 
 3.0020E+03 3.0000E+00                                            41767  2   15 
 2.9290E+03 9.9000E+00                                            41767  2   16 
 2.7070E+03 4.7000E+00                                            41767  2   17 
 2.5830E+03 2.9000E+00                                            41767  2   18 
 2.5120E+03 2.3000E+00                                            41767  2   19 
 2.3610E+03 1.3000E+00                                            41767  2   20 
 2.2870E+03 1.7100E+01                                            41767  2   21 
 1.8900E+03 1.2000E+00                                            41767  2   22 
 1.8560E+03 1.0000E+00                                            41767  2   23 
 1.7220E+03 1.3000E+00                                            41767  2   24 
 1.6770E+03 2.0000E+00                                            41767  2   25 
 1.4690E+03 1.8000E+00                                            41767  2   26 
 1.3830E+03 1.7000E+00                                            41767  2   27 
 1.3790E+03 1.8000E+00                                            41767  2   28 
 1.0500E+03 1.5000E+00                                            41767  2   29 
 1.0430E+03 3.3000E+00                                            41767  2   30 
 8.5400E+02 3.0000E+00                                            41767  2   31 
 8.3700E+02 2.3000E+00                                            41767  2   32 
 7.5400E+02 2.0000E+00                                            41767  2   33 
 6.4200E+02 4.6000E+00                                            41767  2   34 
 3.6200E+02 3.8000E+00                                            41767  2   35 
 2.9600E+02 4.6700E+01                                            41767  2   36 
 2.5700E+02 2.2000E+00                                            41767  2   37 
ENDDATA             29          0                                 41767  2   38 
ENDSUBENT           37          0                                 41767  299999 
SUBENT        41767003   20230724                             421441767  3    1 
BIB                  3          3                                 41767  3    2 
REACTION   (52-TE-128(N,G)52-TE-129,,SPC)                         41767  3    3 
STATUS     (TABLE,,E.A.Rudak+,C,77TASHKENT,,60,1977)              41767  3    4 
HISTORY    (20230724T) Subent 40538.014                           41767  3    5 
ENDBIB               3          0                                 41767  3    6 
NOCOMMON             0          0                                 41767  3    7 
DATA                 2         32                                 41767  3    8 
E          DATA                                                   41767  3    9 
KEV        PC/REAC                                                41767  3   10 
 4.0400E+03 2.2000E+00                                            41767  3   11 
 3.8570E+03 1.8000E+00                                            41767  3   12 
 3.8160E+03 3.0000E+00                                            41767  3   13 
 3.7200E+03 2.2500E+01                                            41767  3   14 
 3.7020E+03 1.3500E+01                                            41767  3   15 
 3.6100E+03 2.3000E+00                                            41767  3   16 
 3.5600E+03 2.7000E+00                                            41767  3   17 
 3.3770E+03 1.4000E+01                                            41767  3   18 
 2.6500E+03 8.0000E-01                                            41767  3   19 
 2.5820E+03 8.0000E-01                                            41767  3   20 
 2.5220E+03 9.0000E+00                                            41767  3   21 
 2.4430E+03 1.2000E+00                                            41767  3   22 
 2.4080E+03 9.0000E-01                                            41767  3   23 
 2.3780E+03 2.2000E+00                                            41767  3   24 
 2.2900E+03 4.4000E+00                                            41767  3   25 
 2.1980E+03 6.1000E+00                                            41767  3   26 
 2.1790E+03 2.1000E+01                                            41767  3   27 
 1.8590E+03 1.2000E+00                                            41767  3   28 
 1.8310E+03 2.0000E+00                                            41767  3   29 
 1.5040E+03 1.5000E+00                                            41767  3   30 
 1.4970E+03 1.5000E+00                                            41767  3   31 
 1.1230E+03 8.0000E-01                                            41767  3   32 
 9.6600E+02 1.4000E+00                                            41767  3   33 
 8.7400E+02 3.5000E+00                                            41767  3   34 
 7.7300E+02 3.2000E+00                                            41767  3   35 
 7.5400E+02 4.5000E+00                                            41767  3   36 
 7.4200E+02 3.6000E+00                                            41767  3   37 
 6.5400E+02 2.8000E+00                                            41767  3   38 
 6.3300E+02 5.0000E+00                                            41767  3   39 
 5.4400E+02 5.4000E+00                                            41767  3   40 
 3.5900E+02 7.8000E+00                                            41767  3   41 
 1.8100E+02 3.7500E+01                                            41767  3   42 
ENDDATA             34          0                                 41767  3   43 
ENDSUBENT           42          0                                 41767  399999 
SUBENT        41767004   20230724                             421441767  4    1 
BIB                  3          3                                 41767  4    2 
REACTION   (52-TE-124(N,G)52-TE-125,,SPC)                         41767  4    3 
STATUS     (TABLE,,E.A.Rudak+,C,77TASHKENT,,60,1977)              41767  4    4 
HISTORY    (20230724T) Subent 40538.015                           41767  4    5 
ENDBIB               3          0                                 41767  4    6 
NOCOMMON             0          0                                 41767  4    7 
DATA                 2         38                                 41767  4    8 
E          DATA                                                   41767  4    9 
KEV        PC/REAC                                                41767  4   10 
 6.5680E+03 2.5000E+00                                            41767  4   11 
 6.5330E+03 5.6000E+00                                            41767  4   12 
 6.1240E+03 2.2000E+00                                            41767  4   13 
 5.8400E+03 2.5000E+00                                            41767  4   14 
 5.2480E+03 5.1000E+00                                            41767  4   15 
 4.6120E+03 5.5000E+00                                            41767  4   16 
 4.5580E+03 2.2000E+00                                            41767  4   17 
 4.3450E+03 8.0000E-01                                            41767  4   18 
 2.0080E+03 1.6000E+00                                            41767  4   19 
 1.5820E+03 1.0000E+00                                            41767  4   20 
 1.4930E+03 1.4000E+00                                            41767  4   21 
 1.4360E+03 7.0000E-01                                            41767  4   22 
 1.2400E+03 6.0000E-01                                            41767  4   23 
 1.2260E+03 1.3000E+00                                            41767  4   24 
 1.0650E+03 6.0000E-01                                            41767  4   25 
 1.0310E+03 1.2000E+00                                            41767  4   26 
 9.3400E+02 6.0000E-01                                            41767  4   27 
 8.8600E+02 1.2000E+00                                            41767  4   28 
 7.9500E+02 6.6000E+00                                            41767  4   29 
 7.8300E+02 1.6000E+00                                            41767  4   30 
 7.5100E+02 1.0000E+00                                            41767  4   31 
 7.2900E+02 2.4000E+00                                            41767  4   32 
 6.9400E+02 8.6000E+00                                            41767  4   33 
 6.7100E+02 1.6000E+00                                            41767  4   34 
 6.3600E+02 6.9000E+00                                            41767  4   35 
 5.7200E+02 1.2000E+00                                            41767  4   36 
 5.4800E+02 4.8000E+00                                            41767  4   37 
 5.3800E+02 9.8000E+00                                            41767  4   38 
 5.0200E+02 4.5000E+00                                            41767  4   39 
 4.6300E+02 5.4000E+00                                            41767  4   40 
 4.4400E+02 1.3000E+01                                            41767  4   41 
 4.2800E+02 1.0500E+01                                            41767  4   42 
 4.0800E+02 8.1000E+00                                            41767  4   43 
 3.8000E+02 1.1800E+01                                            41767  4   44 
 3.5400E+02 5.0000E-01                                            41767  4   45 
 2.8700E+02 5.0000E-01                                            41767  4   46 
 2.0400E+02 2.4000E+00                                            41767  4   47 
 1.7600E+02 6.8000E+00                                            41767  4   48 
ENDDATA             40          0                                 41767  4   49 
ENDSUBENT           48          0                                 41767  499999 
ENDENTRY             4          0                                 4176799999999 
