ENTRY            41762   20230724                             421441762  0    1 
SUBENT        41762001   20230724                             421441762  1    1 
BIB                  9         12                                 41762  1    2 
TITLE       67Zn gamma-transitions at inelastic scattering of the 41762  1    3 
            reactor fast neutrons                                 41762  1    4 
AUTHOR     (L.N.Smirin,D.K.Kaipov,A.I.Serebrennikov,Yu.G.Kosyak)  41762  1    5 
REFERENCE  (C,77TASHKENT,,24,1977)                                41762  1    6 
INSTITUTE  (4KASKAZ)                                              41762  1    7 
           (4UZ UZB)   Experimental site                          41762  1    8 
FACILITY   (REAC,4UZ UZB)                                         41762  1    9 
INC-SPECT  . Reactor fast neutron spectrum                        41762  1   10 
DETECTOR   (GELI) Sensitive volume 40.cm3.                        41762  1   11 
ERR-ANALYS (DATA-ERR) Type of uncertainty is not explained in the 41762  1   12 
            article.                                              41762  1   13 
HISTORY    (20230724T) Data from 40541.009                        41762  1   14 
ENDBIB              12          0                                 41762  1   15 
COMMON               1          3                                 41762  1   16 
EN-DUMMY                                                          41762  1   17 
MEV                                                               41762  1   18 
         1.                                                       41762  1   19 
ENDCOMMON            3          0                                 41762  1   20 
ENDSUBENT           19          0                                 41762  199999 
SUBENT        41762002   20230724                             421441762  2    1 
BIB                  6         10                                 41762  2    2 
REACTION   ((30-ZN-67(N,INL)30-ZN-67,,SPC,,FIS)//                 41762  2    3 
           (30-ZN-67(N,INL)30-ZN-67,,SPC,,FIS))                   41762  2    4 
FACILITY     WWR-K reactor.                                       41762  2    5 
COMMENT     Registration angles 90, 110, 124, 135, 146 degrees.   41762  2    6 
            Intensities are given for 90 deg angle.               41762  2    7 
ERR-ANALYS (E-ERR) Error of the nominator gamma energy            41762  2    8 
STATUS     (TABLE,,L.N.Smirin+,C,77TASHKENT,,24,1977)             41762  2    9 
HISTORY    (20230724T) Data from Subent 40541.009.                41762  2   10 
            EN-SEC lines were deleted according to a comment of   41762  2   11 
            N.Otsuka (NDS,IAEA).                                  41762  2   12 
ENDBIB              10          0                                 41762  2   13 
COMMON               1          3                                 41762  2   14 
E-DN                                                              41762  2   15 
KEV                                                               41762  2   16 
      93.31                                                       41762  2   17 
ENDCOMMON            3          0                                 41762  2   18 
DATA                 5         77                                 41762  2   19 
E-NM       E-NM-ERR   DATA       DATA-ERR   LVL-INI               41762  2   20 
KEV        KEV        NO-DIM     NO-DIM     KEV                   41762  2   21 
  9.127E+01    1.2E-01    1.1E-01       2.-2 1.8458E+02           41762  2   22 
  9.331E+01     9.E-02         1.             9.331E+01           41762  2   23 
 1.7697E+02     8.E-02     5.E-03     7.E-04                      41762  2   24 
 1.8458E+02     5.E-02    7.1E-01       6.-2 1.8458E+02           41762  2   25 
 2.0896E+02     5.E-02      7.8-2     8.E-03 3.9355E+02           41762  2   26 
 3.0018E+02     5.E-02    5.3E-01       5.-2 3.9355E+02           41762  2   27 
  3.091E+02     2.E-01     6.E-03     8.E-04                      41762  2   28 
  3.755E+02     2.E-01       1.-2     2.E-03  9.799E+02           41762  2   29 
  3.936E+02     5.E-02   1.36E-01     9.E-03 3.9355E+02           41762  2   30 
 4.9413E+02     5.E-02      7.5-2     8.E-03 8.8757E+02           41762  2   31 
 5.8646E+02     5.E-02    1.6E-01       2.-2  9.799E+02           41762  2   32 
 6.0471E+02     9.E-02    6.8E-01       7.-2  6.047E+02           41762  2   33 
 6.3009E+02     6.E-02      3.7-2     4.E-03 8.1476E+02           41762  2   34 
   7.03E+02     5.E-01      1.4-2     2.E-03 8.8757E+02           41762  2   35 
 7.4925E+02     7.E-02      2.6-2     3.E-03 1.1428E+03           41762  2   36 
 7.6894E+02     6.E-02      2.6-2     3.E-03 1.6567E+03           41762  2   37 
 7.9427E+02     5.E-02       6.-2     6.E-03 8.8757E+02           41762  2   38 
 8.1482E+02     5.E-02    4.3E-01       4.-2 8.1476E+02           41762  2   39 
 8.6361E+02    1.2E-01       1.-2     2.E-03 1.6781E+03           41762  2   40 
 8.8746E+02     5.E-02    1.7E-03       2.-2 8.8757E+02           41762  2   41 
 9.1224E+02     1.E-01      1.4-2     2.E-03 1.5171E+03           41762  2   42 
  9.471E+02     2.E-01    3.6E-03     4.E-04                      41762  2   43 
   9.58E+02     1.E-01      1.8-2     2.E-03 1.1428E+03           41762  2   44 
 9.6964E+02     9.E-02      3.6-2     4.E-03 1.3635E+03           41762  2   45 
 9.7963E+02     8.E-02      7.6-2     8.E-03  9.799E+02           41762  2   46 
 9.9905E+02     8.E-02      6.8-2     8.E-03   9.99E+02           41762  2   47 
  1.036E+03     5.E-01      4.3-2     4.E-03 1.6407E+03           41762  2   48 
 1.0471E+03     1.E-01      1.6-2     2.E-03                      41762  2   49 
 1.0865E+03     8.E-02     9.E-01     1.E-03                      41762  2   50 
 1.1277E+03     1.E-01      4.4-2     5.E-03 1.7324E+03           41762  2   51 
 1.1434E+03     5.E-01    3.6E-03     4.E-04 1.1428E+03           41762  2   52 
 1.1791E+03     8.E-02       3.-2     3.E-03 1.3635E+03           41762  2   53 
 1.2033E+03     8.E-02      4.6-2     5.E-03  1.808E+03           41762  2   54 
 1.2149E+03     1.E-01      2.2-2     3.E-03  2.732E+03           41762  2   55 
 1.2624E+03     3.E-01      2.1-2     3.E-03 1.4465E+03           41762  2   56 
 1.2704E+03     2.E-01    4.3E-03     5.E-04 1.3635E+03           41762  2   57 
 1.2845E+03     5.E-01    9.3E-03    1.5E-03 1.6781E+03           41762  2   58 
 1.2875E+03     5.E-01    9.3E-03    1.5E-03 2.9282E+03           41762  2   59 
 1.2941E+03     2.E-01    3.6E-03     4.E-04 2.4366E+03           41762  2   60 
 1.3219E+03     8.E-02      2.5-2     3.E-03 2.1368E+03           41762  2   61 
 1.3528E+03     1.E-01      1.6-2     2.E-03 1.4465E+03           41762  2   62 
 1.3592E+03     3.E-01     7.E-03     9.E-04 1.5437E+03           41762  2   63 
 1.3638E+03     5.E-01      1.5-2     2.E-03 1.3635E+03           41762  2   64 
 1.3844E+03     5.E-01     5.E-03     6.E-04 2.9282E+03           41762  2   65 
 1.3879E+03     3.E-01      1.6-2     2.E-03 1.7813E+03           41762  2   66 
 1.4227E+03     2.E-01    6.4E-03     7.E-04                      41762  2   67 
 1.4464E+03     2.E-01      1.4-2     2.E-03 1.4465E+03           41762  2   68 
 1.4504E+03     2.E-01    4.3E-03     5.E-04 1.5437E+03           41762  2   69 
 1.4724E+03    1.5E-01     7.E-03     8.E-04 1.6567E+03           41762  2   70 
 1.4823E+03    1.5E-01    3.6E-03     6.E-04 2.9282E+03           41762  2   71 
 1.5047E+03     3.E-01    9.3E-03    1.2E-03                      41762  2   72 
  1.514E+03     8.E-01      4.3-2     6.E-03                      41762  2   73 
 1.5173E+03     1.E-01      7.8-2     9.E-03 1.5171E+03           41762  2   74 
 1.5437E+03     7.E-02      2.4-2     3.E-03 1.5437E+03           41762  2   75 
  1.549E+03     9.E-01    3.6E-03     6.E-04 2.4366E+03           41762  2   76 
 1.5843E+03     2.E-01      1.3-2     2.E-03 1.6781E+03           41762  2   77 
 1.5966E+03     2.E-01    6.8E-03     8.E-04 1.7813E+03           41762  2   78 
 1.6061E+03     3.E-01    3.4E-03     5.E-04                      41762  2   79 
 1.6162E+03     3.E-01      1.9-2     3.E-03 1.8008E+03           41762  2   80 
 1.6215E+03     5.E-01       1.-2     2.E-03 2.4366E+03           41762  2   81 
 1.6542E+03     5.E-01    7.2E-03     8.E-04                      41762  2   82 
 1.6572E+03     3.E-01      1.6-2     2.E-03 1.6567E+03           41762  2   83 
  1.688E+03     5.E-01      1.1-2     2.E-03 1.7813E+03           41762  2   84 
 1.6906E+03     5.E-01      1.1-2     2.E-03 2.0843E+03           41762  2   85 
  1.712E+03     2.E-01    3.3E-03     4.E-04                      41762  2   86 
 1.7782E+03     5.E-01       1.-2     2.E-03                      41762  2   87 
 1.7811E+03     3.E-01      1.8-2     3.E-03 1.7813E+03           41762  2   88 
 1.7848E+03     5.E-01    7.3E-03     9.E-04                      41762  2   89 
 1.8007E+03     2.E-01      2.6-2     4.E-03 1.8008E+03           41762  2   90 
 1.8492E+03     2.E-01      1.4-2     2.E-03 2.4532E+03           41762  2   91 
 1.8997E+03     2.E-01    6.9E-03     8.E-04 2.0843E+03           41762  2   92 
 1.9087E+03     3.E-01      1.4-2     2.E-03                      41762  2   93 
 1.9907E+03     3.E-01    5.7E-03     7.E-04 2.0843E+03           41762  2   94 
 2.0169E+03     3.E-01    2.9E-03     4.E-04                      41762  2   95 
 2.0846E+03     4.E-01    4.3E-03     6.E-04 2.0843E+03           41762  2   96 
 2.1035E+03     2.E-01       1.-2     2.E-03                      41762  2   97 
 2.1374E+03     3.E-01    4.3E-03     6.E-04 2.1368E+03           41762  2   98 
ENDDATA             79          0                                 41762  2   99 
ENDSUBENT           98          0                                 41762  299999 
ENDENTRY             2          0                                 4176299999999 
