ENTRY            10284   20011227                             00001028400000001 
SUBENT        10284001   20011227                             00001028400100001 
BIB                 11         17                                 1028400100002 
INSTITUTE  (1USAORL)                                              1028400100003 
REFERENCE  (R,ORNL-4803,197305)                                   1028400100004 
AUTHOR     (W.E.Kinney,F.G.Perey)                                 1028400100005 
TITLE      Tungsten neutron elastic and inelastic scattering cross1028400100006 
            sections from 4.34 to 8.56 MeV                        1028400100007 
FACILITY   (VDG) ORNL Van de Graaff                               1028400100008 
INC-SOURCE (D-D)                                                  1028400100009 
METHOD     (PHD,TOF)                                              1028400100010 
DETECTOR   (SCIN) Liquid NE-213 scintillators                     1028400100011 
MONITOR    No information                                         1028400100012 
STATUS     (APRVD) Approved by author.                            1028400100013 
            Data received from W. Kinney, 10 July 1972.           1028400100014 
HISTORY    (19741206C)                                            1028400100015 
           (19760209A) Data added                                 1028400100016 
           (19830124A) Converted to REACTION formalism            1028400100017 
           (20011227A) Updated to new date formats, lower case.   1028400100018 
                       Added SF4 to reaction strings.             1028400100019 
ENDBIB              17          0                                 1028400100020 
NOCOMMON             0          0                                 1028400100021 
ENDSUBENT           20          0                                 1028400199999 
SUBENT        10284002   20011227                             00001028400200001 
BIB                  2          4                                 1028400200002 
REACTION   ((74-W-0(N,EL)74-W-0,,DA)+(74-W-0(N,INL)74-W-0,PAR,DA))1028400200003 
ERR-ANALYS (DATA-ERR) Includes uncertainties in geometrical       1028400200004 
            parameters and finite sample corrections. Inelastic   1028400200005 
            data also includes multiple scattering corrections.   1028400200006 
ENDBIB               4          0                                 1028400200007 
COMMON               3          3                                 1028400200008 
E-LVL      E-LVL      E-LVL                                       1028400200009 
MEV        MEV        MEV                                         1028400200010 
0.100      0.111      0.123                                       1028400200011 
ENDCOMMON            3          0                                 1028400200012 
DATA                 6         94                                 1028400200013 
EN         EN-RSL     ANG-CM     DATA-CM    +DATA-ERR  -DATA-ERR  1028400200014 
MEV        MEV        ADEG       MB/SR      PER-CENT   PER-CENT   1028400200015 
4.34       0.07        10.08     5568.92     4.0        7.0       1028400200016 
4.34       0.07        17.62     3950.79     6.1        9.6       1028400200017 
4.34       0.07        25.14     2284.66     4.6        6.4       1028400200018 
4.34       0.07        25.15     2418.84     6.0       11.1       1028400200019 
4.34       0.07        32.68     1120.87     5.2        9.3       1028400200020 
4.34       0.07        40.21      463.98     7.2       13.4       1028400200021 
4.34       0.07        47.74      205.91     7.3        9.7       1028400200022 
4.34       0.07        55.26      103.15     9.5       15.8       1028400200023 
4.34       0.07        62.78       60.93    14.0       23.9       1028400200024 
4.34       0.07        70.30       67.82    14.7       18.7       1028400200025 
4.34       0.07        77.81       70.78     9.7       19.9       1028400200026 
4.34       0.07        85.31       97.76     9.7       17.4       1028400200027 
4.34       0.07        95.32      126.81     7.8        9.1       1028400200028 
4.34       0.07       102.81      105.06     7.6       10.6       1028400200029 
4.34       0.07       110.30       70.32    13.4       14.2       1028400200030 
4.34       0.07       121.77       37.97    13.7       16.4       1028400200031 
4.34       0.07       129.25       34.15    18.3       19.8       1028400200032 
4.34       0.07       136.73       38.48    21.4       23.6       1028400200033 
4.92       0.06        10.06     5164.44     3.9        5.2       1028400200034 
4.92       0.06        15.09     4115.61     4.6        6.7       1028400200035 
4.92       0.06        17.60     3727.87     4.6        7.9       1028400200036 
4.92       0.06        22.64     2431.48     7.4        7.4       1028400200037 
4.92       0.06        25.14     1863.92     6.0        9.2       1028400200038 
4.92       0.06        25.14     1909.34     4.5        5.3       1028400200039 
4.92       0.06        30.17     1061.56     8.9        9.6       1028400200040 
4.92       0.06        32.68      812.08     6.5        8.7       1028400200041 
4.92       0.06        40.20      322.76     8.1       14.0       1028400200042 
4.92       0.06        47.74      195.00     7.0        8.3       1028400200043 
4.92       0.06        55.26      126.19    10.1       10.0       1028400200044 
4.92       0.06        62.78       70.70    11.0       16.1       1028400200045 
4.92       0.06        70.30       66.46    12.9       15.7       1028400200046 
4.92       0.06        77.81       87.82    12.4       13.1       1028400200047 
4.92       0.06        85.32      120.61    10.3       10.8       1028400200048 
4.92       0.06        95.32      117.77     8.5        8.9       1028400200049 
4.92       0.06       102.81       88.66     8.4        8.3       1028400200050 
4.92       0.06       110.30       52.89    11.8        8.4       1028400200051 
4.92       0.06       121.77       23.23    25.6       19.1       1028400200052 
4.92       0.06       129.24       30.23    20.5       13.4       1028400200053 
4.92       0.06       136.72       43.49    15.9       11.8       1028400200054 
6.44       0.07        15.08     3562.83     6.6        5.8       1028400200055 
6.44       0.07        22.63     1536.66     6.2        7.2       1028400200056 
6.44       0.07        27.65      853.64     4.7        6.1       1028400200057 
6.44       0.07        35.18      263.98     8.1        7.4       1028400200058 
6.44       0.07        42.71      180.24     8.1        9.2       1028400200059 
6.44       0.07        47.73      193.51     6.8        5.9       1028400200060 
6.44       0.07        55.26      151.49     8.6        6.9       1028400200061 
6.44       0.07        62.78       79.84    10.4        7.6       1028400200062 
6.44       0.07        70.30       43.85    25.6       11.8       1028400200063 
6.44       0.07        77.80       50.24    12.9        9.6       1028400200064 
6.44       0.07        85.31       68.24    10.6        7.3       1028400200065 
6.44       0.07        92.81       87.02     8.2       10.5       1028400200066 
6.44       0.07       100.31       66.03    10.5        6.8       1028400200067 
6.44       0.07       107.80       43.42    17.7        8.4       1028400200068 
6.44       0.07       119.77       19.49    24.3       21.5       1028400200069 
6.44       0.07       127.25       18.14    35.9       13.9       1028400200070 
6.44       0.07       134.72       32.60    13.8        8.4       1028400200071 
7.54       0.06        15.09     3554.19     4.5        4.0       1028400200072 
7.54       0.06        22.62     1448.98     5.2        6.4       1028400200073 
7.54       0.06        27.64      539.10     6.6        5.4       1028400200074 
7.54       0.06        35.18      143.97    10.5        7.9       1028400200075 
7.54       0.06        42.71      208.13     7.2        6.8       1028400200076 
7.54       0.06        47.73      223.48     6.5        7.0       1028400200077 
7.54       0.06        55.26      156.73     8.8        7.7       1028400200078 
7.54       0.06        62.78       60.03    12.4       11.9       1028400200079 
7.54       0.06        70.30       37.94    18.3       12.6       1028400200080 
7.54       0.06        77.81       65.07    12.5        8.6       1028400200081 
7.54       0.06        85.31       72.12    10.3        7.6       1028400200082 
7.54       0.06        92.81       67.27    12.2        7.6       1028400200083 
7.54       0.06       100.31       42.39    14.4        9.7       1028400200084 
7.54       0.06       107.80       21.45    17.9       14.7       1028400200085 
7.54       0.06       119.77       20.64    23.9       17.1       1028400200086 
7.54       0.06       127.25       22.23    26.4       12.6       1028400200087 
7.54       0.06       134.73       26.45    14.4       14.2       1028400200088 
8.56       0.06        10.06     4975.68     4.9        8.3       1028400200089 
8.56       0.06        15.09     3379.45     5.4        7.0       1028400200090 
8.56       0.06        22.62     1219.54     6.8        8.6       1028400200091 
8.56       0.06        27.65      359.12     8.1        9.2       1028400200092 
8.56       0.06        31.67      140.78    11.6        8.5       1028400200093 
8.56       0.06        35.18      133.58    10.0        8.4       1028400200094 
8.56       0.06        39.20      187.40     9.5        7.0       1028400200095 
8.56       0.06        42.72      241.94     7.3        7.9       1028400200096 
8.56       0.06        46.72      239.40     8.5        6.1       1028400200097 
8.56       0.06        47.73      266.93     8.8        5.7       1028400200098 
8.56       0.06        55.26      168.42     8.7        6.5       1028400200099 
8.56       0.06        62.78       57.28    14.3        6.7       1028400200100 
8.56       0.06        70.29       43.09    11.6        8.9       1028400200101 
8.56       0.06        77.80       71.79     9.3        8.3       1028400200102 
8.56       0.06        85.32       81.56    13.6        8.2       1028400200103 
8.56       0.06        92.81       64.30    12.0       13.1       1028400200104 
8.56       0.06       100.31       31.06    14.2       10.3       1028400200105 
8.56       0.06       107.80       19.40    13.9       14.6       1028400200106 
8.56       0.06       119.77       24.59    14.6       17.5       1028400200107 
8.56       0.06       127.25       23.74    14.8       21.9       1028400200108 
8.56       0.06       134.73       21.22    16.4       18.4       1028400200109 
ENDDATA             96          0                                 1028400200110 
ENDSUBENT          109          0                                 1028400299999 
SUBENT        10284003   20011227                             00001028400300001 
BIB                  3          6                                 1028400300002 
REACTION   ((74-W-0(N,EL)74-W-0,,DA,,LEG/2L2)+                    1028400300003 
           (74-W-0(N,INL)74-W-0,PAR,DA,,LEG/2L2))                 1028400300004 
ERR-ANALYS (DATA-ERR) Includes uncertainties in geometrical       1028400300005 
            parameters and finite sample corrections. Inelastic   1028400300006 
            data also includes multiple scattering corrections.   1028400300007 
STATUS     (DEP,10824002)                                         1028400300008 
ENDBIB               6          0                                 1028400300009 
COMMON               3          3                                 1028400300010 
E-LVL      E-LVL      E-LVL                                       1028400300011 
MEV        MEV        MEV                                         1028400300012 
0.100      0.111      0.123                                       1028400300013 
ENDCOMMON            3          0                                 1028400300014 
DATA                 5         60                                 1028400300015 
EN         EN-RSL     NUMBER     DATA       DATA-ERR              1028400300016 
MEV        MEV        NO-DIM     MB/SR      PER-CENT              1028400300017 
4.34       0.07        0.        705.49536   2.5                  1028400300018 
4.34       0.07        1.        525.88184   3.0                  1028400300019 
4.34       0.07        2.        422.14502   3.3                  1028400300020 
4.34       0.07        3.        333.76416   3.4                  1028400300021 
4.34       0.07        4.        241.92575   4.1                  1028400300022 
4.34       0.07        5.        143.97351   5.6                  1028400300023 
4.34       0.07        6.         79.75507   8.0                  1028400300024 
4.34       0.07        7.         47.38870  10.7                  1028400300025 
4.34       0.07        8.         21.09935  16.3                  1028400300026 
4.34       0.07        9.          5.68121  40.4                  1028400300027 
4.92       0.06        0.        624.43066   1.9                  1028400300028 
4.92       0.06        1.        460.44873   2.3                  1028400300029 
4.92       0.06        2.        367.57446   2.5                  1028400300030 
4.92       0.06        3.        296.88379   2.6                  1028400300031 
4.92       0.06        4.        229.01265   3.0                  1028400300032 
4.92       0.06        5.        151.29405   4.0                  1028400300033 
4.92       0.06        6.         90.59291   5.7                  1028400300034 
4.92       0.06        7.         62.68361   6.7                  1028400300035 
4.92       0.06        8.         36.10461   9.3                  1028400300036 
4.92       0.06        9.         14.85574  15.9                  1028400300037 
4.92       0.06       10.          4.30727  37.3                  1028400300038 
6.44       0.07        0.        463.52808   3.0                  1028400300039 
6.44       0.07        1.        351.02710   3.9                  1028400300040 
6.44       0.07        2.        283.23364   4.3                  1028400300041 
6.44       0.07        3.        233.18773   4.8                  1028400300042 
6.44       0.07        4.        186.09500   5.3                  1028400300043 
6.44       0.07        5.        139.27782   5.9                  1028400300044 
6.44       0.07        6.        100.47435   7.0                  1028400300045 
6.44       0.07        7.         77.37817   6.9                  1028400300046 
6.44       0.07        8.         49.72884   8.5                  1028400300047 
6.44       0.07        9.         24.03671  12.2                  1028400300048 
6.44       0.07       10.          9.65919  20.4                  1028400300049 
6.44       0.07       11.          2.05970  67.2                  1028400300050 
7.54       0.06        0.        447.74219   2.6                  1028400300051 
7.54       0.06        1.        348.54272   3.1                  1028400300052 
7.54       0.06        2.        287.14600   3.5                  1028400300053 
7.54       0.06        3.        238.80681   3.8                  1028400300054 
7.54       0.06        4.        200.20261   4.0                  1028400300055 
7.54       0.06        5.        162.08463   4.4                  1028400300056 
7.54       0.06        6.        125.31064   4.6                  1028400300057 
7.54       0.06        7.        101.31007   5.1                  1028400300058 
7.54       0.06        8.         74.65388   5.3                  1028400300059 
7.54       0.06        9.         45.94987   7.0                  1028400300060 
7.54       0.06       10.         21.71886  11.4                  1028400300061 
7.54       0.06       11.          7.99819  20.9                  1028400300062 
7.54       0.06       12.          2.27529  51.9                  1028400300063 
8.56       0.06        0.        418.91699   2.8                  1028400300064 
8.56       0.06        1.        326.69092   3.3                  1028400300065 
8.56       0.06        2.        260.81812   3.9                  1028400300066 
8.56       0.06        3.        218.84288   4.3                  1028400300067 
8.56       0.06        4.        185.71191   4.5                  1028400300068 
8.56       0.06        5.        153.97954   4.7                  1028400300069 
8.56       0.06        6.        125.28264   4.8                  1028400300070 
8.56       0.06        7.        102.55858   4.8                  1028400300071 
8.56       0.06        8.         82.04819   5.0                  1028400300072 
8.56       0.06        9.         54.11766   5.9                  1028400300073 
8.56       0.06       10.         27.88792   9.2                  1028400300074 
8.56       0.06       11.         11.61932  16.6                  1028400300075 
8.56       0.06       12.          4.43031  31.9                  1028400300076 
8.56       0.06       13.          1.37465  63.3                  1028400300077 
ENDDATA             62          0                                 1028400300078 
ENDSUBENT           77          0                                 1028400399999 
SUBENT        10284004   20030529                             00001028400400001 
BIB                  3          7                                 1028400400002 
REACTION   (74-W-0(N,INL)74-W-0,,DA/DE,,AV)                       1028400400003 
            Angle averaged.                                       1028400400004 
ERR-ANALYS (DATA-ERR) Includes uncertainties in geometrical       1028400400005 
            parameters and finite sample and multiple scattering  1028400400006 
            corrections.                                          1028400400007 
HISTORY    (20011227A) Angle range added.                         1028400400008 
           (20030529A) Reaction corrected.                        1028400400009 
ENDBIB               7          0                                 1028400400010 
COMMON               2          3                                 1028400400011 
ANG-MIN    ANG-MAX                                                1028400400012 
ADEG       ADEG                                                   1028400400013 
 15.       140.                                                   1028400400014 
ENDCOMMON            3          0                                 1028400400015 
DATA                 5        314                                 1028400400016 
EN         EN-ERR     E          DATA       DATA-ERR              1028400400017 
MEV        MEV        MEV        MB/SR/MEV  MB/SR/MEV             1028400400018 
6.44       0.07       3.287        9.7       6.0                  1028400400019 
6.44       0.07       3.262       11.2       6.0                  1028400400020 
6.44       0.07       3.237        9.8       5.6                  1028400400021 
6.44       0.07       3.212        9.6       5.6                  1028400400022 
6.44       0.07       3.188       13.1       5.6                  1028400400023 
6.44       0.07       3.163       14.3       5.6                  1028400400024 
6.44       0.07       3.138       13.4       5.6                  1028400400025 
6.44       0.07       3.113       15.5       5.2                  1028400400026 
6.44       0.07       3.088       11.4       4.0                  1028400400027 
6.44       0.07       3.063       10.5       3.6                  1028400400028 
6.44       0.07       3.038       11.7       3.6                  1028400400029 
6.44       0.07       3.014       11.7       3.6                  1028400400030 
6.44       0.07       2.989       15.8       3.6                  1028400400031 
6.44       0.07       2.964       15.2       3.6                  1028400400032 
6.44       0.07       2.939       13.9       3.2                  1028400400033 
6.44       0.07       2.914       14.6       3.6                  1028400400034 
6.44       0.07       2.889        9.4       2.8                  1028400400035 
6.44       0.07       2.864       10.4       2.8                  1028400400036 
6.44       0.07       2.839       13.3       3.2                  1028400400037 
6.44       0.07       2.815       14.7       2.8                  1028400400038 
6.44       0.07       2.790       13.8       2.8                  1028400400039 
6.44       0.07       2.765       13.2       2.8                  1028400400040 
6.44       0.07       2.740       14.8       2.8                  1028400400041 
6.44       0.07       2.715       15.2       2.8                  1028400400042 
6.44       0.07       2.690       12.6       2.4                  1028400400043 
6.44       0.07       2.665       12.8       2.4                  1028400400044 
6.44       0.07       2.641       14.9       2.4                  1028400400045 
6.44       0.07       2.616       18.0       2.4                  1028400400046 
6.44       0.07       2.591       19.4       2.8                  1028400400047 
6.44       0.07       2.566       19.1       2.8                  1028400400048 
6.44       0.07       2.541       18.3       2.8                  1028400400049 
6.44       0.07       2.516       17.4       2.8                  1028400400050 
6.44       0.07       2.491       18.6       2.8                  1028400400051 
6.44       0.07       2.467       21.5       2.8                  1028400400052 
6.44       0.07       2.442       23.5       2.8                  1028400400053 
6.44       0.07       2.417       24.4       2.8                  1028400400054 
6.44       0.07       2.392       24.9       2.8                  1028400400055 
6.44       0.07       2.367       25.9       2.8                  1028400400056 
6.44       0.07       2.342       28.0       3.2                  1028400400057 
6.44       0.07       2.317       29.2       3.2                  1028400400058 
6.44       0.07       2.292       28.8       3.2                  1028400400059 
6.44       0.07       2.268       28.5       3.2                  1028400400060 
6.44       0.07       2.243       28.8       3.2                  1028400400061 
6.44       0.07       2.218       30.3       3.2                  1028400400062 
6.44       0.07       2.193       32.8       3.2                  1028400400063 
6.44       0.07       2.168       34.9       3.6                  1028400400064 
6.44       0.07       2.143       36.2       3.6                  1028400400065 
6.44       0.07       2.118       36.1       3.6                  1028400400066 
6.44       0.07       2.094       36.3       3.6                  1028400400067 
6.44       0.07       2.069       36.4       3.6                  1028400400068 
6.44       0.07       2.044       37.5       3.6                  1028400400069 
6.44       0.07       2.019       39.6       3.6                  1028400400070 
6.44       0.07       1.994       40.1       4.0                  1028400400071 
6.44       0.07       1.969       38.6       3.6                  1028400400072 
6.44       0.07       1.944       37.9       3.6                  1028400400073 
6.44       0.07       1.920       39.8       4.0                  1028400400074 
6.44       0.07       1.895       43.8       4.0                  1028400400075 
6.44       0.07       1.870       45.8       4.0                  1028400400076 
6.44       0.07       1.845       45.5       4.4                  1028400400077 
6.44       0.07       1.820       47.1       4.4                  1028400400078 
6.44       0.07       1.795       49.8       4.4                  1028400400079 
6.44       0.07       1.770       53.2       4.8                  1028400400080 
6.44       0.07       1.745       55.7       4.8                  1028400400081 
6.44       0.07       1.721       57.2       5.2                  1028400400082 
6.44       0.07       1.696       56.5       5.2                  1028400400083 
6.44       0.07       1.671       53.8       5.2                  1028400400084 
6.44       0.07       1.646       52.4       5.2                  1028400400085 
6.44       0.07       1.621       54.6       5.2                  1028400400086 
6.44       0.07       1.596       60.4       5.6                  1028400400087 
6.44       0.07       1.571       65.6       6.0                  1028400400088 
6.44       0.07       1.547       68.9       6.4                  1028400400089 
6.44       0.07       1.522       69.6       6.8                  1028400400090 
6.44       0.07       1.497       69.7       7.2                  1028400400091 
6.44       0.07       1.472       71.1       7.2                  1028400400092 
6.44       0.07       1.447       73.9       8.0                  1028400400093 
6.44       0.07       1.422       78.2       8.4                  1028400400094 
6.44       0.07       1.397       78.2       8.8                  1028400400095 
6.44       0.07       1.372       77.9       9.2                  1028400400096 
6.44       0.07       1.348       81.6      10.0                  1028400400097 
6.44       0.07       1.323       90.5      11.2                  1028400400098 
6.44       0.07       1.298       95.2      12.4                  1028400400099 
6.44       0.07       1.273       95.2      13.2                  1028400400100 
6.44       0.07       1.248       98.4      14.0                  1028400400101 
6.44       0.07       1.223       99.9      14.8                  1028400400102 
6.44       0.07       1.198       99.2      15.6                  1028400400103 
6.44       0.07       1.174      108.0      18.8                  1028400400104 
6.44       0.07       1.149      101.1      20.4                  1028400400105 
6.44       0.07       1.124      117.4      25.6                  1028400400106 
7.54       0.06       3.629       16.5      10.4                  1028400400107 
7.54       0.06       3.604       22.2      10.0                  1028400400108 
7.54       0.06       3.579       10.4       7.2                  1028400400109 
7.54       0.06       3.555        9.5       5.6                  1028400400110 
7.54       0.06       3.530        9.1       5.2                  1028400400111 
7.54       0.06       3.505       10.0       4.4                  1028400400112 
7.54       0.06       3.480       11.8       4.4                  1028400400113 
7.54       0.06       3.455       11.6       4.4                  1028400400114 
7.54       0.06       3.430        8.5       4.4                  1028400400115 
7.54       0.06       3.405        7.4       4.8                  1028400400116 
7.54       0.06       3.381        9.0       5.2                  1028400400117 
7.54       0.06       3.356        6.3       4.0                  1028400400118 
7.54       0.06       3.331        9.4       4.4                  1028400400119 
7.54       0.06       3.306       10.3       4.0                  1028400400120 
7.54       0.06       3.281       11.9       4.4                  1028400400121 
7.54       0.06       3.256       13.8       4.0                  1028400400122 
7.54       0.06       3.231       11.4       3.6                  1028400400123 
7.54       0.06       3.206        8.6       3.6                  1028400400124 
7.54       0.06       3.182        9.6       4.0                  1028400400125 
7.54       0.06       3.157        8.5       4.0                  1028400400126 
7.54       0.06       3.132        9.6       4.0                  1028400400127 
7.54       0.06       3.107       10.5       3.6                  1028400400128 
7.54       0.06       3.082       12.4       3.6                  1028400400129 
7.54       0.06       3.057       16.2       4.0                  1028400400130 
7.54       0.06       3.032       13.7       3.6                  1028400400131 
7.54       0.06       3.008       10.4       3.2                  1028400400132 
7.54       0.06       2.983       12.0       3.6                  1028400400133 
7.54       0.06       2.958       13.0       3.6                  1028400400134 
7.54       0.06       2.933       16.5       3.6                  1028400400135 
7.54       0.06       2.908       16.8       3.2                  1028400400136 
7.54       0.06       2.883       16.0       3.6                  1028400400137 
7.54       0.06       2.858       17.2       3.2                  1028400400138 
7.54       0.06       2.834       17.7       3.2                  1028400400139 
7.54       0.06       2.809       15.8       3.2                  1028400400140 
7.54       0.06       2.784       15.6       3.6                  1028400400141 
7.54       0.06       2.759       15.7       3.6                  1028400400142 
7.54       0.06       2.734       18.0       3.6                  1028400400143 
7.54       0.06       2.709       22.6       3.6                  1028400400144 
7.54       0.06       2.684       23.5       4.0                  1028400400145 
7.54       0.06       2.659       18.1       3.6                  1028400400146 
7.54       0.06       2.635       17.9       3.6                  1028400400147 
7.54       0.06       2.610       21.6       3.6                  1028400400148 
7.54       0.06       2.585       25.6       3.6                  1028400400149 
7.54       0.06       2.560       24.8       3.6                  1028400400150 
7.54       0.06       2.535       22.8       4.0                  1028400400151 
7.54       0.06       2.510       23.7       4.0                  1028400400152 
7.54       0.06       2.485       26.8       4.0                  1028400400153 
7.54       0.06       2.461       26.5       4.0                  1028400400154 
7.54       0.06       2.436       24.8       4.0                  1028400400155 
7.54       0.06       2.411       27.0       4.0                  1028400400156 
7.54       0.06       2.386       32.7       4.4                  1028400400157 
7.54       0.06       2.361       34.2       4.4                  1028400400158 
7.54       0.06       2.336       29.2       4.0                  1028400400159 
7.54       0.06       2.311       27.8       4.4                  1028400400160 
7.54       0.06       2.287       30.3       4.4                  1028400400161 
7.54       0.06       2.262       33.6       4.4                  1028400400162 
7.54       0.06       2.237       32.3       4.4                  1028400400163 
7.54       0.06       2.212       30.4       4.4                  1028400400164 
7.54       0.06       2.187       35.3       4.4                  1028400400165 
7.54       0.06       2.162       40.4       4.4                  1028400400166 
7.54       0.06       2.137       37.9       4.4                  1028400400167 
7.54       0.06       2.112       33.1       4.4                  1028400400168 
7.54       0.06       2.088       33.0       4.4                  1028400400169 
7.54       0.06       2.063       39.1       4.8                  1028400400170 
7.54       0.06       2.038       45.7       4.8                  1028400400171 
7.54       0.06       2.013       47.0       4.8                  1028400400172 
7.54       0.06       1.988       46.2       4.8                  1028400400173 
7.54       0.06       1.963       44.4       5.2                  1028400400174 
7.54       0.06       1.938       46.8       5.2                  1028400400175 
7.54       0.06       1.914       53.1       5.6                  1028400400176 
7.54       0.06       1.889       57.9       5.6                  1028400400177 
7.54       0.06       1.864       54.2       5.6                  1028400400178 
7.54       0.06       1.839       46.6       5.2                  1028400400179 
7.54       0.06       1.814       46.5       5.2                  1028400400180 
7.54       0.06       1.789       53.2       5.6                  1028400400181 
7.54       0.06       1.764       61.3       6.0                  1028400400182 
7.54       0.06       1.740       61.0       6.0                  1028400400183 
7.54       0.06       1.715       59.2       6.0                  1028400400184 
7.54       0.06       1.690       63.1       6.4                  1028400400185 
7.54       0.06       1.665       66.3       6.4                  1028400400186 
7.54       0.06       1.640       69.2       6.8                  1028400400187 
7.54       0.06       1.615       69.8       6.8                  1028400400188 
7.54       0.06       1.590       71.6       7.2                  1028400400189 
7.54       0.06       1.565       72.5       7.6                  1028400400190 
7.54       0.06       1.541       71.2       7.6                  1028400400191 
7.54       0.06       1.516       70.5       8.0                  1028400400192 
7.54       0.06       1.491       71.5       8.4                  1028400400193 
7.54       0.06       1.466       71.1       8.4                  1028400400194 
7.54       0.06       1.441       72.4       8.8                  1028400400195 
7.54       0.06       1.416       79.3       9.6                  1028400400196 
7.54       0.06       1.391       86.6      10.4                  1028400400197 
7.54       0.06       1.367       86.2      10.8                  1028400400198 
7.54       0.06       1.342       81.5      11.2                  1028400400199 
7.54       0.06       1.317       83.4      11.6                  1028400400200 
7.54       0.06       1.292       92.5      13.2                  1028400400201 
7.54       0.06       1.267      100.8      14.8                  1028400400202 
7.54       0.06       1.242      101.5      15.2                  1028400400203 
7.54       0.06       1.217       98.6      15.6                  1028400400204 
7.54       0.06       1.192       97.0      16.4                  1028400400205 
7.54       0.06       1.168      103.9      19.6                  1028400400206 
8.56       0.06       4.340        8.3       6.0                  1028400400207 
8.56       0.06       4.315       10.2       6.0                  1028400400208 
8.56       0.06       4.290        9.0       4.8                  1028400400209 
8.56       0.06       4.265       11.6       4.8                  1028400400210 
8.56       0.06       4.240       11.8       5.2                  1028400400211 
8.56       0.06       4.215        9.7       5.2                  1028400400212 
8.56       0.06       4.191       11.4       4.8                  1028400400213 
8.56       0.06       4.166       10.8       4.8                  1028400400214 
8.56       0.06       4.141        7.3       4.0                  1028400400215 
8.56       0.06       4.116        6.2       4.0                  1028400400216 
8.56       0.06       4.091        6.7       4.0                  1028400400217 
8.56       0.06       4.066        7.8       4.0                  1028400400218 
8.56       0.06       4.041        7.8       4.0                  1028400400219 
8.56       0.06       4.017        9.0       3.2                  1028400400220 
8.56       0.06       3.992        9.6       3.6                  1028400400221 
8.56       0.06       3.967        8.3       3.6                  1028400400222 
8.56       0.06       3.942       11.0       4.0                  1028400400223 
8.56       0.06       3.917       11.6       4.0                  1028400400224 
8.56       0.06       3.892        9.0       3.6                  1028400400225 
8.56       0.06       3.867        7.5       3.6                  1028400400226 
8.56       0.06       3.842        7.0       3.6                  1028400400227 
8.56       0.06       3.818        7.7       3.2                  1028400400228 
8.56       0.06       3.793       11.4       3.2                  1028400400229 
8.56       0.06       3.768       10.9       2.8                  1028400400230 
8.56       0.06       3.743       11.3       2.8                  1028400400231 
8.56       0.06       3.718       11.9       2.8                  1028400400232 
8.56       0.06       3.693       12.5       2.8                  1028400400233 
8.56       0.06       3.668       13.1       2.8                  1028400400234 
8.56       0.06       3.644        9.5       2.8                  1028400400235 
8.56       0.06       3.619       10.2       2.8                  1028400400236 
8.56       0.06       3.594       12.1       2.8                  1028400400237 
8.56       0.06       3.569       11.7       2.4                  1028400400238 
8.56       0.06       3.544       12.6       2.8                  1028400400239 
8.56       0.06       3.519       10.7       2.8                  1028400400240 
8.56       0.06       3.494       12.2       2.8                  1028400400241 
8.56       0.06       3.470       10.5       2.8                  1028400400242 
8.56       0.06       3.445       12.6       2.8                  1028400400243 
8.56       0.06       3.420       14.8       2.8                  1028400400244 
8.56       0.06       3.395       18.0       2.8                  1028400400245 
8.56       0.06       3.370       19.0       2.8                  1028400400246 
8.56       0.06       3.345       16.1       2.8                  1028400400247 
8.56       0.06       3.320       13.4       2.8                  1028400400248 
8.56       0.06       3.295       14.9       2.8                  1028400400249 
8.56       0.06       3.271       17.8       2.8                  1028400400250 
8.56       0.06       3.246       18.6       2.8                  1028400400251 
8.56       0.06       3.221       16.4       2.8                  1028400400252 
8.56       0.06       3.196       14.6       2.8                  1028400400253 
8.56       0.06       3.171       16.7       2.8                  1028400400254 
8.56       0.06       3.146       16.9       2.8                  1028400400255 
8.56       0.06       3.121       15.2       2.8                  1028400400256 
8.56       0.06       3.097       13.4       2.8                  1028400400257 
8.56       0.06       3.072       18.2       2.8                  1028400400258 
8.56       0.06       3.047       23.4       2.8                  1028400400259 
8.56       0.06       3.022       25.6       2.8                  1028400400260 
8.56       0.06       2.997       23.3       3.2                  1028400400261 
8.56       0.06       2.972       22.2       3.2                  1028400400262 
8.56       0.06       2.947       24.6       3.2                  1028400400263 
8.56       0.06       2.922       26.9       3.2                  1028400400264 
8.56       0.06       2.898       27.7       3.2                  1028400400265 
8.56       0.06       2.873       27.7       3.2                  1028400400266 
8.56       0.06       2.848       28.2       3.2                  1028400400267 
8.56       0.06       2.823       26.6       3.2                  1028400400268 
8.56       0.06       2.798       25.0       3.2                  1028400400269 
8.56       0.06       2.773       24.3       3.2                  1028400400270 
8.56       0.06       2.748       27.8       3.2                  1028400400271 
8.56       0.06       2.724       28.1       3.2                  1028400400272 
8.56       0.06       2.699       27.6       3.2                  1028400400273 
8.56       0.06       2.674       27.2       3.2                  1028400400274 
8.56       0.06       2.649       28.8       3.2                  1028400400275 
8.56       0.06       2.624       31.3       3.2                  1028400400276 
8.56       0.06       2.599       33.0       3.6                  1028400400277 
8.56       0.06       2.574       32.1       3.2                  1028400400278 
8.56       0.06       2.550       33.3       3.6                  1028400400279 
8.56       0.06       2.525       34.9       3.6                  1028400400280 
8.56       0.06       2.500       35.0       3.6                  1028400400281 
8.56       0.06       2.475       32.7       3.6                  1028400400282 
8.56       0.06       2.450       31.7       3.6                  1028400400283 
8.56       0.06       2.425       34.1       3.6                  1028400400284 
8.56       0.06       2.400       36.8       3.6                  1028400400285 
8.56       0.06       2.375       37.1       3.6                  1028400400286 
8.56       0.06       2.351       35.8       3.6                  1028400400287 
8.56       0.06       2.326       35.2       3.6                  1028400400288 
8.56       0.06       2.301       36.9       3.6                  1028400400289 
8.56       0.06       2.276       41.1       4.0                  1028400400290 
8.56       0.06       2.251       43.0       4.0                  1028400400291 
8.56       0.06       2.226       41.6       4.0                  1028400400292 
8.56       0.06       2.201       40.8       4.0                  1028400400293 
8.56       0.06       2.177       42.1       4.0                  1028400400294 
8.56       0.06       2.152       45.7       4.0                  1028400400295 
8.56       0.06       2.127       49.4       4.4                  1028400400296 
8.56       0.06       2.102       52.8       4.4                  1028400400297 
8.56       0.06       2.077       53.7       4.4                  1028400400298 
8.56       0.06       2.052       52.4       4.4                  1028400400299 
8.56       0.06       2.027       49.2       4.4                  1028400400300 
8.56       0.06       2.003       47.8       4.4                  1028400400301 
8.56       0.06       1.978       49.6       4.4                  1028400400302 
8.56       0.06       1.953       53.3       4.8                  1028400400303 
8.56       0.06       1.928       55.4       4.8                  1028400400304 
8.56       0.06       1.903       55.9       4.8                  1028400400305 
8.56       0.06       1.878       55.9       4.8                  1028400400306 
8.56       0.06       1.853       57.3       5.2                  1028400400307 
8.56       0.06       1.828       60.2       5.2                  1028400400308 
8.56       0.06       1.804       63.6       5.6                  1028400400309 
8.56       0.06       1.779       66.2       5.6                  1028400400310 
8.56       0.06       1.754       69.4       6.0                  1028400400311 
8.56       0.06       1.729       72.3       6.0                  1028400400312 
8.56       0.06       1.704       74.5       6.4                  1028400400313 
8.56       0.06       1.679       75.1       6.4                  1028400400314 
8.56       0.06       1.654       77.6       6.8                  1028400400315 
8.56       0.06       1.630       79.6       6.8                  1028400400316 
8.56       0.06       1.605       83.3       7.2                  1028400400317 
8.56       0.06       1.580       86.1       7.6                  1028400400318 
8.56       0.06       1.555       89.8       8.0                  1028400400319 
8.56       0.06       1.530       92.3       8.8                  1028400400320 
8.56       0.06       1.505       92.4       8.8                  1028400400321 
8.56       0.06       1.480       90.9       9.2                  1028400400322 
8.56       0.06       1.456       90.6       9.6                  1028400400323 
8.56       0.06       1.431       93.6      10.0                  1028400400324 
8.56       0.06       1.406       96.3      10.4                  1028400400325 
8.56       0.06       1.381       98.8      11.2                  1028400400326 
8.56       0.06       1.356      103.2      12.4                  1028400400327 
8.56       0.06       1.331      110.8      13.6                  1028400400328 
8.56       0.06       1.306      116.2      15.2                  1028400400329 
8.56       0.06       1.281      113.9      15.2                  1028400400330 
8.56       0.06       1.257      112.0      16.0                  1028400400331 
8.56       0.06       1.232      124.8      18.0                  1028400400332 
ENDDATA            316          0                                 1028400400333 
ENDSUBENT          332          0                                 1028400499999 
SUBENT        10284005   20011227                             00001028400500001 
BIB                  3          6                                 1028400500002 
REACTION   ((74-W-0(N,EL)74-W-0,,SIG)+                            1028400500003 
           (74-W-0(N,INL)74-W-0,PAR,SIG))                         1028400500004 
ERR-ANALYS (DATA-ERR) Includes uncertainties in geometrical       1028400500005 
            parameters and finite sample corrections. Inelastic   1028400500006 
            data also includes multiple scattering corrections.   1028400500007 
STATUS     (DEP,10824002)                                         1028400500008 
ENDBIB               6          0                                 1028400500009 
COMMON               3          3                                 1028400500010 
E-LVL      E-LVL      E-LVL                                       1028400500011 
MEV        MEV        MEV                                         1028400500012 
0.100      0.111      0.123                                       1028400500013 
ENDCOMMON            3          0                                 1028400500014 
DATA                 4          5                                 1028400500015 
EN         EN-ERR     DATA       DATA-ERR                         1028400500016 
MEV        MEV        MB         PER-CENT                         1028400500017 
4.34       0.07        4432.75    7.4                             1028400500018 
4.92       0.06        3923.41    7.2                             1028400500019 
6.44       0.07        2912.43    7.6                             1028400500020 
7.54       0.06        2813.24    7.5                             1028400500021 
8.56       0.06        2632.13    7.5                             1028400500022 
ENDDATA              7          0                                 1028400500023 
ENDSUBENT           22          0                                 1028400599999 
ENDENTRY             5          0                                 1028499999999 
