ENTRY            10468   20031103                             00001046800000001 
SUBENT        10468001   20031103                             00001046800100001 
BIB                  9         14                                 1046800100002 
INSTITUTE  (1USAANL)                                              1046800100003 
REFERENCE  (J,PR/C,12,1797,197512)                                1046800100004 
           (R,ANL-NDM-4,197407)                                   1046800100005 
AUTHOR     (P.Guenther,A.Smith,J.Whalen)                          1046800100006 
TITLE      90Zr and 92Zr: Neutron total and scattering cross      1046800100007 
            sections.                                             1046800100008 
FACILITY   (DYNAM,1USAANL)                                        1046800100009 
SAMPLE     Isotopically enriched right metallic cylinders         1046800100010 
METHOD     (TOF) Time-of-flight                                   1046800100011 
STATUS     (APRVD) Approved by author                             1046800100012 
HISTORY    (19750204C)                                            1046800100013 
           (19760302U) Reference updated                          1046800100014 
           (19830328A) Converted to REACTION formalism            1046800100015 
           (20031103A) Convered to new date formats, lower case.  1046800100016 
ENDBIB              14          0                                 1046800100017 
NOCOMMON             0          0                                 1046800100018 
ENDSUBENT           17          0                                 1046800199999 
SUBENT        10468002   20031103                             00001046800200001 
BIB                  2          4                                 1046800200002 
REACTION   (40-ZR-90(N,TOT),,SIG)                                 1046800200003 
ERR-ANALYS (DATA-ERR) Errors given include the following-         1046800200004 
           . statistical error (2 to 5%),                         1046800200005 
           . systematic uncertainties (<3%).                      1046800200006 
ENDBIB               4          0                                 1046800200007 
NOCOMMON             0          0                                 1046800200008 
DATA                 3        129                                 1046800200009 
EN         DATA       DATA-ERR                                    1046800200010 
MEV        B          B                                           1046800200011 
     0.9330     6.2830     0.1309                                 1046800200012 
     0.9430     5.6720     0.1408                                 1046800200013 
     0.9580     6.2610     0.1273                                 1046800200014 
     0.9680     6.2470     0.1493                                 1046800200015 
     0.9820     6.6230     0.1260                                 1046800200016 
     0.9930     5.7540     0.1474                                 1046800200017 
     1.0070     6.1250     0.1247                                 1046800200018 
     1.0170     5.7570     0.1669                                 1046800200019 
     1.0570     5.7690     0.1244                                 1046800200020 
     1.0660     6.0430     0.1121                                 1046800200021 
     1.0830     6.2610     0.1243                                 1046800200022 
     1.0830     6.2710     0.1241                                 1046800200023 
     1.0910     5.9630     0.1284                                 1046800200024 
     1.1070     5.8510     0.1360                                 1046800200025 
     1.1170     5.6770     0.1379                                 1046800200026 
     1.1310     5.8000     0.1298                                 1046800200027 
     1.1410     5.9700     0.1403                                 1046800200028 
     1.1550     6.3280     0.1276                                 1046800200029 
     1.1670     6.1200     0.1390                                 1046800200030 
     1.1790     5.9750     0.1229                                 1046800200031 
     1.1900     6.0130     0.1340                                 1046800200032 
     1.2090     5.5580     0.1168                                 1046800200033 
     1.2150     5.7120     0.1363                                 1046800200034 
     1.2290     5.5890     0.1176                                 1046800200035 
     1.2400     5.6260     0.1220                                 1046800200036 
     1.2550     5.8860     0.1348                                 1046800200037 
     1.2650     5.4010     0.1154                                 1046800200038 
     1.2890     5.8720     0.1209                                 1046800200039 
     1.3150     5.4060     0.1215                                 1046800200040 
     1.3400     5.7500     0.1187                                 1046800200041 
     1.3630     5.0560     0.1156                                 1046800200042 
     1.3880     5.0230     0.1143                                 1046800200043 
     1.4130     4.8490     0.1280                                 1046800200044 
     1.4380     5.1390     0.1163                                 1046800200045 
     1.4630     5.3000     0.1071                                 1046800200046 
     1.4870     4.8270     0.1136                                 1046800200047 
     1.5120     4.9020     0.1085                                 1046800200048 
     1.5360     4.6630     0.1093                                 1046800200049 
     1.5620     4.9250     0.1364                                 1046800200050 
     1.5860     5.1260     0.1344                                 1046800200051 
     1.6120     5.2680     0.1246                                 1046800200052 
     1.6360     4.6050     0.1288                                 1046800200053 
     1.6380     4.6000     0.0854                                 1046800200054 
     1.7100     4.7700     0.0788                                 1046800200055 
     1.7600     4.6560     0.0906                                 1046800200056 
     1.8050     4.6140     0.2286                                 1046800200057 
     1.8540     4.2400     0.0764                                 1046800200058 
     1.8990     4.2450     0.1105                                 1046800200059 
     1.9480     4.2110     0.0932                                 1046800200060 
     1.9920     4.4550     0.0851                                 1046800200061 
     2.0410     4.0590     0.0869                                 1046800200062 
     2.1070     4.3140     0.0937                                 1046800200063 
     2.1450     4.1590     0.0967                                 1046800200064 
     2.1940     3.9450     0.0930                                 1046800200065 
     2.2480     4.0640     0.0966                                 1046800200066 
     2.2970     3.9260     0.0951                                 1046800200067 
     2.3450     3.9570     0.0952                                 1046800200068 
     2.3930     4.0550     0.0904                                 1046800200069 
     2.4470     3.8600     0.0969                                 1046800200070 
     2.4950     3.9880     0.0902                                 1046800200071 
     2.5480     3.7350     0.0841                                 1046800200072 
     2.6010     3.7220     0.0822                                 1046800200073 
     2.6490     3.9080     0.0791                                 1046800200074 
     2.6960     4.1450     0.0823                                 1046800200075 
     2.7490     3.7600     0.0807                                 1046800200076 
     2.8060     4.0280     0.0820                                 1046800200077 
     2.8480     3.7060     0.0773                                 1046800200078 
     2.9000     3.9620     0.1003                                 1046800200079 
     2.9520     3.7100     0.0840                                 1046800200080 
     2.9990     3.8330     0.0869                                 1046800200081 
     3.0500     3.7930     0.0938                                 1046800200082 
     3.1020     3.8730     0.0843                                 1046800200083 
     3.1430     3.7360     0.0840                                 1046800200084 
     3.1890     3.7800     0.0820                                 1046800200085 
     3.2400     3.6620     0.0847                                 1046800200086 
     3.2910     3.8540     0.0902                                 1046800200087 
     3.2910     3.8600     0.0898                                 1046800200088 
     3.3410     3.7680     0.0863                                 1046800200089 
     3.3920     3.8480     0.0860                                 1046800200090 
     3.4320     3.6620     0.0905                                 1046800200091 
     3.4970     3.7350     0.0946                                 1046800200092 
     3.5420     3.6390     0.0958                                 1046800200093 
     3.5920     3.5640     0.0863                                 1046800200094 
     3.6470     3.5550     0.0875                                 1046800200095 
     3.6960     3.5410     0.0769                                 1046800200096 
     3.7410     3.3190     0.0986                                 1046800200097 
     3.7800     3.6440     0.0858                                 1046800200098 
     3.8340     3.5990     0.0803                                 1046800200099 
     3.8920     3.5910     0.0871                                 1046800200100 
     3.9410     3.5170     0.0888                                 1046800200101 
     3.9940     3.4880     0.0891                                 1046800200102 
     4.0380     3.6730     0.0941                                 1046800200103 
     4.0910     3.6540     0.0982                                 1046800200104 
     4.1430     3.7020     0.0985                                 1046800200105 
     4.1430     3.6840     0.1029                                 1046800200106 
     4.1910     3.6020     0.0965                                 1046800200107 
     4.2340     3.5220     0.1078                                 1046800200108 
     4.2860     3.4290     0.1010                                 1046800200109 
     4.3340     3.6880     0.1090                                 1046800200110 
     4.3810     3.4290     0.1094                                 1046800200111 
     4.4320     3.4410     0.1143                                 1046800200112 
     4.4790     3.3790     0.1228                                 1046800200113 
     4.5300     3.4760     0.1253                                 1046800200114 
     4.5810     3.7010     0.1201                                 1046800200115 
     4.6280     3.5500     0.1313                                 1046800200116 
     4.6780     3.2780     0.1300                                 1046800200117 
     4.7290     3.5270     0.0985                                 1046800200118 
     4.7790     3.3860     0.0965                                 1046800200119 
     4.8240     3.6310     0.1036                                 1046800200120 
     4.8740     3.3870     0.1094                                 1046800200121 
     4.9240     3.3140     0.1139                                 1046800200122 
     4.9730     3.7020     0.1233                                 1046800200123 
     5.0540     3.6400     0.1596                                 1046800200124 
     5.0720     3.3580     0.2342                                 1046800200125 
     5.1030     3.4890     0.1443                                 1046800200126 
     5.1210     3.5530     0.2098                                 1046800200127 
     5.1520     3.8580     0.2218                                 1046800200128 
     5.1690     3.6150     0.1446                                 1046800200129 
     5.2000     3.7890     0.1520                                 1046800200130 
     5.2180     3.4190     0.1749                                 1046800200131 
     5.2480     3.6060     0.1598                                 1046800200132 
     5.2660     3.6310     0.1788                                 1046800200133 
     5.2960     3.2980     0.1765                                 1046800200134 
     5.3230     3.6580     0.1739                                 1046800200135 
     5.3440     3.7760     0.1891                                 1046800200136 
     5.4140     3.7290     0.1799                                 1046800200137 
     5.4400     3.6300     0.1602                                 1046800200138 
     5.4650     3.6590     0.1617                                 1046800200139 
     5.5130     3.4560     0.1597                                 1046800200140 
ENDDATA            131          0                                 1046800200141 
ENDSUBENT          140          0                                 1046800299999 
SUBENT        10468003   20031103                             00001046800300001 
BIB                  4          7                                 1046800300002 
REACTION   (40-ZR-90(N,EL)40-ZR-90,,DA)                           1046800300003 
INC-SPECT  Incident neutron resolution 30-50 keV.                 1046800300004 
MONITOR    (1-H-1(N,EL)1-H-1,,SIG)                                1046800300005 
ERR-ANALYS (DATA-ERR) Errors given include the following-         1046800300006 
           . systematic error in Monte-Carlo correction procedure 1046800300007 
           . systematic uncertainties                             1046800300008 
           . uncertainties in standard cross-section measurement  1046800300009 
ENDBIB               7          0                                 1046800300010 
NOCOMMON             0          0                                 1046800300011 
DATA                 4        279                                 1046800300012 
EN         ANG        DATA       DATA-ERR                         1046800300013 
MEV        ADEG       B/SR       PER-CENT                         1046800300014 
      1.800    19.7900     1.2190    12.2000                      1046800300015 
      1.800    26.7100     1.1000    12.2000                      1046800300016 
      1.800    29.6800     1.0720     9.1500                      1046800300017 
      1.800    36.6400     0.8803     9.1500                      1046800300018 
      1.800    45.6000     0.5700     9.1500                      1046800300019 
      1.800    52.5800     0.4731     9.1500                      1046800300020 
      1.800    61.5600     0.3258     9.1500                      1046800300021 
      1.800    68.5400     0.3010     9.1500                      1046800300022 
      1.800    77.5200     0.2566     9.1500                      1046800300023 
      1.800    84.5100     0.2451     9.1500                      1046800300024 
      1.800    93.4900     0.2099     9.1500                      1046800300025 
      1.800   100.5000     0.1997     9.1500                      1046800300026 
      1.800   109.5000     0.1680     9.1500                      1046800300027 
      1.800   116.4000     0.1608     9.1500                      1046800300028 
      1.800   125.4000     0.1779     9.1500                      1046800300029 
      1.800   132.4000     0.2012     9.1500                      1046800300030 
      1.800   141.4000     0.2476     9.1500                      1046800300031 
      1.800   149.3000     0.3358     9.1500                      1046800300032 
      1.800   151.3000     0.3151    12.2000                      1046800300033 
      1.800   159.2000     0.3692    12.2000                      1046800300034 
      2.000    19.7900     1.2150    11.6000                      1046800300035 
      2.000    26.7100     1.0000    11.6000                      1046800300036 
      2.000    29.6800     1.0260     8.7000                      1046800300037 
      2.000    36.6400     0.7840     8.7000                      1046800300038 
      2.000    45.6000     0.5254     8.7000                      1046800300039 
      2.000    52.5800     0.4074     8.7000                      1046800300040 
      2.000    61.5600     0.2924     8.7000                      1046800300041 
      2.000    68.5400     0.2500     8.7000                      1046800300042 
      2.000    77.5200     0.2192     8.7000                      1046800300043 
      2.000    84.5100     0.2096     8.7000                      1046800300044 
      2.000    93.4900     0.1816     8.7000                      1046800300045 
      2.000   100.5000     0.1730     8.7000                      1046800300046 
      2.000   109.5000     0.1577     8.7000                      1046800300047 
      2.000   116.4000     0.1516     8.7000                      1046800300048 
      2.000   125.4000     0.1727     8.7000                      1046800300049 
      2.000   132.4000     0.1997     8.7000                      1046800300050 
      2.000   141.4000     0.2397     8.7000                      1046800300051 
      2.000   149.3000     0.3102     8.7000                      1046800300052 
      2.000   151.3000     0.3247    11.6000                      1046800300053 
      2.000   159.2000     0.4085    11.6000                      1046800300054 
      2.200    19.7900     1.0940    10.5000                      1046800300055 
      2.200    26.7100     0.8943    10.5000                      1046800300056 
      2.200    29.6800     0.8534     8.4000                      1046800300057 
      2.200    36.6400     0.6449     8.4000                      1046800300058 
      2.200    45.6000     0.4253     8.4000                      1046800300059 
      2.200    52.5800     0.3120     8.4000                      1046800300060 
      2.200    61.5600     0.2365     8.4000                      1046800300061 
      2.200    68.5400     0.2104     8.4000                      1046800300062 
      2.200    77.5200     0.2056     8.4000                      1046800300063 
      2.200    84.5100     0.1884     8.4000                      1046800300064 
      2.200    93.4900     0.1854     8.4000                      1046800300065 
      2.200   100.5000     0.1656     8.4000                      1046800300066 
      2.200   109.5000     0.1471     8.4000                      1046800300067 
      2.200   116.4000     0.1393     8.4000                      1046800300068 
      2.200   125.4000     0.1419     8.4000                      1046800300069 
      2.200   132.4000     0.1597     8.4000                      1046800300070 
      2.200   141.4000     0.1963     8.4000                      1046800300071 
      2.200   149.3000     0.2532     8.4000                      1046800300072 
      2.200   151.3000     0.2747    10.5000                      1046800300073 
      2.200   159.2000     0.3749    10.5000                      1046800300074 
      2.400    19.7900     1.0320     8.8500                      1046800300075 
      2.400    26.7100     0.8210     8.8500                      1046800300076 
      2.400    29.6800     0.7514     7.0800                      1046800300077 
      2.400    36.6400     0.5315     7.0800                      1046800300078 
      2.400    45.6000     0.3382     7.0800                      1046800300079 
      2.400    52.5800     0.2391     7.0800                      1046800300080 
      2.400    61.5600     0.1818     7.0800                      1046800300081 
      2.400    68.5400     0.1657     7.0800                      1046800300082 
      2.400    77.5200     0.1578     7.0800                      1046800300083 
      2.400    84.5100     0.1553     7.0800                      1046800300084 
      2.400    93.4900     0.1443     7.0800                      1046800300085 
      2.400   100.5000     0.1336     7.0800                      1046800300086 
      2.400   109.5000     0.1057     7.0800                      1046800300087 
      2.400   116.4000     0.0912     7.0800                      1046800300088 
      2.400   125.4000     0.1017     7.0800                      1046800300089 
      2.400   132.4000     0.1076     7.0800                      1046800300090 
      2.400   141.4000     0.1502     7.0800                      1046800300091 
      2.400   149.3000     0.1995     7.0800                      1046800300092 
      2.400   151.3000     0.2254     8.8500                      1046800300093 
      2.400   159.2000     0.3047     8.8500                      1046800300094 
      2.600    19.7900     1.0110     9.1500                      1046800300095 
      2.600    26.7100     0.7140     9.1500                      1046800300096 
      2.600    29.6800     0.6671     6.1000                      1046800300097 
      2.600    36.6400     0.4281     6.1000                      1046800300098 
      2.600    45.6000     0.2693     6.1000                      1046800300099 
      2.600    52.5800     0.1928     6.1000                      1046800300100 
      2.600    61.5600     0.1752     6.1000                      1046800300101 
      2.600    68.5400     0.1560     6.1000                      1046800300102 
      2.600    77.5200     0.1522     6.1000                      1046800300103 
      2.600    84.5100     0.1494     6.1000                      1046800300104 
      2.600    93.4900     0.1521     6.1000                      1046800300105 
      2.600   100.5000     0.1176     6.1000                      1046800300106 
      2.600   109.5000     0.0954     6.1000                      1046800300107 
      2.600   116.4000     0.0686     6.1000                      1046800300108 
      2.600   125.4000     0.0829     6.1000                      1046800300109 
      2.600   132.4000     0.0871     6.1000                      1046800300110 
      2.600   141.4000     0.1182     6.1000                      1046800300111 
      2.600   149.3000     0.1727     6.1000                      1046800300112 
      2.600   151.3000     0.1923     9.1500                      1046800300113 
      2.600   159.2000     0.2375     9.1500                      1046800300114 
      2.800    19.7900     1.0500     7.3200                      1046800300115 
      2.800    26.7100     0.7308     7.3200                      1046800300116 
      2.800    29.6800     0.6368     7.3200                      1046800300117 
      2.800    36.6400     0.3914     7.3200                      1046800300118 
      2.800    45.6000     0.2326     7.3200                      1046800300119 
      2.800    52.5800     0.1736     7.3200                      1046800300120 
      2.800    61.5600     0.1622     7.3200                      1046800300121 
      2.800    68.5400     0.1691     7.3200                      1046800300122 
      2.800    77.5200     0.1638     7.3200                      1046800300123 
      2.800    84.5100     0.1578     7.3200                      1046800300124 
      2.800    93.4900     0.1373     7.3200                      1046800300125 
      2.800   100.5000     0.1072     7.3200                      1046800300126 
      2.800   109.5000     0.0783     7.3200                      1046800300127 
      2.800   116.4000     0.0629     7.3200                      1046800300128 
      2.800   125.4000     0.0703     7.3200                      1046800300129 
      2.800   132.4000     0.0821     7.3200                      1046800300130 
      2.800   141.4000     0.1419     7.3200                      1046800300131 
      2.800   149.3000     0.2109     7.3200                      1046800300132 
      2.800   151.3000     0.2188     7.3200                      1046800300133 
      2.800   159.2000     0.2921     7.3200                      1046800300134 
      2.900    16.1000     1.2590     9.3600                      1046800300135 
      2.900    20.6000     1.0370     9.3600                      1046800300136 
      2.900    25.9000     0.8140     9.3600                      1046800300137 
      2.900    30.5000     0.6070     9.3600                      1046800300138 
      2.900    41.9000     0.3300     9.3600                      1046800300139 
      2.900    45.5000     0.2120     9.3600                      1046800300140 
      2.900    56.0000     0.1560     9.3600                      1046800300141 
      2.900    60.6000     0.1380     9.3600                      1046800300142 
      2.900    71.0000     0.1510     9.3600                      1046800300143 
      2.900    75.6000     0.1600     9.3600                      1046800300144 
      2.900    85.0000     0.1220     9.3600                      1046800300145 
      2.900    90.6000     0.1310     9.3600                      1046800300146 
      2.900   101.2000     0.1180     9.3600                      1046800300147 
      2.900   105.7000     0.0920     9.3600                      1046800300148 
      2.900   115.2000     0.0690     9.3600                      1046800300149 
      2.900   120.6000     0.0570     9.3600                      1046800300150 
      2.900   131.1000     0.0680     9.3600                      1046800300151 
      2.900   141.1000     0.1020     9.3600                      1046800300152 
      2.900   142.9000     0.1240     9.3600                      1046800300153 
      2.900   152.8000     0.1820     9.3600                      1046800300154 
      3.000    19.7900     1.1020     6.9100                      1046800300155 
      3.000    26.7100     0.7609     6.9100                      1046800300156 
      3.000    29.6800     0.6154     6.9100                      1046800300157 
      3.000    36.6400     0.3691     6.9100                      1046800300158 
      3.000    45.6000     0.1977     6.9100                      1046800300159 
      3.000    52.5800     0.1212     6.9100                      1046800300160 
      3.000    61.5600     0.1308     6.9100                      1046800300161 
      3.000    68.5400     0.1482     6.9100                      1046800300162 
      3.000    77.5200     0.1382     6.9100                      1046800300163 
      3.000    84.5100     0.1287     6.9100                      1046800300164 
      3.000    93.4900     0.1167     6.9100                      1046800300165 
      3.000   100.5000     0.0906     6.9100                      1046800300166 
      3.000   109.5000     0.0697     6.9100                      1046800300167 
      3.000   116.4000     0.0513     6.9100                      1046800300168 
      3.000   125.4000     0.0644     6.9100                      1046800300169 
      3.000   132.4000     0.0804     6.9100                      1046800300170 
      3.000   141.4000     0.1310     6.9100                      1046800300171 
      3.000   149.3000     0.1884     6.9100                      1046800300172 
      3.000   151.3000     0.1900     6.9100                      1046800300173 
      3.000   159.2000     0.2567     6.9100                      1046800300174 
      3.200    19.7900     1.1040     6.6800                      1046800300175 
      3.200    26.7100     0.7586     6.6800                      1046800300176 
      3.200    29.6800     0.5550     6.6800                      1046800300177 
      3.200    36.6400     0.3243     6.6800                      1046800300178 
      3.200    45.6000     0.1492     6.6800                      1046800300179 
      3.200    52.5800     0.1040     6.6800                      1046800300180 
      3.200    61.5600     0.1257     6.6800                      1046800300181 
      3.200    68.5400     0.1449     6.6800                      1046800300182 
      3.200    77.5200     0.1521     6.6800                      1046800300183 
      3.200    84.5100     0.1394     6.6800                      1046800300184 
      3.200    93.4900     0.1175     6.6800                      1046800300185 
      3.200   100.5000     0.0899     6.6800                      1046800300186 
      3.200   109.5000     0.0594     6.6800                      1046800300187 
      3.200   116.4000     0.0508     6.6800                      1046800300188 
      3.200   125.4000     0.0485     6.6800                      1046800300189 
      3.200   132.4000     0.0591     6.6800                      1046800300190 
      3.200   141.4000     0.0978     6.6800                      1046800300191 
      3.200   149.3000     0.1501     6.6800                      1046800300192 
      3.200   151.3000     0.1601     6.6800                      1046800300193 
      3.200   159.2000     0.2208     6.6800                      1046800300194 
      3.400    19.7900     1.2000     7.3000                      1046800300195 
      3.400    26.7100     0.7989     7.3000                      1046800300196 
      3.400    29.6800     0.5791     7.3000                      1046800300197 
      3.400    36.6400     0.3101     7.3000                      1046800300198 
      3.400    45.6000     0.1371     7.3000                      1046800300199 
      3.400    52.5800     0.0857     7.3000                      1046800300200 
      3.400    61.5600     0.1122     7.3000                      1046800300201 
      3.400    68.5400     0.1485     7.3000                      1046800300202 
      3.400    77.5200     0.1567     7.3000                      1046800300203 
      3.400    84.5100     0.1516     7.3000                      1046800300204 
      3.400    93.4900     0.1212     7.3000                      1046800300205 
      3.400   100.5000     0.0861     7.3000                      1046800300206 
      3.400   109.5000     0.0532     7.3000                      1046800300207 
      3.400   116.4000     0.0406     7.3000                      1046800300208 
      3.400   125.4000     0.0417     7.3000                      1046800300209 
      3.400   132.4000     0.0545     7.3000                      1046800300210 
      3.400   141.4000     0.0883     7.3000                      1046800300211 
      3.400   149.3000     0.1399     7.3000                      1046800300212 
      3.400   151.3000     0.1503     7.3000                      1046800300213 
      3.400   159.2000     0.2060     7.3000                      1046800300214 
      3.500    19.3000     1.0820    10.5000                      1046800300215 
      3.500    24.6000     0.8630    10.5000                      1046800300216 
      3.500    29.2000     0.7030    10.5000                      1046800300217 
      3.500    34.5000     0.4820    10.5000                      1046800300218 
      3.500    44.3000     0.1810    10.5000                      1046800300219 
      3.500    49.8000     0.1200    10.5000                      1046800300220 
      3.500    59.3000     0.1020    10.5000                      1046800300221 
      3.500    64.8000     0.1340    10.5000                      1046800300222 
      3.500    74.5000     0.1670    10.5000                      1046800300223 
      3.500    80.0000     0.1750    10.5000                      1046800300224 
      3.500    89.5000     0.1470    10.5000                      1046800300225 
      3.500    95.0000     0.1260    10.5000                      1046800300226 
      3.500   104.8000     0.0770    10.5000                      1046800300227 
      3.500   110.0000     0.0590    10.5000                      1046800300228 
      3.500   119.7000     0.0450    10.5000                      1046800300229 
      3.500   124.9000     0.0490    10.5000                      1046800300230 
      3.500   134.9000     0.0610    10.5000                      1046800300231 
      3.500   144.9000     0.0870    10.5000                      1046800300232 
      3.500   154.8000     0.1450    10.5000                      1046800300233 
      3.600    19.7900     1.0460     7.4000                      1046800300234 
      3.600    26.7100     0.7464     7.4000                      1046800300235 
      3.600    29.6800     0.4721     7.4000                      1046800300236 
      3.600    36.6400     0.2777     7.4000                      1046800300237 
      3.600    45.6000     0.1060     7.4000                      1046800300238 
      3.600    52.5800     0.0762     7.4000                      1046800300239 
      3.600    61.5600     0.1181     7.4000                      1046800300240 
      3.600    68.5400     0.1594     7.4000                      1046800300241 
      3.600    77.5200     0.1551     7.4000                      1046800300242 
      3.600    84.5100     0.1330     7.4000                      1046800300243 
      3.600    93.4900     0.0883     7.4000                      1046800300244 
      3.600   100.5000     0.0671     7.4000                      1046800300245 
      3.600   109.5000     0.0457     7.4000                      1046800300246 
      3.600   116.4000     0.0337     7.4000                      1046800300247 
      3.600   125.4000     0.0427     7.4000                      1046800300248 
      3.600   132.4000     0.0622     7.4000                      1046800300249 
      3.600   141.4000     0.0941     7.4000                      1046800300250 
      3.600   149.3000     0.1275     7.4000                      1046800300251 
      3.600   151.3000     0.1317     7.4000                      1046800300252 
      3.600   159.2000     0.1738     7.4000                      1046800300253 
      3.800    19.7900     1.1170     6.8000                      1046800300254 
      3.800    26.7100     0.7184     6.8000                      1046800300255 
      3.800    29.6800     0.4866     6.8000                      1046800300256 
      3.800    36.6400     0.2358     6.8000                      1046800300257 
      3.800    45.6000     0.0983     6.8000                      1046800300258 
      3.800    52.5800     0.0778     6.8000                      1046800300259 
      3.800    61.5600     0.1167     6.8000                      1046800300260 
      3.800    68.5400     0.1752     6.8000                      1046800300261 
      3.800    77.5200     0.1602     6.8000                      1046800300262 
      3.800    84.5100     0.1333     6.8000                      1046800300263 
      3.800    93.4900     0.0888     6.8000                      1046800300264 
      3.800   100.5000     0.0525     6.8000                      1046800300265 
      3.800   109.5000     0.0411     6.8000                      1046800300266 
      3.800   116.4000     0.0335     6.8000                      1046800300267 
      3.800   125.4000     0.0351     6.8000                      1046800300268 
      3.800   132.4000     0.0563     6.8000                      1046800300269 
      3.800   141.4000     0.0852     6.8000                      1046800300270 
      3.800   149.3000     0.1256     6.8000                      1046800300271 
      3.800   151.3000     0.1424     6.8000                      1046800300272 
      3.800   159.2000     0.1708     6.8000                      1046800300273 
      4.000    19.7900     1.1640     7.9000                      1046800300274 
      4.000    26.7100     0.7901     7.9000                      1046800300275 
      4.000    29.6800     0.4633     7.9000                      1046800300276 
      4.000    36.6400     0.2734     7.9000                      1046800300277 
      4.000    45.6000     0.0875     7.9000                      1046800300278 
      4.000    52.5800     0.0664     7.9000                      1046800300279 
      4.000    61.5600     0.1266     7.9000                      1046800300280 
      4.000    68.5400     0.1711     7.9000                      1046800300281 
      4.000    77.5200     0.1713     7.9000                      1046800300282 
      4.000    84.5100     0.1459     7.9000                      1046800300283 
      4.000    93.4900     0.0874     7.9000                      1046800300284 
      4.000   100.5000     0.0538     7.9000                      1046800300285 
      4.000   109.5000     0.0287     7.9000                      1046800300286 
      4.000   116.4000     0.0297     7.9000                      1046800300287 
      4.000   125.4000     0.0416     7.9000                      1046800300288 
      4.000   132.4000     0.0526     7.9000                      1046800300289 
      4.000   141.4000     0.0704     7.9000                      1046800300290 
      4.000   149.3000     0.0941     7.9000                      1046800300291 
      4.000   151.3000     0.1143     7.9000                      1046800300292 
      4.000   159.2000     0.1496     7.9000                      1046800300293 
ENDDATA            281          0                                 1046800300294 
ENDSUBENT          293          0                                 1046800399999 
SUBENT        10468004   20031103                             00001046800400001 
BIB                  3          5                                 1046800400002 
REACTION   (40-ZR-90(N,INL)40-ZR-90,PAR,SIG)                      1046800400003 
MONITOR    (1-H-1(N,EL)1-H-1,,SIG)                                1046800400004 
ERR-ANALYS (DATA-ERR) Errors given include the following-         1046800400005 
           . uncertainties in angle-integrating procedure         1046800400006 
           . systematic uncertainties                             1046800400007 
ENDBIB               5          0                                 1046800400008 
NOCOMMON             0          0                                 1046800400009 
DATA                 5         34                                 1046800400010 
E-LVL      E-LVL-ERR  EN         DATA       DATA-ERR              1046800400011 
KEV        KEV        MEV        B          B                     1046800400012 
      1749.        15.     2.6000     0.1962     0.0507           1046800400013 
      1749.        15.     2.8000     0.2259     0.0351           1046800400014 
      1749.        15.     2.9000     0.2454     0.0406           1046800400015 
      1749.        15.     3.0000     0.2428     0.0254           1046800400016 
      1749.        15.     3.2000     0.2047     0.0204           1046800400017 
      1749.        15.     3.4000     0.1993     0.0189           1046800400018 
      1749.        15.     3.4000     0.1624     0.0160           1046800400019 
      1749.        15.     3.5000     0.1909     0.0153           1046800400020 
      1749.        15.     3.6000     0.1785     0.0153           1046800400021 
      1749.        15.     3.8000     0.1642     0.0151           1046800400022 
      1749.        15.     4.0000     0.1491     0.0159           1046800400023 
      2169.        15.     2.8000     0.7354     0.1000           1046800400024 
      2169.        15.     3.0000     0.6261     0.0661           1046800400025 
      2169.        15.     3.2000     0.7334     0.0800           1046800400026 
      2169.        15.     3.4000     0.6549     0.0664           1046800400027 
      2169.        15.     3.5000     0.4488     0.0669           1046800400028 
      2169.        15.     3.6000     0.4898     0.0502           1046800400029 
      2169.        15.     3.8000     0.4948     0.0506           1046800400030 
      2169.        15.     4.0000     0.4627     0.0400           1046800400031 
      2306.        20.     3.2000     0.0810     0.0300           1046800400032 
      2306.        20.     3.4000     0.0818     0.0300           1046800400033 
      2306.        20.     3.4000     0.0813     0.0300           1046800400034 
      2306.        20.     3.6000     0.1309     0.0300           1046800400035 
      2306.        20.     3.8000     0.1299     0.0300           1046800400036 
      2306.        20.     4.0000     0.1358     0.0300           1046800400037 
      2732.        20.     3.4000     0.1596     0.0808           1046800400038 
      2732.        20.     3.4000     0.2073     0.0506           1046800400039 
      2732.        20.     3.5000     0.1633     0.0801           1046800400040 
      2732.        20.     3.6000     0.2660     0.0503           1046800400041 
      2732.        20.     3.8000     0.3476     0.0508           1046800400042 
      2732.        20.     4.0000     0.3830     0.0506           1046800400043 
      3068.        20.     3.8000     0.1738     0.0509           1046800400044 
      3068.        20.     4.0000     0.2284     0.0503           1046800400045 
      3300.        20.     4.0000     0.2203     0.0406           1046800400046 
ENDDATA             36          0                                 1046800400047 
ENDSUBENT           46          0                                 1046800499999 
SUBENT        10468005   20031103                             00001046800500001 
BIB                  2          4                                 1046800500002 
REACTION   (40-ZR-92(N,TOT),,SIG)                                 1046800500003 
ERR-ANALYS (DATA-ERR) Errors given include the following-         1046800500004 
           . statistical error (2 to 5%),                         1046800500005 
           . systematic uncertainties (<3%).                      1046800500006 
ENDBIB               4          0                                 1046800500007 
NOCOMMON             0          0                                 1046800500008 
DATA                 3        129                                 1046800500009 
EN         DATA       DATA-ERR                                    1046800500010 
MEV        B          B                                           1046800500011 
     0.9330     6.7600     0.1356                                 1046800500012 
     0.9430     6.3630     0.1467                                 1046800500013 
     0.9580     6.4130     0.1306                                 1046800500014 
     0.9680     6.4210     0.1534                                 1046800500015 
     0.9820     6.4080     0.1281                                 1046800500016 
     0.9930     6.1460     0.1524                                 1046800500017 
     1.0070     6.4730     0.1287                                 1046800500018 
     1.0170     6.4030     0.1737                                 1046800500019 
     1.0570     6.1730     0.1286                                 1046800500020 
     1.0660     6.1090     0.1148                                 1046800500021 
     1.0830     6.1620     0.1267                                 1046800500022 
     1.0830     6.1660     0.1265                                 1046800500023 
     1.0910     5.9430     0.1312                                 1046800500024 
     1.1070     5.9180     0.1394                                 1046800500025 
     1.1170     5.9200     0.1420                                 1046800500026 
     1.1310     5.8940     0.1331                                 1046800500027 
     1.1410     5.8620     0.1431                                 1046800500028 
     1.1550     6.1300     0.1298                                 1046800500029 
     1.1670     6.0310     0.1418                                 1046800500030 
     1.1790     6.1960     0.1264                                 1046800500031 
     1.1900     5.9810     0.1369                                 1046800500032 
     1.2090     5.9310     0.1207                                 1046800500033 
     1.2150     6.0940     0.1409                                 1046800500034 
     1.2290     6.1200     0.1220                                 1046800500035 
     1.2400     5.9990     0.1260                                 1046800500036 
     1.2550     6.1460     0.1388                                 1046800500037 
     1.2650     5.6490     0.1189                                 1046800500038 
     1.2890     5.6410     0.1229                                 1046800500039 
     1.3150     5.6390     0.1251                                 1046800500040 
     1.3400     5.6150     0.1210                                 1046800500041 
     1.3630     5.2470     0.1189                                 1046800500042 
     1.3880     5.2470     0.1176                                 1046800500043 
     1.4130     5.3130     0.1327                                 1046800500044 
     1.4380     4.9960     0.1186                                 1046800500045 
     1.4630     5.2220     0.1093                                 1046800500046 
     1.4870     5.4980     0.1184                                 1046800500047 
     1.5120     5.2310     0.1120                                 1046800500048 
     1.5360     5.1190     0.1132                                 1046800500049 
     1.5620     5.5980     0.1421                                 1046800500050 
     1.5860     5.3280     0.1382                                 1046800500051 
     1.6120     5.0520     0.1268                                 1046800500052 
     1.6360     5.0500     0.1334                                 1046800500053 
     1.6380     5.4120     0.0893                                 1046800500054 
     1.7100     5.2210     0.0816                                 1046800500055 
     1.7600     5.1200     0.0939                                 1046800500056 
     1.8050     4.7950     0.2352                                 1046800500057 
     1.8540     5.0010     0.0798                                 1046800500058 
     1.8990     4.9330     0.1152                                 1046800500059 
     1.9100     4.8820     0.0879                                 1046800500060 
     2.0410     4.8310     0.0908                                 1046800500061 
     2.1070     4.6730     0.0968                                 1046800500062 
     2.1450     4.7260     0.1005                                 1046800500063 
     2.1940     4.6890     0.0971                                 1046800500064 
     2.2480     4.5660     0.1002                                 1046800500065 
     2.2970     4.4490     0.0987                                 1046800500066 
     2.3450     4.4940     0.0989                                 1046800500067 
     2.3930     4.4260     0.0935                                 1046800500068 
     2.4470     4.3100     0.1004                                 1046800500069 
     2.4950     4.6080     0.0939                                 1046800500070 
     2.5480     4.4550     0.0877                                 1046800500071 
     2.6010     4.3080     0.0854                                 1046800500072 
     2.6490     4.2330     0.0817                                 1046800500073 
     2.6960     4.3690     0.0848                                 1046800500074 
     2.7490     4.3350     0.0839                                 1046800500075 
     2.8480     4.2260     0.0803                                 1046800500076 
     2.9000     4.0720     0.1030                                 1046800500077 
     2.9520     4.1210     0.0870                                 1046800500078 
     2.9990     4.0650     0.0895                                 1046800500079 
     3.0500     4.1180     0.0969                                 1046800500080 
     3.1020     4.0920     0.0868                                 1046800500081 
     3.1430     3.8480     0.0864                                 1046800500082 
     3.1890     3.9770     0.0844                                 1046800500083 
     3.2400     3.9060     0.0873                                 1046800500084 
     3.2910     4.0370     0.0929                                 1046800500085 
     3.2910     4.0320     0.0924                                 1046800500086 
     3.3410     3.9970     0.0890                                 1046800500087 
     3.3920     3.9540     0.0883                                 1046800500088 
     3.4320     3.8160     0.0931                                 1046800500089 
     3.4970     4.0050     0.0976                                 1046800500090 
     3.5420     3.9150     0.0989                                 1046800500091 
     3.5920     3.9450     0.0892                                 1046800500092 
     3.6470     3.8010     0.0902                                 1046800500093 
     3.6960     3.8960     0.0795                                 1046800500094 
     3.7410     3.7740     0.1022                                 1046800500095 
     3.7800     3.8720     0.0884                                 1046800500096 
     3.8340     3.8210     0.0827                                 1046800500097 
     3.8920     3.6580     0.0894                                 1046800500098 
     3.9410     3.9660     0.0920                                 1046800500099 
     3.9940     3.8110     0.0921                                 1046800500100 
     4.0380     4.1040     0.0974                                 1046800500101 
     4.0910     3.8310     0.1011                                 1046800500102 
     4.1430     3.9300     0.1014                                 1046800500103 
     4.1430     3.6710     0.1055                                 1046800500104 
     4.1910     3.6690     0.0990                                 1046800500105 
     4.2340     3.5520     0.1105                                 1046800500106 
     4.2860     3.7090     0.1042                                 1046800500107 
     4.3340     3.6690     0.1116                                 1046800500108 
     4.3810     3.6720     0.1128                                 1046800500109 
     4.4320     3.7220     0.1180                                 1046800500110 
     4.4790     3.5160     0.1262                                 1046800500111 
     4.5300     3.9270     0.1299                                 1046800500112 
     4.5810     3.8740     0.1236                                 1046800500113 
     4.6280     3.6520     0.1349                                 1046800500114 
     4.7290     3.8190     0.1017                                 1046800500115 
     4.7790     3.8860     0.1001                                 1046800500116 
     4.8240     3.8800     0.1068                                 1046800500117 
     4.8740     3.7170     0.1131                                 1046800500118 
     4.9240     3.7640     0.1181                                 1046800500119 
     4.9730     3.9830     0.1272                                 1046800500120 
     5.0050     3.6900     0.2342                                 1046800500121 
     5.0540     3.8670     0.1645                                 1046800500122 
     5.0720     3.6820     0.2420                                 1046800500123 
     5.1030     3.8300     0.1491                                 1046800500124 
     5.1210     4.0090     0.2175                                 1046800500125 
     5.1520     3.6440     0.2261                                 1046800500126 
     5.1690     3.8830     0.1492                                 1046800500127 
     5.2000     3.9580     0.1564                                 1046800500128 
     5.2180     3.9220     0.1815                                 1046800500129 
     5.2480     3.9460     0.1652                                 1046800500130 
     5.2660     3.6870     0.1834                                 1046800500131 
     5.2960     3.6820     0.1826                                 1046800500132 
     5.3230     3.7480     0.1786                                 1046800500133 
     5.3440     3.9090     0.1944                                 1046800500134 
     5.3660     3.9600     0.1933                                 1046800500135 
     5.3920     4.1140     0.1903                                 1046800500136 
     5.4140     3.8470     0.1849                                 1046800500137 
     5.4400     3.8590     0.1651                                 1046800500138 
     5.4650     4.0040     0.1671                                 1046800500139 
     5.5130     3.7910     0.1650                                 1046800500140 
ENDDATA            131          0                                 1046800500141 
ENDSUBENT          140          0                                 1046800599999 
SUBENT        10468006   20031103                             00001046800600001 
BIB                  4          7                                 1046800600002 
REACTION   (40-ZR-92(N,EL)40-ZR-92,,DA)                           1046800600003 
INC-SPECT  Incident neutron resolution 30-50 keV.                 1046800600004 
MONITOR    (1-H-1(N,EL)1-H-1,,SIG)                                1046800600005 
ERR-ANALYS (DATA-ERR) Errors given include the following-         1046800600006 
           . systematic error in Monte-Carlo correction procedure 1046800600007 
           . systematic uncertainties                             1046800600008 
           . uncertainties in standard cross-section measurement  1046800600009 
ENDBIB               7          0                                 1046800600010 
NOCOMMON             0          0                                 1046800600011 
DATA                 4        259                                 1046800600012 
EN         ANG        DATA       DATA-ERR                         1046800600013 
MEV        ADEG       B/SR       PER-CENT                         1046800600014 
      1.800    19.7900     1.2130    16.4000                      1046800600015 
      1.800    26.7100     1.0410    16.4000                      1046800600016 
      1.800    29.6800     1.0690     8.2000                      1046800600017 
      1.800    36.6400     0.8430     8.2000                      1046800600018 
      1.800    45.6000     0.5822     8.2000                      1046800600019 
      1.800    52.5800     0.4614     8.2000                      1046800600020 
      1.800    61.5600     0.3016     8.2000                      1046800600021 
      1.800    68.5400     0.2349     8.2000                      1046800600022 
      1.800    77.5200     0.1999     8.2000                      1046800600023 
      1.800    84.5100     0.1801     8.2000                      1046800600024 
      1.800    93.4900     0.1443     8.2000                      1046800600025 
      1.800   100.5000     0.1217     8.2000                      1046800600026 
      1.800   109.5000     0.1022     8.2000                      1046800600027 
      1.800   116.4000     0.0879     8.2000                      1046800600028 
      1.800   125.4000     0.0860     8.2000                      1046800600029 
      1.800   132.4000     0.0994     8.2000                      1046800600030 
      1.800   141.4000     0.1252     8.2000                      1046800600031 
      1.800   149.3000     0.1674     8.2000                      1046800600032 
      1.800   151.3000     0.1666    16.4000                      1046800600033 
      1.800   159.2000     0.2094    16.4000                      1046800600034 
      2.000    19.7900     1.1610    15.2000                      1046800600035 
      2.000    26.7100     0.9173    15.2000                      1046800600036 
      2.000    29.6800     0.9526     7.6000                      1046800600037 
      2.000    36.6400     0.6923     7.6000                      1046800600038 
      2.000    45.6000     0.4498     7.6000                      1046800600039 
      2.000    52.5800     0.3079     7.6000                      1046800600040 
      2.000    61.5600     0.2160     7.6000                      1046800600041 
      2.000    68.5400     0.1799     7.6000                      1046800600042 
      2.000    77.5200     0.1713     7.6000                      1046800600043 
      2.000    84.5100     0.1682     7.6000                      1046800600044 
      2.000    93.4900     0.1471     7.6000                      1046800600045 
      2.000   100.5000     0.1238     7.6000                      1046800600046 
      2.000   109.5000     0.0998     7.6000                      1046800600047 
      2.000   116.4000     0.0791     7.6000                      1046800600048 
      2.000   125.4000     0.0846     7.6000                      1046800600049 
      2.000   132.4000     0.0867     7.6000                      1046800600050 
      2.000   141.4000     0.1104     7.6000                      1046800600051 
      2.000   149.3000     0.1566     7.6000                      1046800600052 
      2.000   151.3000     0.1586    15.2000                      1046800600053 
      2.000   159.2000     0.1987    15.2000                      1046800600054 
      2.200    19.7900     1.1820    14.2000                      1046800600055 
      2.200    26.7100     0.9483    14.2000                      1046800600056 
      2.200    29.6800     0.8969     7.1000                      1046800600057 
      2.200    36.6400     0.6726     7.1000                      1046800600058 
      2.200    45.6000     0.4032     7.1000                      1046800600059 
      2.200    52.5800     0.2893     7.1000                      1046800600060 
      2.200    61.5600     0.1925     7.1000                      1046800600061 
      2.200    68.5400     0.1738     7.1000                      1046800600062 
      2.200    77.5200     0.1684     7.1000                      1046800600063 
      2.200    84.5100     0.1621     7.1000                      1046800600064 
      2.200    93.4900     0.1251     7.1000                      1046800600065 
      2.200   100.5000     0.1058     7.1000                      1046800600066 
      2.200   109.5000     0.0776     7.1000                      1046800600067 
      2.200   116.4000     0.0649     7.1000                      1046800600068 
      2.200   125.4000     0.0685     7.1000                      1046800600069 
      2.200   132.4000     0.0750     7.1000                      1046800600070 
      2.200   141.4000     0.1133     7.1000                      1046800600071 
      2.200   149.3000     0.1544     7.1000                      1046800600072 
      2.200   151.3000     0.1749    14.2000                      1046800600073 
      2.200   159.2000     0.2270    14.2000                      1046800600074 
      2.400    19.7900     1.1290     6.8000                      1046800600075 
      2.400    29.6800     0.8149     6.8000                      1046800600076 
      2.400    36.6400     0.5784     6.8000                      1046800600077 
      2.400    45.6000     0.3456     6.8000                      1046800600078 
      2.400    52.5800     0.2308     6.8000                      1046800600079 
      2.400    61.5600     0.1528     6.8000                      1046800600080 
      2.400    68.5400     0.1366     6.8000                      1046800600081 
      2.400    77.5200     0.1296     6.8000                      1046800600082 
      2.400    84.5100     0.1362     6.8000                      1046800600083 
      2.400    93.4900     0.1163     6.8000                      1046800600084 
      2.400   100.5000     0.0949     6.8000                      1046800600085 
      2.400   109.5000     0.0668     6.8000                      1046800600086 
      2.400   116.4000     0.0497     6.8000                      1046800600087 
      2.400   125.4000     0.0573     6.8000                      1046800600088 
      2.400   132.4000     0.0698     6.8000                      1046800600089 
      2.400   141.4000     0.0962     6.8000                      1046800600090 
      2.400   149.3000     0.1371     6.8000                      1046800600091 
      2.400   151.3000     0.1531     6.8000                      1046800600092 
      2.400   159.2000     0.2205     6.8000                      1046800600093 
      2.600    19.7900     1.0580     6.6000                      1046800600094 
      2.600    26.7100     0.8345     6.6000                      1046800600095 
      2.600    29.6800     0.6837     6.6000                      1046800600096 
      2.600    36.6400     0.4631     6.6000                      1046800600097 
      2.600    45.6000     0.2488     6.6000                      1046800600098 
      2.600    52.5800     0.1727     6.6000                      1046800600099 
      2.600    61.5600     0.1328     6.6000                      1046800600100 
      2.600    68.5400     0.1311     6.6000                      1046800600101 
      2.600    77.5200     0.1365     6.6000                      1046800600102 
      2.600    84.5100     0.1191     6.6000                      1046800600103 
      2.600    93.4900     0.1090     6.6000                      1046800600104 
      2.600   100.5000     0.0896     6.6000                      1046800600105 
      2.600   109.5000     0.0567     6.6000                      1046800600106 
      2.600   116.4000     0.0406     6.6000                      1046800600107 
      2.600   125.4000     0.0415     6.6000                      1046800600108 
      2.600   132.4000     0.0459     6.6000                      1046800600109 
      2.600   141.4000     0.0817     6.6000                      1046800600110 
      2.600   149.3000     0.1348     6.6000                      1046800600111 
      2.600   151.3000     0.1334     6.6000                      1046800600112 
      2.600   159.2000     0.1905     6.6000                      1046800600113 
      2.800    19.7900     1.1210     6.3200                      1046800600114 
      2.800    26.7100     0.7675     6.3200                      1046800600115 
      2.800    29.6800     0.6401     6.3200                      1046800600116 
      2.800    36.6400     0.3886     6.3200                      1046800600117 
      2.800    45.6000     0.2153     6.3200                      1046800600118 
      2.800    52.5800     0.1483     6.3200                      1046800600119 
      2.800    61.5600     0.1277     6.3200                      1046800600120 
      2.800    68.5400     0.1335     6.3200                      1046800600121 
      2.800    77.5200     0.1270     6.3200                      1046800600122 
      2.800    84.5100     0.1203     6.3200                      1046800600123 
      2.800    93.4900     0.1113     6.3200                      1046800600124 
      2.800   100.5000     0.0859     6.3200                      1046800600125 
      2.800   109.5000     0.0527     6.3200                      1046800600126 
      2.800   116.4000     0.0351     7.2110                      1046800600127 
      2.800   125.4000     0.0400     6.3200                      1046800600128 
      2.800   132.4000     0.0474     6.3200                      1046800600129 
      2.800   141.4000     0.0757     6.3200                      1046800600130 
      2.800   149.3000     0.1460     6.3200                      1046800600131 
      2.800   151.3000     0.1575     6.3200                      1046800600132 
      2.800   159.2000     0.2003     6.3200                      1046800600133 
      2.900    16.1000     1.3890     7.4160                      1046800600134 
      2.900    20.6000     1.1740     7.4160                      1046800600135 
      2.900    25.9000     0.8850     7.4160                      1046800600136 
      2.900    30.5000     0.6580     7.4160                      1046800600137 
      2.900    41.9000     0.3350     7.4160                      1046800600138 
      2.900    45.5000     0.2030     7.4160                      1046800600139 
      2.900    56.0000     0.1340     7.4160                      1046800600140 
      2.900    60.6000     0.1220     7.4160                      1046800600141 
      2.900    71.0000     0.1360     7.4160                      1046800600142 
      2.900    75.6000     0.1420     7.4160                      1046800600143 
      2.900    85.0000     0.0980     7.4160                      1046800600144 
      2.900    90.6000     0.0940     7.4160                      1046800600145 
      2.900   101.2000     0.0750     7.4160                      1046800600146 
      2.900   105.7000     0.0580     7.4160                      1046800600147 
      2.900   115.2000     0.0320     7.7250                      1046800600148 
      2.900   120.6000     0.0270     9.1530                      1046800600149 
      2.900   131.1000     0.0350     7.4160                      1046800600150 
      2.900   141.1000     0.0710     7.4160                      1046800600151 
      2.900   142.9000     0.0870     7.4160                      1046800600152 
      2.900   152.8000     0.1650     7.4160                      1046800600153 
      3.000    19.7900     1.1890     6.7300                      1046800600154 
      3.000    26.7100     0.8070     6.7300                      1046800600155 
      3.000    29.6800     0.6534     6.7300                      1046800600156 
      3.000    36.6400     0.3746     6.7300                      1046800600157 
      3.000    45.6000     0.1944     6.7300                      1046800600158 
      3.000    52.5800     0.1183     6.7300                      1046800600159 
      3.000    61.5600     0.1241     6.7300                      1046800600160 
      3.000    68.5400     0.1464     6.7300                      1046800600161 
      3.000    77.5200     0.1420     6.7300                      1046800600162 
      3.000    84.5100     0.1284     6.7300                      1046800600163 
      3.000    93.4900     0.1067     6.7300                      1046800600164 
      3.000   100.5000     0.0723     6.7300                      1046800600165 
      3.000   109.5000     0.0405     6.7300                      1046800600166 
      3.000   116.4000     0.0274     9.8120                      1046800600167 
      3.000   125.4000     0.0292     9.2200                      1046800600168 
      3.000   132.4000     0.0371     7.2550                      1046800600169 
      3.000   141.4000     0.0745     6.7300                      1046800600170 
      3.000   149.3000     0.1107     6.7300                      1046800600171 
      3.000   151.3000     0.1262     6.7300                      1046800600172 
      3.000   159.2000     0.1760     6.7300                      1046800600173 
      3.200    19.7900     1.1330     5.7000                      1046800600174 
      3.200    26.7100     0.7956     5.7000                      1046800600175 
      3.200    29.6800     0.5654     5.7000                      1046800600176 
      3.200    36.6400     0.3209     5.7000                      1046800600177 
      3.200    45.6000     0.1340     5.7000                      1046800600178 
      3.200    52.5800     0.0876     5.7000                      1046800600179 
      3.200    61.5600     0.1060     5.7000                      1046800600180 
      3.200    68.5400     0.1294     5.7000                      1046800600181 
      3.200    77.5200     0.1410     5.7000                      1046800600182 
      3.200    84.5100     0.1184     5.7000                      1046800600183 
      3.200    93.4900     0.0916     5.7000                      1046800600184 
      3.200   100.5000     0.0631     5.7000                      1046800600185 
      3.200   109.5000     0.0289     7.8770                      1046800600186 
      3.200   116.4000     0.0224    10.1900                      1046800600187 
      3.200   125.4000     0.0230     9.9010                      1046800600188 
      3.200   132.4000     0.0346     6.5890                      1046800600189 
      3.200   141.4000     0.0648     5.7000                      1046800600190 
      3.200   149.3000     0.1013     5.7000                      1046800600191 
      3.200   151.3000     0.1076     5.7000                      1046800600192 
      3.200   159.2000     0.1475     5.7000                      1046800600193 
      3.400    19.7900     1.2620     5.3400                      1046800600194 
      3.400    26.7100     0.8638     5.3400                      1046800600195 
      3.400    29.6800     0.6377     5.3400                      1046800600196 
      3.400    36.6400     0.3483     5.3400                      1046800600197 
      3.400    45.6000     0.1324     5.3400                      1046800600198 
      3.400    52.5800     0.0829     5.3400                      1046800600199 
      3.400    61.5600     0.1092     5.3400                      1046800600200 
      3.400    68.5400     0.1387     5.3400                      1046800600201 
      3.400    77.5200     0.1438     5.3400                      1046800600202 
      3.400    84.5100     0.1291     5.3400                      1046800600203 
      3.400    93.4900     0.0855     5.3400                      1046800600204 
      3.400   100.5000     0.0535     5.3400                      1046800600205 
      3.400   109.5000     0.0299     7.1560                      1046800600206 
      3.400   116.4000     0.0219     9.7670                      1046800600207 
      3.400   125.4000     0.0220     9.7240                      1046800600208 
      3.400   132.4000     0.0290     7.3750                      1046800600209 
      3.400   141.4000     0.0569     5.3400                      1046800600210 
      3.400   149.3000     0.0982     5.3400                      1046800600211 
      3.400   151.3000     0.0935     5.3400                      1046800600212 
      3.400   159.2000     0.1453     5.3400                      1046800600213 
      3.600    19.7900     1.0390     6.2100                      1046800600214 
      3.600    26.7100     0.7408     6.2100                      1046800600215 
      3.600    29.6800     0.4611     6.2100                      1046800600216 
      3.600    36.6400     0.2672     6.2100                      1046800600217 
      3.600    45.6000     0.0885     6.2100                      1046800600218 
      3.600    52.5800     0.0683     6.2100                      1046800600219 
      3.600    61.5600     0.0988     6.2100                      1046800600220 
      3.600    68.5400     0.1297     6.2100                      1046800600221 
      3.600    77.5200     0.1314     6.2100                      1046800600222 
      3.600    84.5100     0.1296     6.2100                      1046800600223 
      3.600    93.4900     0.0819     6.2100                      1046800600224 
      3.600   100.5000     0.0476     6.2100                      1046800600225 
      3.600   109.5000     0.0219    11.3300                      1046800600226 
      3.600   116.4000     0.0139    17.8800                      1046800600227 
      3.600   125.4000     0.0219    11.3600                      1046800600228 
      3.600   132.4000     0.0313     7.9430                      1046800600229 
      3.600   141.4000     0.0580     6.2100                      1046800600230 
      3.600   149.3000     0.0873     6.2100                      1046800600231 
      3.600   151.3000     0.0960     6.2100                      1046800600232 
      3.600   159.2000     0.1262     6.2100                      1046800600233 
      3.800    19.7900     1.1540     6.4500                      1046800600234 
      3.800    26.7100     0.7095     6.4500                      1046800600235 
      3.800    29.6800     0.4890     6.4500                      1046800600236 
      3.800    36.6400     0.2289     6.4500                      1046800600237 
      3.800    45.6000     0.0877     6.4500                      1046800600238 
      3.800    52.5800     0.0552     6.4500                      1046800600239 
      3.800    61.5600     0.1041     6.4500                      1046800600240 
      3.800    68.5400     0.1396     6.4500                      1046800600241 
      3.800    77.5200     0.1477     6.4500                      1046800600242 
      3.800    84.5100     0.1295     6.4500                      1046800600243 
      3.800    93.4900     0.0738     6.4500                      1046800600244 
      3.800   100.5000     0.0368     7.0180                      1046800600245 
      3.800   109.5000     0.0214    12.0600                      1046800600246 
      3.800   116.4000     0.0147    17.5600                      1046800600247 
      3.800   125.4000     0.0195    13.2400                      1046800600248 
      3.800   132.4000     0.0286     9.0240                      1046800600249 
      3.800   141.4000     0.0495     6.4500                      1046800600250 
      3.800   149.3000     0.0717     6.4500                      1046800600251 
      3.800   151.3000     0.0791     6.4500                      1046800600252 
      3.800   159.2000     0.1078     6.4500                      1046800600253 
      4.000    19.7900     1.2010     8.9000                      1046800600254 
      4.000    26.7100     0.8276     8.9000                      1046800600255 
      4.000    29.6800     0.5029     8.9000                      1046800600256 
      4.000    36.6400     0.2556     8.9000                      1046800600257 
      4.000    45.6000     0.0615     8.9000                      1046800600258 
      4.000    52.5800     0.0477     8.9000                      1046800600259 
      4.000    61.5600     0.1137     8.9000                      1046800600260 
      4.000    68.5400     0.1623     8.9000                      1046800600261 
      4.000    77.5200     0.1480     8.9000                      1046800600262 
      4.000    84.5100     0.1289     8.9000                      1046800600263 
      4.000    93.4900     0.0582     8.9000                      1046800600264 
      4.000   100.5000     0.0376     9.4700                      1046800600265 
      4.000   109.5000     0.0139    25.6100                      1046800600266 
      4.000   116.4000     0.0195    18.2600                      1046800600267 
      4.000   125.4000     0.0211    16.8700                      1046800600268 
      4.000   132.4000     0.0362     9.8340                      1046800600269 
      4.000   141.4000     0.0522     8.9000                      1046800600270 
      4.000   149.3000     0.0762     8.9000                      1046800600271 
      4.000   151.3000     0.0908     8.9000                      1046800600272 
      4.000   159.2000     0.1194     8.9000                      1046800600273 
ENDDATA            261          0                                 1046800600274 
ENDSUBENT          273          0                                 1046800699999 
SUBENT        10468007   20031103                             00001046800700001 
BIB                  3          5                                 1046800700002 
REACTION   (40-ZR-92(N,INL)40-ZR-92,PAR,SIG)                      1046800700003 
MONITOR    (1-H-1(N,EL)1-H-1,,SIG)                                1046800700004 
ERR-ANALYS (DATA-ERR) Errors given include the following-         1046800700005 
           . uncertainties in angle-integrating procedure         1046800700006 
           . systematic uncertainties                             1046800700007 
ENDBIB               5          0                                 1046800700008 
NOCOMMON             0          0                                 1046800700009 
DATA                 5         85                                 1046800700010 
E-LVL      E-LVL-ERR  EN         DATA       DATA-ERR              1046800700011 
KEV        KEV        MEV        B          B                     1046800700012 
       934.        10.     1.8000     0.9880     0.1400           1046800700013 
       934.        10.     2.0000     0.9143     0.1400           1046800700014 
       934.        10.     2.2000     0.7622     0.0610           1046800700015 
       934.        10.     2.4000     0.6787     0.0543           1046800700016 
       934.        10.     2.6000     0.5580     0.0446           1046800700017 
       934.        10.     2.8000     0.5343     0.0827           1046800700018 
       934.        10.     2.9000     0.4795     0.0884           1046800700019 
       934.        10.     3.0000     0.5379     0.0630           1046800700020 
       934.        10.     3.2000     0.3958     0.0317           1046800700021 
       934.        10.     3.4000     0.3003     0.0240           1046800700022 
       934.        10.     3.4000     0.3502     0.0280           1046800700023 
       934.        10.     3.5000     0.3220     0.0558           1046800700024 
       934.        10.     3.6000     0.2788     0.0523           1046800700025 
       934.        10.     3.8000     0.2365     0.0489           1046800700026 
       934.        10.     4.0000     0.1694     0.0436           1046800700027 
      1375.        10.     2.2000     0.1852     0.0528           1046800700028 
      1375.        10.     2.4000     0.1677     0.0498           1046800700029 
      1375.        10.     2.6000     0.1505     0.0350           1046800700030 
      1375.        10.     2.8000     0.1405     0.0337           1046800700031 
      1375.        10.     2.9000     0.1405     0.0304           1046800700032 
      1375.        10.     3.0000     0.1508     0.0286           1046800700033 
      1375.        10.     3.2000     0.1203     0.0250           1046800700034 
      1375.        10.     3.4000     0.1101     0.0205           1046800700035 
      1375.        10.     3.4000     0.0793     0.0206           1046800700036 
      1375.        10.     3.5000     0.0849     0.0169           1046800700037 
      1375.        10.     3.6000     0.0837     0.0170           1046800700038 
      1375.        10.     3.8000     0.0880     0.0164           1046800700039 
      1375.        10.     4.0000     0.0710     0.0162           1046800700040 
      1492.        10.     2.2000     0.3437     0.0675           1046800700041 
      1492.        10.     2.4000     0.2749     0.0420           1046800700042 
      1492.        10.     2.6000     0.2356     0.0368           1046800700043 
      1492.        10.     2.8000     0.2598     0.0368           1046800700044 
      1492.        10.     2.9000     0.2205     0.0346           1046800700045 
      1492.        10.     3.0000     0.2183     0.0345           1046800700046 
      1492.        10.     3.2000     0.1778     0.0282           1046800700047 
      1492.        10.     3.4000     0.1813     0.0285           1046800700048 
      1492.        10.     3.4000     0.1519     0.0251           1046800700049 
      1492.        10.     3.5000     0.1832     0.0207           1046800700050 
      1492.        10.     3.6000     0.1524     0.0202           1046800700051 
      1492.        10.     3.8000     0.1186     0.0209           1046800700052 
      1492.        10.     4.0000     0.1283     0.0203           1046800700053 
      1838.        15.     2.6000     0.2300     0.0400           1046800700054 
      1838.        15.     2.8000     0.3243     0.0575           1046800700055 
      1838.        15.     2.9000     0.2732     0.0447           1046800700056 
      1838.        15.     3.0000     0.2910     0.0481           1046800700057 
      1838.        15.     3.2000     0.2886     0.0461           1046800700058 
      1838.        15.     3.4000     0.2462     0.0405           1046800700059 
      1838.        15.     3.4000     0.1872     0.0328           1046800700060 
      1838.        15.     3.5000     0.2215     0.0365           1046800700061 
      1838.        15.     3.6000     0.1920     0.0322           1046800700062 
      1838.        15.     3.8000     0.1524     0.0260           1046800700063 
      1838.        15.     4.0000     0.1448     0.0244           1046800700064 
      2058.        15.     2.8000     0.2785     0.0443           1046800700065 
      2058.        15.     3.0000     0.3435     0.0545           1046800700066 
      2058.        15.     3.2000     0.2414     0.0393           1046800700067 
      2058.        15.     3.4000     0.2131     0.0340           1046800700068 
      2058.        15.     3.4000     0.1521     0.0242           1046800700069 
      2058.        15.     3.5000     0.1561     0.0245           1046800700070 
      2058.        15.     3.6000     0.1981     0.0308           1046800700071 
      2058.        15.     3.8000     0.1523     0.0242           1046800700072 
      2058.        15.     4.0000     0.1365     0.0209           1046800700073 
      2320.        20.     3.0000     0.1884     0.0300           1046800700074 
      2320.        20.     3.2000     0.1594     0.0258           1046800700075 
      2320.        20.     3.4000     0.1590     0.0227           1046800700076 
      2320.        20.     3.6000     0.1404     0.0222           1046800700077 
      2360.        20.     3.0000     0.1646     0.0261           1046800700078 
      2360.        20.     3.2000     0.1190     0.0202           1046800700079 
      2360.        20.     3.4000     0.1224     0.0209           1046800700080 
      2360.        20.     3.6000     0.1126     0.0181           1046800700081 
      2486.        20.     3.4000     0.0524     0.0100           1046800700082 
      2486.        20.     3.5000     0.0651     0.0121           1046800700083 
      2486.        20.     3.6000     0.0954     0.0121           1046800700084 
      2486.        20.     3.8000     0.0745     0.0126           1046800700085 
      2486.        20.     4.0000     0.0758     0.0125           1046800700086 
      2666.        30.     3.8000     0.0584     0.0100           1046800700087 
      2778.        30.     3.6000     0.1506     0.0452           1046800700088 
      2778.        30.     3.8000     0.1002     0.0402           1046800700089 
      2778.        30.     4.0000     0.1580     0.0582           1046800700090 
      2867.        30.     3.6000     0.1929     0.0304           1046800700091 
      2867.        30.     3.8000     0.1808     0.0285           1046800700092 
      2900.        40.     3.8000     0.1592     0.0307           1046800700093 
      3063.        30.     3.8000     0.2856     0.0559           1046800700094 
      3063.        30.     4.0000     0.2177     0.0544           1046800700095 
      3187.        30.     4.0000     0.1650     0.0362           1046800700096 
      3275.        50.     4.0000     0.3187     0.0555           1046800700097 
ENDDATA             87          0                                 1046800700098 
ENDSUBENT           97          0                                 1046800799999 
SUBENT        10468008   20031103                             00001046800800001 
BIB                  3          5                                 1046800800002 
REACTION   (40-ZR-92(N,INL)40-ZR-92,PAR,SIG)                      1046800800003 
MONITOR    (1-H-1(N,EL)1-H-1,,SIG)                                1046800800004 
ERR-ANALYS (DATA-ERR) Errors given include the following-         1046800800005 
           . uncertainties in angle-integrating procedure         1046800800006 
           . systematic uncertainties                             1046800800007 
ENDBIB               5          0                                 1046800800008 
COMMON               4          3                                 1046800800009 
E-LVL      E-LVL-ERR  E-LVL      E-LVL-ERR                        1046800800010 
KEV        KEV        KEV        KEV                              1046800800011 
2867.      30.        2900.      40.                              1046800800012 
ENDCOMMON            3          0                                 1046800800013 
DATA                 3          2                                 1046800800014 
EN         DATA       DATA-ERR                                    1046800800015 
MEV        B          B                                           1046800800016 
3.8        0.3400     0.05000                                     1046800800017 
4.0        0.2484     0.05887                                     1046800800018 
ENDDATA              4          0                                 1046800800019 
ENDSUBENT           18          0                                 1046800899999 
ENDENTRY             8          0                                 1046899999999 
