ENTRY            10846   20200116                             146210846  0    1 
SUBENT        10846001   20200116                             146210846  1    1 
BIB                  8         15                                 10846  1    2 
INSTITUTE  (1USAANL)                                              10846  1    3 
REFERENCE  (J,NSE,75,69,1980)                                     10846  1    4 
           (C,79KNOX,,829,1979)                                   10846  1    5 
           (W,SMITH,197912)                                       10846  1    6 
AUTHOR     (A.Smith,P.Guenther,J.Whalen)                          10846  1    7 
TITLE      Fast-neutron cross sections of elemental bismuth.      10846  1    8 
INC-SOURCE (P-LI7) Protons on lithium-7                           10846  1    9 
METHOD     (TOF) Pulsed beam time of flight                       10846  1   10 
STATUS     (APRVD) Approved by A.B.Smith, 80/5/28.                10846  1   11 
           (TABLE) Data reeived from A.B.Smith, 12/1979           10846  1   12 
HISTORY    (19791207R)                                            10846  1   13 
           (19800422C)                                            10846  1   14 
           (19801204A) BIB update.                                10846  1   15 
           (20200107A) On+OS. Revised data table in sub.3,        10846  1   16 
            converted to lower case, minor BIB changes.           10846  1   17 
ENDBIB              15          0                                 10846  1   18 
NOCOMMON             0          0                                 10846  1   19 
ENDSUBENT           18          0                                 10846  199999 
SUBENT        10846002   20200116                             146210846  2    1 
BIB                  4          9                                 10846  2    2 
REACTION  1(83-BI-209(N,TOT),,SIG)                                10846  2    3 
          2(83-BI-209(N,TOT),,SIG)                                10846  2    4 
SAMPLE     Right circular cylinder of elemental bismuth.          10846  2    5 
          1Diameter of 2.5-cm, transmission thickness of 2-cm.    10846  2    6 
          2Diameter of 2.5-cm, transmission thickness of 4-cm.    10846  2    7 
METHOD     Elemental carbon total cross sections measured         10846  2    8 
            concurrently to test for measurement system fidelity. 10846  2    9 
ERR-ANALYS (DATA-ERR) Statistical accuracy of measured values,    10846  2   10 
           1-3%. Systematic uncertainties are less.               10846  2   11 
ENDBIB               9          0                                 10846  2   12 
COMMON               1          3                                 10846  2   13 
EN-RSL                                                            10846  2   14 
KEV                                                               10846  2   15 
 100.                                                             10846  2   16 
ENDCOMMON            3          0                                 10846  2   17 
DATA                 5         32                                 10846  2   18 
EN         DATA      1DATA-ERR  1DATA      2DATA-ERR  2           10846  2   19 
MEV        B          B          B          B                     10846  2   20 
 1.2370E+00 5.0190E+00 7.7140E-02 5.0330E+00 4.2000E-02           10846  2   21 
 1.3380E+00 5.1170E+00 7.8270E-02 5.1450E+00 4.2690E-02           10846  2   22 
 1.4500E+00 5.3220E+00 8.0460E-02 5.2270E+00 4.3910E-02           10846  2   23 
 1.5500E+00 5.3260E+00 8.4650E-02 5.3460E+00 4.6380E-02           10846  2   24 
 1.6520E+00 5.4420E+00 8.1820E-02 5.4460E+00 4.7050E-02           10846  2   25 
 1.7520E+00 5.7360E+00 8.9350E-02 5.6810E+00 4.9260E-02           10846  2   26 
 1.8580E+00 5.9660E+00 9.4290E-02 5.9160E+00 5.1230E-02           10846  2   27 
 1.9550E+00 6.1740E+00 9.4590E-02 6.1490E+00 5.2690E-02           10846  2   28 
 2.0520E+00 6.4130E+00 9.8350E-02 6.3860E+00 5.5050E-02           10846  2   29 
 2.1490E+00 6.5830E+00 9.4000E-02 6.5980E+00 5.5300E-02           10846  2   30 
 2.2530E+00 6.8300E+00 1.0060E-01 6.7930E+00 5.6810E-02           10846  2   31 
 2.3490E+00 6.8870E+00 9.7830E-02 6.9910E+00 5.8140E-02           10846  2   32 
 2.4520E+00 7.2120E+00 1.0410E-01 7.1770E+00 5.9160E-02           10846  2   33 
 2.5510E+00 7.3520E+00 1.0090E-01 7.3030E+00 5.7550E-02           10846  2   34 
 2.6560E+00 7.5230E+00 9.7250E-02 7.5220E+00 5.5760E-02           10846  2   35 
 2.7500E+00 7.7460E+00 1.0010E-01 7.6960E+00 5.7550E-02           10846  2   36 
 2.8540E+00 7.8260E+00 9.1550E-02 7.8070E+00 5.2900E-02           10846  2   37 
 2.9400E+00 7.9160E+00 8.9540E-02 7.9180E+00 5.1180E-02           10846  2   38 
 3.0490E+00 7.9590E+00 8.2360E-02 7.9510E+00 4.6140E-02           10846  2   39 
 3.1470E+00 8.0720E+00 7.7680E-02 7.9880E+00 4.4960E-02           10846  2   40 
 3.2470E+00 7.8540E+00 7.7880E-02 7.8440E+00 4.4940E-02           10846  2   41 
 3.3530E+00 7.8840E+00 7.9040E-02 7.8280E+00 4.5630E-02           10846  2   42 
 3.4460E+00 7.8330E+00 7.9680E-02 7.8490E+00 4.5990E-02           10846  2   43 
 3.5390E+00 7.8580E+00 8.1380E-02 7.8740E+00 4.7850E-02           10846  2   44 
 3.6440E+00 7.9280E+00 8.6920E-02 7.9080E+00 5.0260E-02           10846  2   45 
 3.7500E+00 8.0090E+00 8.8670E-02 7.9840E+00 5.2020E-02           10846  2   46 
 3.8460E+00 7.9640E+00 9.3330E-02 7.9370E+00 5.4020E-02           10846  2   47 
 3.9460E+00 7.9120E+00 9.7500E-02 7.9380E+00 5.6430E-02           10846  2   48 
 4.0460E+00 7.8710E+00 1.0290E-01 7.8610E+00 5.9460E-02           10846  2   49 
 4.1450E+00 7.8430E+00 1.1000E-01 7.7970E+00 6.3400E-02           10846  2   50 
 4.2500E+00 7.8360E+00 1.1410E-01 7.8100E+00 6.5890E-02           10846  2   51 
 4.3520E+00 7.8000E+00 1.1330E-01 7.8490E+00 6.5480E-02           10846  2   52 
ENDDATA             34          0                                 10846  2   53 
ENDSUBENT           52          0                                 10846  299999 
SUBENT        10846003   20200124                             146210846  3    1 
BIB                 10         27                                 10846  3    2 
REACTION   (83-BI-209(N,EL)83-BI-209,,DA)                         10846  3    3 
FACILITY   (DYNAM,1USAANL) ANL fast neutron generator             10846  3    4 
SAMPLE     Cylinder 2-cm in diameter, 2-cm long                   10846  3    5 
DETECTOR   Hydrogenous detectors                                  10846  3    6 
MONITOR    (1-H-1(N,EL)1-H-1,,SIG) Measured cross sections        10846  3    7 
            determined relative to hydrogen elastic cross         10846  3    8 
            sections.                                             10846  3    9 
           Spontaneous fission of Cf-252 used to determine        10846  3   10 
            relative sensitivities of neutron detectors           10846  3   11 
METHOD     Carbon scattering cross sections measured concurrently 10846  3   12 
            to verify performance of measurement system. Sample   10846  3   13 
            placed so that neutron beam is incident on lateral    10846  3   14 
            surface.                                              10846  3   15 
CORRECTION Corrected for perturbations due to beam attenuation,   10846  3   16 
            multiple events, and angular resolution of apparatus. 10846  3   17 
FLAG       (1.) The same data point is typed twice in author's    10846  3   18 
                printout.                                         10846  3   19 
           (2.) 160 deg data points are typed before 154 deg data 10846  3   20 
                point in in author's printout.                    10846  3   21 
ERR-ANALYS (DATA-ERR) Measurements made under varied conditions   10846  3   22 
            over period of years. Neutron resolution varies from  10846  3   23 
            20-50 keV, uncertainties in cross sections varies     10846  3   24 
            from 5-10%. Relative scattering angles known to       10846  3   25 
            +-0.5 degrees, absolute angle determined to within    10846  3   26 
            approximately 1-degree.                               10846  3   27 
HISTORY    (20200124A) On. 7 data points missing in author's      10846  3   28 
             printout removed. 3.775 MeV data and FLAG added.     10846  3   29 
ENDBIB              27          0                                 10846  3   30 
NOCOMMON             0          0                                 10846  3   31 
DATA                 5        509                                 10846  3   32 
EN         ANG        DATA       DATA-ERR   FLAG                  10846  3   33 
MEV        ADEG       B/SR       PER-CENT   NO-DIM                10846  3   34 
 1.500      1.9500E+01 1.6900E+00 5.5000E+00                      10846  3   35 
 1.500      2.0300E+01 1.6800E+00 5.5000E+00                      10846  3   36 
 1.500      2.4900E+01 1.4200E+00 5.5000E+00                      10846  3   37 
 1.500      2.6200E+01 1.4800E+00 5.5000E+00                      10846  3   38 
 1.500      2.9900E+01 1.2700E+00 5.5000E+00                      10846  3   39 
 1.500      3.4800E+01 9.6400E-01 5.5000E+00                      10846  3   40 
 1.500      3.6100E+01 9.0000E-01 5.5000E+00                      10846  3   41 
 1.500      4.5800E+01 5.2900E-01 5.5000E+00                      10846  3   42 
 1.500      5.0800E+01 3.7200E-01 5.5000E+00                      10846  3   43 
 1.500      5.3100E+01 3.1100E-01 5.5000E+00                      10846  3   44 
 1.500      6.2300E+01 1.8700E-01 5.5000E+00                      10846  3   45 
 1.500      6.3100E+01 1.6600E-01 5.5000E+00                      10846  3   46 
 1.500      6.7300E+01 1.4800E-01 5.5000E+00                      10846  3   47 
 1.500      6.9000E+01 1.3800E-01 5.5000E+00                      10846  3   48 
 1.500      7.8800E+01 1.8100E-01 5.5000E+00                      10846  3   49 
 1.500      8.3700E+01 2.2000E-01 5.5000E+00                      10846  3   50 
 1.500      8.7000E+01 2.5100E-01 5.5000E+00                      10846  3   51 
 1.500      9.5200E+01 3.6800E-01 5.5000E+00                      10846  3   52 
 1.500      9.6000E+01 3.5700E-01 5.5000E+00                      10846  3   53 
 1.500      1.0000E+02 3.9200E-01 5.5000E+00                      10846  3   54 
 1.500      1.0100E+02 4.3100E-01 5.5000E+00                      10846  3   55 
 1.500      1.0500E+02 4.1100E-01 5.5000E+00                      10846  3   56 
 1.500      1.1100E+02 4.2000E-01 5.5000E+00                      10846  3   57 
 1.500      1.1300E+02 4.2800E-01 5.5000E+00                      10846  3   58 
 1.500      1.1700E+02 3.9800E-01 5.5000E+00                      10846  3   59 
 1.500      1.2100E+02 3.8100E-01 5.5000E+00                      10846  3   60 
 1.500      1.2900E+02 2.9500E-01 5.5000E+00                      10846  3   61 
 1.500      1.3400E+02 2.5200E-01 5.5000E+00                      10846  3   62 
 1.500      1.3700E+02 2.2500E-01 5.5000E+00                      10846  3   63 
 1.500      1.4400E+02 1.5700E-01 5.5000E+00                      10846  3   64 
 1.500      1.4900E+02 1.5900E-01 5.5000E+00                      10846  3   65 
 1.500      1.5400E+02 1.6100E-01 5.5000E+00                      10846  3   66 
 1.500      1.5900E+02 1.7700E-01 5.5000E+00                      10846  3   67 
 1.600      2.2800E+01 1.6400E+00 6.0000E+00                      10846  3   68 
 1.600      3.2700E+01 1.1500E+00 6.0000E+00                      10846  3   69 
 1.600      4.8600E+01 4.5200E-01 6.0000E+00                      10846  3   70 
 1.600      6.5600E+01 1.4400E-01 6.0000E+00                      10846  3   71 
 1.600      8.1500E+01 1.9100E-01 6.0000E+00                      10846  3   72 
 1.600      9.8500E+01 3.6600E-01 6.0000E+00                      10846  3   73 
 1.600      1.1400E+02 4.0100E-01 6.0000E+00                      10846  3   74 
 1.600      1.3100E+02 2.7200E-01 6.0000E+00                      10846  3   75 
 1.600      1.4700E+02 1.7700E-01 6.0000E+00                      10846  3   76 
 1.600      1.5700E+02 1.6900E-01 6.0000E+00                      10846  3   77 
 1.700      2.0300E+01 1.8900E+00 6.0000E+00                      10846  3   78 
 1.700      2.2800E+01 1.6700E+00 6.0000E+00                      10846  3   79 
 1.700      2.5200E+01 1.5100E+00 6.0000E+00                      10846  3   80 
 1.700      3.2700E+01 1.1900E+00 6.0000E+00                      10846  3   81 
 1.700      3.5200E+01 1.0200E+00 6.0000E+00                      10846  3   82 
 1.700      4.6100E+01 5.1700E-01 6.0000E+00                      10846  3   83 
 1.700      4.8600E+01 4.3600E-01 6.0000E+00                      10846  3   84 
 1.700      5.1100E+01 3.2300E-01 6.0000E+00                      10846  3   85 
 1.700      6.3100E+01 1.5300E-01 6.0000E+00                      10846  3   86 
 1.700      6.5600E+01 1.4300E-01 6.0000E+00                      10846  3   87 
 1.700      6.8000E+01 1.1400E-01 6.0000E+00                      10846  3   88 
 1.700      7.9000E+01 2.0900E-01 6.0000E+00                      10846  3   89 
 1.700      8.1500E+01 2.0400E-01 6.0000E+00                      10846  3   90 
 1.700      8.4000E+01 2.3100E-01 6.0000E+00                      10846  3   91 
 1.700      9.8500E+01 3.9300E-01 6.0000E+00                      10846  3   92 
 1.700      1.0100E+02 4.2800E-01 6.0000E+00                      10846  3   93 
 1.700      1.1400E+02 4.3700E-01 6.0000E+00                      10846  3   94 
 1.700      1.1700E+02 3.9600E-01 6.0000E+00                      10846  3   95 
 1.700      1.3100E+02 2.8100E-01 6.0000E+00                      10846  3   96 
 1.700      1.3400E+02 2.5100E-01 6.0000E+00                      10846  3   97 
 1.700      1.4700E+02 1.6400E-01 6.0000E+00                      10846  3   98 
 1.700      1.5000E+02 1.6800E-01 6.0000E+00                      10846  3   99 
 1.700      1.5500E+02 1.8600E-01 6.0000E+00                      10846  3  100 
 1.700      1.5700E+02 1.8100E-01 6.0000E+00                      10846  3  101 
 1.700      1.6000E+02 1.9300E-01 6.0000E+00                      10846  3  102 
 1.800      1.9800E+01 1.8400E+00 2.0000E+01                      10846  3  103 
 1.800      2.6700E+01 1.5700E+00 1.5000E+01                      10846  3  104 
 1.800      2.9700E+01 1.4200E+00 1.5000E+01                      10846  3  105 
 1.800      3.0700E+01 1.2200E+00 1.2000E+01                      10846  3  106 
 1.800      3.5700E+01 1.0600E+00 1.2000E+01                      10846  3  107 
 1.800      3.6600E+01 1.0300E+00 1.5000E+01                      10846  3  108 
 1.800      4.5600E+01 4.5700E-01 1.0000E+01                      10846  3  109 
 1.800      4.5600E+01 4.8100E-01 1.5000E+01                      10846  3  110 
 1.800      4.6600E+01 4.5400E-01 1.2000E+01                      10846  3  111 
 1.800      5.1600E+01 2.9900E-01 1.2000E+01                      10846  3  112 
 1.800      5.2600E+01 3.0100E-01 1.5000E+01                      10846  3  113 
 1.800      6.1100E+01 1.4600E-01 1.0000E+01                      10846  3  114 
 1.800      6.1600E+01 1.4900E-01 1.5000E+01                      10846  3  115 
 1.800      6.2500E+01 1.3300E-01 1.2000E+01                      10846  3  116 
 1.800      6.8500E+01 1.2700E-01 1.5000E+01                      10846  3  117 
 1.800      7.6500E+01 1.5900E-01 1.0000E+01                      10846  3  118 
 1.800      7.7500E+01 2.0200E-01 1.5000E+01                      10846  3  119 
 1.800      7.8500E+01 1.7300E-01 1.2000E+01                      10846  3  120 
 1.800      8.3500E+01 2.3100E-01 1.2000E+01                      10846  3  121 
 1.800      9.2000E+01 3.0900E-01 1.0000E+01                      10846  3  122 
 1.800      9.3500E+01 3.7100E-01 1.5000E+01                      10846  3  123 
 1.800      9.4500E+01 3.2200E-01 1.2000E+01                      10846  3  124 
 1.800      9.9500E+01 4.2500E-01 1.2000E+01                      10846  3  125 
 1.800      1.0100E+02 4.2800E-01 1.5000E+01                      10846  3  126 
 1.800      1.0700E+02 4.0100E-01 1.0000E+01                      10846  3  127 
 1.800      1.1000E+02 4.0500E-01 1.5000E+01                      10846  3  128 
 1.800      1.1600E+02 3.9400E-01 1.2000E+01                      10846  3  129 
 1.800      1.1600E+02 4.0900E-01 1.5000E+01                      10846  3  130 
 1.800      1.2300E+02 3.6300E-01 1.0000E+01                      10846  3  131 
 1.800      1.3800E+02 1.9000E-01 1.0000E+01                      10846  3  132 
 1.800      1.3800E+02 1.7300E-01 1.2000E+01                      10846  3  133 
 1.800      1.4800E+02 1.6000E-01 1.0000E+01                      10846  3  134 
 1.800      1.5000E+02 1.5800E-01 1.2000E+01                      10846  3  135 
 1.800      1.5100E+02 1.7300E-01 2.0000E+01                      10846  3  136 
 1.800      1.5300E+02 1.7200E-01 1.2000E+01                      10846  3  137 
 1.800      1.5900E+02 2.1300E-01 2.0000E+01                      10846  3  138 
 1.800      1.6300E+02 2.2800E-01 1.2000E+01                      10846  3  139 
 1.900      1.9300E+01 2.1500E+00 6.0000E+00                      10846  3  140 
 1.900      2.2800E+01 1.8500E+00 6.0000E+00                      10846  3  141 
 1.900      2.4200E+01 1.9200E+00 6.0000E+00                      10846  3  142 
 1.900      2.9200E+01 1.4300E+00 6.0000E+00                      10846  3  143 
 1.900      3.2700E+01 1.1900E+00 6.0000E+00                      10846  3  144 
 1.900      3.4100E+01 1.1300E+00 6.0000E+00                      10846  3  145 
 1.900      4.5100E+01 5.3400E-01 6.0000E+00                      10846  3  146 
 1.900      4.8600E+01 4.3200E-01 6.0000E+00                      10846  3  147 
 1.900      5.0100E+01 3.7900E-01 6.0000E+00                      10846  3  148 
 1.900      6.2000E+01 1.5100E-01 6.0000E+00                      10846  3  149 
 1.900      6.5600E+01 1.3200E-01 6.0000E+00                      10846  3  150 
 1.900      6.7000E+01 1.2600E-01 6.0000E+00                      10846  3  151 
 1.900      7.8000E+01 1.7300E-01 6.0000E+00                      10846  3  152 
 1.900      8.1500E+01 2.1300E-01 6.0000E+00                      10846  3  153 
 1.900      8.3000E+01 2.1500E-01 6.0000E+00                      10846  3  154 
 1.900      9.5000E+01 3.8200E-01 6.0000E+00                      10846  3  155 
 1.900      9.8500E+01 4.2200E-01 6.0000E+00                      10846  3  156 
 1.900      1.0000E+02 4.3000E-01 6.0000E+00                      10846  3  157 
 1.900      1.1100E+02 4.3100E-01 6.0000E+00                      10846  3  158 
 1.900      1.1600E+02 4.0700E-01 6.0000E+00                      10846  3  159 
 1.900      1.2800E+02 2.6000E-01 6.0000E+00                      10846  3  160 
 1.900      1.3100E+02 2.5600E-01 6.0000E+00                      10846  3  161 
 1.900      1.3300E+02 2.2400E-01 6.0000E+00                      10846  3  162 
 1.900      1.4400E+02 1.4500E-01 6.0000E+00                      10846  3  163 
 1.900      1.4700E+02 1.5000E-01 6.0000E+00                      10846  3  164 
 1.900      1.4900E+02 1.3900E-01 6.0000E+00                      10846  3  165 
 1.900      1.5400E+02 1.5300E-01 6.0000E+00                      10846  3  166 
 1.900      1.5900E+02 1.8600E-01 6.0000E+00                      10846  3  167 
 2.000      2.2800E+01 1.9900E+00 1.0000E+01                      10846  3  168 
 2.000      2.2800E+01 2.0300E+00 1.0000E+01                      10846  3  169 
 2.000      3.2700E+01 1.2500E+00 1.0000E+01                      10846  3  170 
 2.000      3.2700E+01 1.2200E+00 1.0000E+01                      10846  3  171 
 2.000      4.8600E+01 4.2000E-01 1.0000E+01                      10846  3  172 
 2.000      4.8600E+01 4.2100E-01 1.0000E+01                      10846  3  173 
 2.000      6.5600E+01 1.3900E-01 1.0000E+01                      10846  3  174 
 2.000      6.5600E+01 1.3800E-01 1.0000E+01                      10846  3  175 
 2.000      8.1500E+01 2.0500E-01 1.0000E+01                      10846  3  176 
 2.000      9.8500E+01 4.3700E-01 1.0000E+01                      10846  3  177 
 2.000      9.8500E+01 4.2400E-01 1.0000E+01                      10846  3  178 
 2.000      1.1400E+02 4.2000E-01 1.0000E+01                      10846  3  179 
 2.000      1.3100E+02 2.5300E-01 1.0000E+01                      10846  3  180 
 2.000      1.3100E+02 2.5500E-01 1.0000E+01                      10846  3  181 
 2.000      1.4700E+02 1.7100E-01 1.0000E+01                      10846  3  182 
 2.000      1.4700E+02 1.8300E-01 1.0000E+01                      10846  3  183 
 2.000      1.5700E+02 2.2000E-01 1.0000E+01                      10846  3  184 
 2.150      2.0300E+01 2.4400E+00 8.0000E+00                      10846  3  185 
 2.150      2.2800E+01 2.2700E+00 6.0000E+00                      10846  3  186 
 2.150      2.5200E+01 2.0000E+00 8.0000E+00                      10846  3  187 
 2.150      3.0200E+01 1.6400E+00 8.0000E+00                      10846  3  188 
 2.150      3.2700E+01 1.4000E+00 6.0000E+00                      10846  3  189 
 2.150      3.5200E+01 1.1800E+00 8.0000E+00                      10846  3  190 
 2.150      4.6100E+01 5.2100E-01 8.0000E+00                      10846  3  191 
 2.150      4.8600E+01 4.1700E-01 6.0000E+00                      10846  3  192 
 2.150      5.1100E+01 3.2500E-01 8.0000E+00                      10846  3  193 
 2.150      6.3100E+01 1.5700E-01 8.0000E+00                      10846  3  194 
 2.150      6.8000E+01 1.4300E-01 8.0000E+00                      10846  3  195 
 2.150      7.9000E+01 1.9200E-01 8.0000E+00                      10846  3  196 
 2.150      8.1500E+01 2.4200E-01 6.0000E+00                      10846  3  197 
 2.150      8.4000E+01 2.3200E-01 8.0000E+00                      10846  3  198 
 2.150      9.6000E+01 3.5300E-01 8.0000E+00                      10846  3  199 
 2.150      9.8500E+01 4.0300E-01 6.0000E+00                      10846  3  200 
 2.150      1.0100E+02 3.7800E-01 8.0000E+00                      10846  3  201 
 2.150      1.1200E+02 3.6000E-01 8.0000E+00                      10846  3  202 
 2.150      1.1400E+02 4.0700E-01 6.0000E+00                      10846  3  203 
 2.150      1.1700E+02 3.5100E-01 8.0000E+00                      10846  3  204 
 2.150      1.2900E+02 2.6400E-01 8.0000E+00                      10846  3  205 
 2.150      1.3100E+02 2.2900E-01 6.0000E+00                      10846  3  206 
 2.150      1.3400E+02 2.1500E-01 8.0000E+00                      10846  3  207 
 2.150      1.4500E+02 1.6300E-01 8.0000E+00                      10846  3  208 
 2.150      1.4700E+02 1.7600E-01 6.0000E+00                      10846  3  209 
 2.150      1.5000E+02 1.6600E-01 8.0000E+00                      10846  3  210 
 2.150      1.5500E+02 2.0100E-01 8.0000E+00                      10846  3  211 
 2.150      1.5700E+02 2.7700E-01 6.0000E+00                      10846  3  212 
 2.150      1.6000E+02 2.6400E-01 8.0000E+00                      10846  3  213 
 2.350      2.0300E+01 2.8000E+00 7.5000E+00                      10846  3  214 
 2.350      2.0800E+01 2.7500E+00 1.5000E+01                      10846  3  215 
 2.350      2.5200E+01 2.2900E+00 7.5000E+00                      10846  3  216 
 2.350      3.0200E+01 1.7600E+00 7.5000E+00                      10846  3  217 
 2.350      3.0200E+01 1.5400E+00 1.0000E+01                      10846  3  218 
 2.350      3.0700E+01 1.5800E+00 1.5000E+01                      10846  3  219 
 2.350      3.5200E+01 1.2700E+00 7.5000E+00                      10846  3  220 
 2.350      3.6100E+01 1.0400E+00 1.0000E+01                      10846  3  221 
 2.350      4.5600E+01 5.6400E-01 1.0000E+01                      10846  3  222 
 2.350      4.6100E+01 5.1200E-01 7.5000E+00                      10846  3  223 
 2.350      4.6600E+01 5.3300E-01 1.5000E+01                      10846  3  224 
 2.350      5.1100E+01 3.2700E-01 7.5000E+00                      10846  3  225 
 2.350      5.1600E+01 3.0500E-01 1.0000E+01                      10846  3  226 
 2.350      6.1100E+01 1.6300E-01 1.0000E+01                      10846  3  227 
 2.350      6.3100E+01 1.6600E-01 7.5000E+00                      10846  3  228 
 2.350      6.7000E+01 1.4900E-01 1.0000E+01                      10846  3  229 
 2.350      7.8500E+01 2.4300E-01 1.5000E+01                      10846  3  230 
 2.350      7.9000E+01 2.2700E-01 7.5000E+00                      10846  3  231 
 2.350      8.2500E+01 2.3500E-01 1.0000E+01                      10846  3  232 
 2.350      8.4000E+01 2.5600E-01 7.5000E+00                      10846  3  233 
 2.350      9.2000E+01 2.8500E-01 1.0000E+01                      10846  3  234 
 2.350      9.4500E+01 3.2000E-01 1.5000E+01                      10846  3  235 
 2.350      9.6000E+01 3.2900E-01 7.5000E+00                      10846  3  236 
 2.350      9.8000E+01 3.2700E-01 1.0000E+01                      10846  3  237 
 2.350      1.0100E+02 3.2600E-01 7.5000E+00                      10846  3  238 
 2.350      1.0700E+02 3.3900E-01 1.0000E+01                      10846  3  239 
 2.350      1.1200E+02 3.1700E-01 7.5000E+00                      10846  3  240 
 2.350      1.1300E+02 3.5100E-01 1.0000E+01                      10846  3  241 
 2.350      1.1600E+02 3.1200E-01 1.5000E+01                      10846  3  242 
 2.350      1.1700E+02 3.0600E-01 7.5000E+00                      10846  3  243 
 2.350      1.2300E+02 2.6800E-01 1.0000E+01                      10846  3  244 
 2.350      1.2900E+02 2.3400E-01 7.5000E+00                      10846  3  245 
 2.350      1.2900E+02 2.4100E-01 1.0000E+01                      10846  3  246 
 2.350      1.3400E+02 2.0900E-01 7.5000E+00                      10846  3  247 
 2.350      1.3800E+02 1.7000E-01 1.5000E+01                      10846  3  248 
 2.350      1.4400E+02 1.7600E-01 1.0000E+01                      10846  3  249 
 2.350      1.4500E+02 1.6600E-01 7.5000E+00                      10846  3  250 
 2.350      1.4800E+02 1.9200E-01 1.0000E+01                      10846  3  251 
 2.350      1.5000E+02 1.9500E-01 7.5000E+00                      10846  3  252 
 2.350      1.5300E+02 2.2700E-01 1.5000E+01                      10846  3  253 
 2.350      1.5400E+02 2.3800E-01 1.0000E+01                      10846  3  254 
 2.350      1.5500E+02 2.4000E-01 7.5000E+00                      10846  3  255 
 2.350      1.6000E+02 2.9600E-01 7.5000E+00                      10846  3  256 
 2.350      1.6300E+02 3.8800E-01 1.5000E+01                      10846  3  257 
 2.500      1.8800E+01 3.4800E+00 1.2000E+01                      10846  3  258 
 2.500      2.0300E+01 3.2200E+00 7.5000E+00                      10846  3  259 
 2.500      2.2800E+01 2.5900E+00 6.0000E+00 1.                   10846  3  260 
 2.500      2.2800E+01 2.5900E+00 6.0000E+00 1.                   10846  3  261 
 2.500      2.3700E+01 2.8600E+00 1.2000E+01                      10846  3  262 
 2.500      2.5200E+01 2.3500E+00 5.0000E+00                      10846  3  263 
 2.500      2.8700E+01 2.1000E+00 8.0000E+00                      10846  3  264 
 2.500      3.0200E+01 2.0800E+00 7.5000E+00                      10846  3  265 
 2.500      3.2700E+01 1.5600E+00 6.0000E+00                      10846  3  266 
 2.500      3.2700E+01 1.5500E+00 6.0000E+00                      10846  3  267 
 2.500      3.3700E+01 1.5600E+00 8.0000E+00                      10846  3  268 
 2.500      3.5200E+01 1.2300E+00 5.0000E+00                      10846  3  269 
 2.500      4.4600E+01 5.6400E-01 8.0000E+00                      10846  3  270 
 2.500      4.6100E+01 5.4100E-01 7.5000E+00                      10846  3  271 
 2.500      4.8600E+01 3.8700E-01 6.0000E+00                      10846  3  272 
 2.500      4.8600E+01 4.2800E-01 6.0000E+00                      10846  3  273 
 2.500      4.9600E+01 3.6500E-01 8.0000E+00                      10846  3  274 
 2.500      5.1100E+01 3.0900E-01 5.0000E+00                      10846  3  275 
 2.500      6.1600E+01 1.7100E-01 8.0000E+00                      10846  3  276 
 2.500      6.3100E+01 1.7200E-01 7.5000E+00                      10846  3  277 
 2.500      6.6500E+01 1.7400E-01 8.0000E+00                      10846  3  278 
 2.500      6.8000E+01 1.9800E-01 7.5000E+00                      10846  3  279 
 2.500      7.9000E+01 2.8200E-01 7.5000E+00                      10846  3  280 
 2.500      8.1500E+01 2.6300E-01 6.0000E+00                      10846  3  281 
 2.500      8.1500E+01 2.4200E-01 6.0000E+00                      10846  3  282 
 2.500      8.2500E+01 3.0900E-01 8.0000E+00                      10846  3  283 
 2.500      8.4000E+01 3.0100E-01 7.5000E+00                      10846  3  284 
 2.500      9.4500E+01 3.1500E-01 8.0000E+00                      10846  3  285 
 2.500      9.6000E+01 3.4000E-01 7.5000E+00                      10846  3  286 
 2.500      9.8500E+01 3.2400E-01 6.0000E+00                      10846  3  287 
 2.500      9.9500E+01 3.0600E-01 8.0000E+00                      10846  3  288 
 2.500      1.0100E+02 3.5300E-01 7.5000E+00                      10846  3  289 
 2.500      1.0100E+02 3.4900E-01 5.0000E+00                      10846  3  290 
 2.500      1.1100E+02 3.0200E-01 8.0000E+00                      10846  3  291 
 2.500      1.1200E+02 2.8200E-01 7.5000E+00                      10846  3  292 
 2.500      1.1400E+02 2.9400E-01 6.0000E+00                      10846  3  293 
 2.500      1.1500E+02 2.9300E-01 8.0000E+00                      10846  3  294 
 2.500      1.1700E+02 2.9500E-01 5.0000E+00                      10846  3  295 
 2.500      1.1700E+02 2.8100E-01 7.5000E+00                      10846  3  296 
 2.500      1.2700E+02 2.3100E-01 8.0000E+00                      10846  3  297 
 2.500      1.2900E+02 2.2100E-01 7.5000E+00                      10846  3  298 
 2.500      1.3100E+02 1.8500E-01 6.0000E+00                      10846  3  299 
 2.500      1.3200E+02 2.0700E-01 8.0000E+00                      10846  3  300 
 2.500      1.3400E+02 2.0900E-01 5.0000E+00                      10846  3  301 
 2.500      1.3400E+02 1.9500E-01 7.5000E+00                      10846  3  302 
 2.500      1.4300E+02 1.4300E-01 8.0000E+00                      10846  3  303 
 2.500      1.4500E+02 1.7500E-01 7.5000E+00                      10846  3  304 
 2.500      1.4700E+02 1.9000E-01 6.0000E+00                      10846  3  305 
 2.500      1.4700E+02 1.9300E-01 6.0000E+00                      10846  3  306 
 2.500      1.4800E+02 1.5000E-01 8.0000E+00                      10846  3  307 
 2.500      1.5000E+02 1.9600E-01 7.5000E+00                      10846  3  308 
 2.500      1.5000E+02 2.0100E-01 5.0000E+00                      10846  3  309 
 2.500      1.5300E+02 2.0400E-01 8.0000E+00                      10846  3  310 
 2.500      1.5500E+02 2.4800E-01 7.5000E+00                      10846  3  311 
 2.500      1.5700E+02 3.0200E-01 6.0000E+00                      10846  3  312 
 2.500      1.5700E+02 2.9600E-01 6.0000E+00                      10846  3  313 
 2.500      1.5800E+02 2.5900E-01 8.0000E+00                      10846  3  314 
 2.500      1.6000E+02 3.6300E-01 5.0000E+00                      10846  3  315 
 2.500      1.6000E+02 3.0200E-01 7.5000E+00                      10846  3  316 
 2.775      2.0300E+01 3.4700E+00 7.0000E+00                      10846  3  317 
 2.775      2.2800E+01 3.2200E+00 7.0000E+00                      10846  3  318 
 2.775      2.5200E+01 2.8300E+00 7.0000E+00                      10846  3  319 
 2.775      3.0200E+01 2.2400E+00 7.0000E+00                      10846  3  320 
 2.775      3.2700E+01 1.8000E+00 7.0000E+00                      10846  3  321 
 2.775      3.5200E+01 1.5700E+00 7.0000E+00                      10846  3  322 
 2.775      4.6100E+01 4.9600E-01 7.0000E+00                      10846  3  323 
 2.775      4.8600E+01 3.8300E-01 7.0000E+00                      10846  3  324 
 2.775      5.1100E+01 3.0900E-01 7.0000E+00                      10846  3  325 
 2.775      6.3100E+01 1.7400E-01 7.0000E+00                      10846  3  326 
 2.775      6.5600E+01 2.0100E-01 7.0000E+00                      10846  3  327 
 2.775      6.8000E+01 1.9400E-01 7.0000E+00                      10846  3  328 
 2.775      7.9000E+01 2.7200E-01 7.0000E+00                      10846  3  329 
 2.775      8.1500E+01 2.8900E-01 7.0000E+00                      10846  3  330 
 2.775      8.4000E+01 2.8100E-01 7.0000E+00                      10846  3  331 
 2.775      9.6000E+01 2.9700E-01 7.0000E+00                      10846  3  332 
 2.775      9.8500E+01 2.8400E-01 7.0000E+00                      10846  3  333 
 2.775      1.0100E+02 2.8200E-01 7.0000E+00                      10846  3  334 
 2.775      1.1200E+02 2.4800E-01 7.0000E+00                      10846  3  335 
 2.775      1.1400E+02 2.6400E-01 7.0000E+00                      10846  3  336 
 2.775      1.1700E+02 2.2500E-01 7.0000E+00                      10846  3  337 
 2.775      1.2900E+02 1.7300E-01 7.0000E+00                      10846  3  338 
 2.775      1.3100E+02 1.6600E-01 7.0000E+00                      10846  3  339 
 2.775      1.3400E+02 1.5400E-01 7.0000E+00                      10846  3  340 
 2.775      1.4500E+02 1.6100E-01 7.0000E+00                      10846  3  341 
 2.775      1.4700E+02 1.6900E-01 7.0000E+00                      10846  3  342 
 2.775      1.5000E+02 1.8200E-01 7.0000E+00                      10846  3  343 
 2.775      1.5500E+02 2.2600E-01 7.0000E+00                      10846  3  344 
 2.775      1.5700E+02 2.9200E-01 7.0000E+00                      10846  3  345 
 2.775      1.6000E+02 2.9500E-01 7.0000E+00                      10846  3  346 
 3.000      1.9800E+01 4.0500E+00 1.0000E+01                      10846  3  347 
 3.000      2.2800E+01 2.9000E+00 7.0000E+00                      10846  3  348 
 3.000      2.2800E+01 3.2400E+00 6.0000E+00                      10846  3  349 
 3.000      2.3300E+01 2.9700E+00 1.0000E+01                      10846  3  350 
 3.000      2.8600E+01 2.2200E+00 1.0000E+01                      10846  3  351 
 3.000      2.9700E+01 2.0300E+00 1.0000E+01                      10846  3  352 
 3.000      3.2700E+01 1.5000E+00 7.0000E+00                      10846  3  353 
 3.000      3.2700E+01 1.7800E+00 6.0000E+00                      10846  3  354 
 3.000      3.3300E+01 1.4400E+00 1.0000E+01                      10846  3  355 
 3.000      3.8500E+01 9.3900E-01 1.0000E+01                      10846  3  356 
 3.000      4.5600E+01 4.5600E-01 1.0000E+01                      10846  3  357 
 3.000      4.8500E+01 3.5200E-01 1.0000E+01                      10846  3  358 
 3.000      4.8600E+01 2.9000E-01 7.0000E+00                      10846  3  359 
 3.000      4.8600E+01 3.2900E-01 6.0000E+00                      10846  3  360 
 3.000      5.3200E+01 2.3200E-01 1.0000E+01                      10846  3  361 
 3.000      6.5600E+01 1.7400E-01 6.0000E+00                      10846  3  362 
 3.000      6.8000E+01 1.7400E-01 7.0000E+00                      10846  3  363 
 3.000      7.8600E+01 2.3400E-01 1.0000E+01                      10846  3  364 
 3.000      7.9000E+01 2.7300E-01 7.0000E+00                      10846  3  365 
 3.000      8.1500E+01 2.6700E-01 7.0000E+00                      10846  3  366 
 3.000      8.1500E+01 2.5800E-01 6.0000E+00                      10846  3  367 
 3.000      8.3600E+01 2.6900E-01 1.0000E+01                      10846  3  368 
 3.000      9.3500E+01 2.4200E-01 1.0000E+01                      10846  3  369 
 3.000      9.3600E+01 2.4500E-01 1.0000E+01                      10846  3  370 
 3.000      9.8500E+01 2.2000E-01 7.0000E+00                      10846  3  371 
 3.000      9.8500E+01 2.3000E-01 6.0000E+00                      10846  3  372 
 3.000      9.8600E+01 2.3800E-01 1.0000E+01                      10846  3  373 
 3.000      1.0100E+02 2.6400E-01 7.0000E+00                      10846  3  374 
 3.000      1.1200E+02 2.1000E-01 7.0000E+00                      10846  3  375 
 3.000      1.1400E+02 1.8900E-01 7.0000E+00                      10846  3  376 
 3.000      1.1400E+02 1.8500E-01 6.0000E+00                      10846  3  377 
 3.000      1.1700E+02 1.7800E-01 7.0000E+00                      10846  3  378 
 3.000      1.1800E+02 1.6500E-01 1.0000E+01                      10846  3  379 
 3.000      1.2400E+02 1.3900E-01 1.0000E+01                      10846  3  380 
 3.000      1.2500E+02 1.3700E-01 1.0000E+01                      10846  3  381 
 3.000      1.2900E+02 1.4100E-01 7.0000E+00                      10846  3  382 
 3.000      1.3100E+02 1.2600E-01 7.0000E+00                      10846  3  383 
 3.000      1.3100E+02 1.2500E-01 6.0000E+00                      10846  3  384 
 3.000      1.3400E+02 1.3100E-01 7.0000E+00                      10846  3  385 
 3.000      1.3900E+02 1.0400E-01 1.0000E+01                      10846  3  386 
 3.000      1.4500E+02 1.4600E-01 7.0000E+00                      10846  3  387 
 3.000      1.4700E+02 1.3700E-01 7.0000E+00                      10846  3  388 
 3.000      1.4700E+02 1.3800E-01 6.0000E+00                      10846  3  389 
 3.000      1.4800E+02 1.2700E-01 1.0000E+01                      10846  3  390 
 3.000      1.5000E+02 1.7000E-01 7.0000E+00                      10846  3  391 
 3.000      1.5100E+02 2.0100E-01 1.0000E+01                      10846  3  392 
 3.000      1.5500E+02 2.0100E-01 7.0000E+00                      10846  3  393 
 3.000      1.5700E+02 2.4600E-01 7.0000E+00                      10846  3  394 
 3.000      1.5700E+02 2.2500E-01 6.0000E+00                      10846  3  395 
 3.000      1.5800E+02 2.5700E-01 1.0000E+01                      10846  3  396 
 3.000      1.6000E+02 2.6000E-01 7.0000E+00                      10846  3  397 
 3.150      2.0300E+01 3.5300E+00 6.0000E+00                      10846  3  398 
 3.150      2.0300E+01 3.5900E+00 7.0000E+00                      10846  3  399 
 3.150      2.5200E+01 2.8600E+00 6.0000E+00                      10846  3  400 
 3.150      2.5200E+01 2.7300E+00 7.0000E+00                      10846  3  401 
 3.150      3.0200E+01 1.7700E+00 6.0000E+00                      10846  3  402 
 3.150      3.0200E+01 1.9500E+00 7.0000E+00                      10846  3  403 
 3.150      3.5200E+01 1.1500E+00 6.0000E+00                      10846  3  404 
 3.150      3.5200E+01 1.2300E+00 7.0000E+00                      10846  3  405 
 3.150      4.6100E+01 3.7800E-01 7.0000E+00                      10846  3  406 
 3.150      5.1100E+01 2.1800E-01 7.0000E+00                      10846  3  407 
 3.150      6.3100E+01 1.4900E-01 7.0000E+00                      10846  3  408 
 3.150      6.8000E+01 1.8000E-01 7.0000E+00                      10846  3  409 
 3.150      6.8000E+01 1.8300E-01 7.0000E+00                      10846  3  410 
 3.150      6.8000E+01 1.9900E-01 6.0000E+00                      10846  3  411 
 3.150      7.9000E+01 2.3400E-01 7.0000E+00                      10846  3  412 
 3.150      7.9000E+01 2.7400E-01 6.0000E+00                      10846  3  413 
 3.150      7.9000E+01 2.7900E-01 7.0000E+00                      10846  3  414 
 3.150      8.4000E+01 2.5200E-01 7.0000E+00                      10846  3  415 
 3.150      8.4000E+01 2.8200E-01 6.0000E+00                      10846  3  416 
 3.150      8.4000E+01 2.7900E-01 7.0000E+00                      10846  3  417 
 3.150      9.6000E+01 2.5900E-01 7.0000E+00                      10846  3  418 
 3.150      1.0100E+02 2.2500E-01 7.0000E+00                      10846  3  419 
 3.150      1.1200E+02 1.5200E-01 7.0000E+00                      10846  3  420 
 3.150      1.1200E+02 1.5900E-01 7.0000E+00                      10846  3  421 
 3.150      1.1700E+02 1.3400E-01 7.0000E+00                      10846  3  422 
 3.150      1.1700E+02 1.4200E-01 6.0000E+00                      10846  3  423 
 3.150      1.1700E+02 1.4500E-01 7.0000E+00                      10846  3  424 
 3.150      1.2900E+02 1.0800E-01 7.0000E+00                      10846  3  425 
 3.150      1.2900E+02 1.2300E-01 7.0000E+00                      10846  3  426 
 3.150      1.2900E+02 1.2900E-01 6.0000E+00                      10846  3  427 
 3.150      1.3400E+02 1.0100E-01 7.0000E+00                      10846  3  428 
 3.150      1.3400E+02 1.2000E-01 7.0000E+00                      10846  3  429 
 3.150      1.4500E+02 1.2900E-01 7.0000E+00                      10846  3  430 
 3.150      1.4500E+02 1.3300E-01 6.0000E+00                      10846  3  431 
 3.150      1.5000E+02 1.5400E-01 6.0000E+00                      10846  3  432 
 3.150      1.5000E+02 1.4900E-01 7.0000E+00                      10846  3  433 
 3.150      1.5500E+02 2.0800E-01 6.0000E+00                      10846  3  434 
 3.150      1.5500E+02 1.9300E-01 7.0000E+00                      10846  3  435 
 3.150      1.6000E+02 2.3300E-01 7.0000E+00                      10846  3  436 
 3.150      1.6000E+02 2.5300E-01 7.0000E+00                      10846  3  437 
 3.150      1.6000E+02 2.7800E-01 6.0000E+00                      10846  3  438 
 3.350      2.0300E+01 3.8500E+00 6.0000E+00                      10846  3  439 
 3.350      2.5200E+01 2.9100E+00 6.0000E+00                      10846  3  440 
 3.350      3.0200E+01 2.1200E+00 6.0000E+00                      10846  3  441 
 3.350      3.5200E+01 1.3300E+00 6.0000E+00                      10846  3  442 
 3.350      4.6100E+01 3.4400E-01 6.0000E+00                      10846  3  443 
 3.350      5.1100E+01 1.8200E-01 6.0000E+00                      10846  3  444 
 3.350      6.3100E+01 1.1800E-01 6.0000E+00                      10846  3  445 
 3.350      6.8000E+01 1.4900E-01 6.0000E+00                      10846  3  446 
 3.350      7.9000E+01 2.2800E-01 6.0000E+00                      10846  3  447 
 3.350      8.4000E+01 2.4300E-01 6.0000E+00                      10846  3  448 
 3.350      9.6000E+01 2.1600E-01 6.0000E+00                      10846  3  449 
 3.350      1.0100E+02 1.8400E-01 6.0000E+00                      10846  3  450 
 3.350      1.1200E+02 1.2700E-01 6.0000E+00                      10846  3  451 
 3.350      1.1700E+02 1.1700E-01 6.0000E+00                      10846  3  452 
 3.350      1.2900E+02 9.9400E-02 6.0000E+00                      10846  3  453 
 3.350      1.3400E+02 9.8400E-02 6.0000E+00                      10846  3  454 
 3.350      1.4500E+02 1.0700E-01 6.0000E+00                      10846  3  455 
 3.350      1.5000E+02 1.2900E-01 6.0000E+00                      10846  3  456 
 3.350      1.5500E+02 1.6700E-01 6.0000E+00                      10846  3  457 
 3.350      1.6000E+02 2.2800E-01 6.0000E+00                      10846  3  458 
 3.530      2.0300E+01 3.9000E+00 6.0000E+00                      10846  3  459 
 3.530      2.2800E+01 3.3500E+00 6.0000E+00                      10846  3  460 
 3.530      2.5200E+01 2.9200E+00 6.0000E+00                      10846  3  461 
 3.530      3.0200E+01 2.0800E+00 6.0000E+00                      10846  3  462 
 3.530      3.2700E+01 1.6700E+00 6.0000E+00                      10846  3  463 
 3.530      3.5200E+01 1.2800E+00 6.0000E+00                      10846  3  464 
 3.530      4.6100E+01 3.1600E-01 6.0000E+00                      10846  3  465 
 3.530      4.8600E+01 2.4300E-01 6.0000E+00                      10846  3  466 
 3.530      5.1100E+01 1.6200E-01 6.0000E+00                      10846  3  467 
 3.530      6.3100E+01 1.1400E-01 6.0000E+00                      10846  3  468 
 3.530      6.5600E+01 1.2600E-01 6.0000E+00                      10846  3  469 
 3.530      6.8000E+01 1.4200E-01 6.0000E+00                      10846  3  470 
 3.530      7.9000E+01 2.1300E-01 6.0000E+00                      10846  3  471 
 3.530      8.4000E+01 2.1300E-01 6.0000E+00                      10846  3  472 
 3.530      9.6000E+01 1.9000E-01 6.0000E+00                      10846  3  473 
 3.530      9.8500E+01 1.8800E-01 6.0000E+00                      10846  3  474 
 3.530      1.0100E+02 1.6100E-01 6.0000E+00                      10846  3  475 
 3.530      1.1200E+02 1.1000E-01 6.0000E+00                      10846  3  476 
 3.530      1.1400E+02 1.0200E-01 6.0000E+00                      10846  3  477 
 3.530      1.1700E+02 9.4400E-02 6.0000E+00                      10846  3  478 
 3.530      1.2900E+02 9.4800E-02 6.0000E+00                      10846  3  479 
 3.530      1.3100E+02 9.8200E-02 6.0000E+00                      10846  3  480 
 3.530      1.3400E+02 8.9100E-02 6.0000E+00                      10846  3  481 
 3.530      1.4500E+02 1.0100E-01 6.0000E+00                      10846  3  482 
 3.530      1.5000E+02 1.1700E-01 6.0000E+00                      10846  3  483 
 3.530      1.5500E+02 1.4200E-01 6.0000E+00                      10846  3  484 
 3.530      1.5700E+02 1.6700E-01 6.0000E+00                      10846  3  485 
 3.530      1.6000E+02 1.9900E-01 6.0000E+00                      10846  3  486 
 3.775       0.203E+02  0.427E+01  0.650E+01                      10846  3  487 
 3.775       0.252E+02  0.308E+01  0.650E+01                      10846  3  488 
 3.775       0.257E+02  0.297E+01  0.650E+01                      10846  3  489 
 3.775       0.302E+02  0.220E+01  0.650E+01                      10846  3  490 
 3.775       0.352E+02  0.132E+01  0.650E+01                      10846  3  491 
 3.775       0.356E+02  0.116E+01  0.650E+01                      10846  3  492 
 3.775       0.461E+02  0.318E+00  0.650E+01                      10846  3  493 
 3.775       0.511E+02  0.150E+00  0.650E+01                      10846  3  494 
 3.775       0.631E+02  0.103E+00  0.650E+01                      10846  3  495 
 3.775       0.680E+02  0.134E+00  0.650E+01                      10846  3  496 
 3.775       0.790E+02  0.215E+00  0.650E+01                      10846  3  497 
 3.775       0.840E+02  0.220E+00  0.650E+01                      10846  3  498 
 3.775       0.960E+02  0.180E+00  0.650E+01                      10846  3  499 
 3.775       0.101E+03  0.143E+00  0.650E+01                      10846  3  500 
 3.775       0.112E+03  0.856E-01  0.650E+01                      10846  3  501 
 3.775       0.117E+03  0.781E-01  0.650E+01                      10846  3  502 
 3.775       0.129E+03  0.872E-01  0.650E+01                      10846  3  503 
 3.775       0.131E+03  0.800E-01  0.650E+01                      10846  3  504 
 3.775       0.134E+03  0.887E-01  0.650E+01                      10846  3  505 
 3.775       0.145E+03  0.900E-01  0.650E+01                      10846  3  506 
 3.775       0.150E+03  0.102E+00  0.650E+01                      10846  3  507 
 3.775       0.155E+03  0.134E+00  0.650E+01                      10846  3  508 
 3.775       0.157E+03  0.153E+00  0.650E+01                      10846  3  509 
 3.775       0.160E+03  0.182E+00  0.650E+01                      10846  3  510 
 3.975      2.0300E+01 4.7000E+00 6.0000E+00                      10846  3  511 
 3.975      2.0300E+01 4.4400E+00 7.0000E+00                      10846  3  512 
 3.975      2.5200E+01 3.6100E+00 6.0000E+00                      10846  3  513 
 3.975      3.0200E+01 2.3200E+00 6.0000E+00                      10846  3  514 
 3.975      3.5200E+01 1.3900E+00 6.0000E+00                      10846  3  515 
 3.975      4.6100E+01 3.3400E-01 6.0000E+00                      10846  3  516 
 3.975      4.6100E+01 3.2500E-01 7.0000E+00                      10846  3  517 
 3.975      5.1100E+01 1.5100E-01 6.0000E+00                      10846  3  518 
 3.975      6.3100E+01 9.2500E-02 6.0000E+00                      10846  3  519 
 3.975      6.3100E+01 8.8600E-02 7.0000E+00                      10846  3  520 
 3.975      6.8000E+01 1.2500E-01 6.0000E+00                      10846  3  521 
 3.975      6.8000E+01 1.2200E-01 7.0000E+00                      10846  3  522 
 3.975      7.9000E+01 2.0800E-01 6.0000E+00                      10846  3  523 
 3.975      7.9000E+01 1.9900E-01 7.0000E+00                      10846  3  524 
 3.975      8.4000E+01 2.1800E-01 6.0000E+00                      10846  3  525 
 3.975      8.4000E+01 2.1500E-01 7.0000E+00                      10846  3  526 
 3.975      9.6000E+01 1.8400E-01 6.0000E+00                      10846  3  527 
 3.975      1.0100E+02 1.4400E-01 6.0000E+00                      10846  3  528 
 3.975      1.0100E+02 1.3600E-01 7.0000E+00                      10846  3  529 
 3.975      1.1200E+02 7.3000E-02 6.0000E+00                      10846  3  530 
 3.975      1.1700E+02 7.6100E-02 6.0000E+00                      10846  3  531 
 3.975      1.1700E+02 6.3200E-02 7.0000E+00                      10846  3  532 
 3.975      1.2900E+02 7.7800E-02 6.0000E+00                      10846  3  533 
 3.975      1.2900E+02 7.7100E-02 7.0000E+00                      10846  3  534 
 3.975      1.3400E+02 8.2700E-02 6.0000E+00                      10846  3  535 
 3.975      1.3400E+02 8.4600E-02 7.0000E+00                      10846  3  536 
 3.975      1.4500E+02 8.5200E-02 6.0000E+00                      10846  3  537 
 3.975      1.4500E+02 8.5000E-02 7.0000E+00                      10846  3  538 
 3.975      1.5000E+02 8.5000E-02 6.0000E+00                      10846  3  539 
 3.975      1.5000E+02 1.0000E-01 7.0000E+00                      10846  3  540 
 3.975      1.5400E+02 1.1000E-01 1.0000E+01 2.                   10846  3  541 
 3.975      1.6000E+02 1.3700E-01 6.0000E+00 2.                   10846  3  542 
 3.975      1.6000E+02 1.4200E-01 7.0000E+00 2.                   10846  3  543 
ENDDATA            511          0                                 10846  3  544 
ENDSUBENT          543          0                                 10846  399999 
SUBENT        10846004   20200116                             146210846  4    1 
BIB                  9         22                                 10846  4    2 
REACTION   (83-BI-209(N,INL)83-BI-209,PAR,SIG)                    10846  4    3 
FACILITY   (DYNAM,1USAANL) ANL fast neutron generator             10846  4    4 
SAMPLE     Cylinder 2-cm in diameter, 2-cm long                   10846  4    5 
DETECTOR   Hydrogenous detectors                                  10846  4    6 
MONITOR    (1-H-1(N,EL)1-H-1,,SIG) Measured cross sections        10846  4    7 
            determined relative to hydrogen elastic cross         10846  4    8 
            sections.                                             10846  4    9 
           Spontaneous fission of Cf-252 used to determine        10846  4   10 
            relative sensitivities of neutron detectors           10846  4   11 
METHOD     Carbon scattering cross sections measured concurrently 10846  4   12 
            to verify performance of measurement system. Sample   10846  4   13 
            placed so that neutron beam is incident on lateral    10846  4   14 
            surface.                                              10846  4   15 
CORRECTION Corrected for perturbations due to beam attenuation,   10846  4   16 
            multiple events, and angular resolution of apparatus. 10846  4   17 
ERR-ANALYS (DATA-ERR) Measurements made under varied conditions   10846  4   18 
            over period of years. Neutron resolution varies from  10846  4   19 
            20-50 keV, uncertainties in cross sections varies     10846  4   20 
            from 5-10%. Relative scattering angles known to       10846  4   21 
            +-0.5 degrees, absolute angle determined to within    10846  4   22 
            approximately 1-degree.                               10846  4   23 
HISTORY    (20200107U) E -> E-EXC                                 10846  4   24 
ENDBIB              22          0                                 10846  4   25 
NOCOMMON             0          0                                 10846  4   26 
DATA                 5         67                                 10846  4   27 
E-EXC      E-EXC-ERR  EN         DATA       DATA-ERR              10846  4   28 
KEV        KEV        MEV        B          B                     10846  4   29 
  895.      12.        1.7500E+00 3.6100E-01 4.0000E-02           10846  4   30 
  895.      12.        1.9500E+00 3.5600E-01 3.0000E-02           10846  4   31 
  895.      12.        2.1000E+00 4.8900E-01 4.0000E-02           10846  4   32 
  895.      12.        2.1500E+00 4.2200E-01 2.5000E-02           10846  4   33 
  895.      12.        2.2000E+00 4.1100E-01 3.0000E-02           10846  4   34 
  895.      12.        2.3000E+00 3.9500E-01 4.0000E-02           10846  4   35 
  895.      12.        2.3500E+00 5.2500E-01 4.5000E-02           10846  4   36 
  895.      12.        2.4000E+00 5.0000E-01 4.5000E-02           10846  4   37 
  895.      12.        2.5000E+00 4.8800E-01 3.0000E-02           10846  4   38 
  895.      12.        2.5500E+00 5.6800E-01 4.0000E-02           10846  4   39 
  895.      12.        2.6000E+00 5.0800E-01 4.5000E-02           10846  4   40 
  895.      12.        2.7000E+00 5.8900E-01 5.0000E-02           10846  4   41 
  895.      12.        2.7500E+00 5.1600E-01 4.0000E-02           10846  4   42 
  895.      12.        2.8000E+00 5.2700E-01 6.0000E-02           10846  4   43 
  895.      12.        2.9500E+00 5.4600E-01 5.0000E-02           10846  4   44 
  895.      12.        3.0000E+00 5.5600E-01 4.0000E-02           10846  4   45 
  895.      12.        3.1000E+00 4.8600E-01 5.0000E-02           10846  4   46 
  895.      12.        3.2000E+00 4.5200E-01 4.0000E-02           10846  4   47 
  895.      12.        3.3000E+00 4.3400E-01 4.0000E-02           10846  4   48 
  895.      12.        3.3500E+00 4.3200E-01 4.0000E-02           10846  4   49 
  895.      12.        3.4000E+00 3.9300E-01 4.0000E-02           10846  4   50 
  895.      12.        3.5000E+00 3.5900E-01 3.0000E-02           10846  4   51 
  895.      12.        3.5500E+00 3.7600E-01 4.0000E-02           10846  4   52 
  895.      12.        3.6000E+00 3.2800E-01 3.5000E-02           10846  4   53 
  895.      12.        3.7000E+00 3.3100E-01 3.5000E-02           10846  4   54 
  895.      12.        3.7500E+00 3.2500E-01 3.5000E-02           10846  4   55 
  895.      12.        3.8000E+00 3.2600E-01 4.5000E-02           10846  4   56 
  895.      12.        3.9500E+00 2.6800E-01 3.5000E-02           10846  4   57 
  895.      12.        4.0000E+00 2.3300E-01 3.5000E-02           10846  4   58 
 1606.      14.        2.3500E+00 3.6900E-01 7.3000E-02           10846  4   59 
 1606.      14.        2.5000E+00 3.5700E-01 5.3000E-02           10846  4   60 
 1606.      14.        2.5500E+00 4.0700E-01 4.0000E-02           10846  4   61 
 1606.      14.        2.6000E+00 3.9800E-01 5.9000E-02           10846  4   62 
 1606.      14.        2.7000E+00 3.5800E-01 4.3000E-02           10846  4   63 
 1606.      14.        2.7500E+00 3.9800E-01 3.8000E-02           10846  4   64 
 1606.      14.        2.8000E+00 3.7400E-01 5.6000E-02           10846  4   65 
 1606.      14.        2.9500E+00 4.2200E-01 3.0000E-02           10846  4   66 
 1606.      14.        3.0000E+00 3.7900E-01 3.0000E-02           10846  4   67 
 1606.      14.        3.1000E+00 3.4300E-01 5.0000E-02           10846  4   68 
 1606.      14.        3.1500E+00 4.1600E-01 3.2000E-02           10846  4   69 
 1606.      14.        3.2000E+00 3.1500E-01 5.0000E-02           10846  4   70 
 1606.      14.        3.3000E+00 3.1300E-01 4.0000E-02           10846  4   71 
 1606.      14.        3.3500E+00 3.6700E-01 3.0000E-02           10846  4   72 
 1606.      14.        3.4000E+00 2.7800E-01 2.5000E-02           10846  4   73 
 1606.      14.        3.5000E+00 2.8100E-01 2.5000E-02           10846  4   74 
 1606.      14.        3.5500E+00 3.2000E-01 3.0000E-02           10846  4   75 
 1606.      14.        3.6000E+00 2.5200E-01 2.8000E-02           10846  4   76 
 1606.      14.        3.7000E+00 2.6800E-01 2.9000E-02           10846  4   77 
 1606.      14.        3.7500E+00 2.8000E-01 2.5000E-02           10846  4   78 
 1606.      14.        3.8000E+00 2.4900E-01 2.9000E-02           10846  4   79 
 1606.      14.        3.9750E+00 2.5500E-01 3.0000E-02           10846  4   80 
 2590.      15.        3.3500E+00 5.5400E-01 8.3000E-02           10846  4   81 
 2590.      15.        3.4000E+00 4.5600E-01 6.8000E-02           10846  4   82 
 2590.      15.        3.5000E+00 4.9100E-01 5.5000E-02           10846  4   83 
 2590.      15.        3.5500E+00 5.9600E-01 8.9000E-02           10846  4   84 
 2590.      15.        3.6000E+00 5.1900E-01 8.9000E-02           10846  4   85 
 2590.      15.        3.7000E+00 5.2200E-01 6.2000E-02           10846  4   86 
 2590.      15.        3.8000E+00 5.3900E-01 6.1000E-02           10846  4   87 
 2590.      15.        3.9750E+00 5.3200E-01 8.0000E-02           10846  4   88 
 2762.      29.        3.5500E+00 1.9700E-01 2.9000E-02           10846  4   89 
 2762.      29.        3.6000E+00 1.8600E-01 3.7000E-02           10846  4   90 
 2762.      29.        3.8000E+00 2.0900E-01 4.3000E-02           10846  4   91 
 2762.      29.        3.9750E+00 2.2500E-01 4.5000E-02           10846  4   92 
 3022.      21.        3.9500E+00 3.1700E-01 6.0000E-02           10846  4   93 
 3022.      21.        4.0000E+00 2.2900E-01 5.0000E-02           10846  4   94 
 3144.      15.        3.9500E+00 5.0100E-01 6.0000E-02           10846  4   95 
 3144.      15.        4.0000E+00 3.9600E-01 6.0000E-02           10846  4   96 
ENDDATA             69          0                                 10846  4   97 
ENDSUBENT           96          0                                 10846  499999 
ENDENTRY             4          0                                 1084699999999 
