ENTRY            10943   20210827                             149110943  0    1 
SUBENT        10943001   20210827                             149110943  1    1 
BIB                 12         18                                 10943  1    2 
TITLE      The neutron total cross section of single crystal      10943  1    3 
           silicon at 21 deg(K)                                   10943  1    4 
AUTHOR     (R.M.Brugger,R.G.Fluharty,P.W.Lisowsky,C.E.Olsen)      10943  1    5 
REFERENCE  (C,79KNOX,,86,1979)                                    10943  1    6 
INSTITUTE  (1USALAS,1USAMIS)                                      10943  1    7 
FACILITY   (LINAC,1USALAS) Los Alamos WNR.                        10943  1    8 
INC-SOURCE (EVAP) Protons on Ta target                            10943  1    9 
DETECTOR   (PROPC) 3He proportional counter.                      10943  1   10 
           (FISCH) Flux monitor.                                  10943  1   11 
SAMPLE     28.77 cm long single crystal of silicon.               10943  1   12 
METHOD     (TOF)                                                  10943  1   13 
ERR-ANALYS (DATA-ERR) No details on sources of uncertainties.     10943  1   14 
CORRECTION Sample-in and sample-out spectra were corrected for    10943  1   15 
           dead-time losses.                                      10943  1   16 
HISTORY    (19850730C)                                            10943  1   17 
           (20210827A) BP: Updated to new date formats, lower     10943  1   18 
                      case. Corrections according last EXFOR rules10943  1   19 
                       and Dict. Digitized data.                  10943  1   20 
ENDBIB              18          0                                 10943  1   21 
NOCOMMON             0          0                                 10943  1   22 
ENDSUBENT           21          0                                 10943  199999 
SUBENT        10943002   20210827                             149110943  2    1 
BIB                  3          3                                 10943  2    2 
REACTION   (14-SI-0(N,TOT),,SIG,,TMP)                             10943  2    3 
STATUS     (CURVE) Fig. 2, second page.                           10943  2    4 
HISTORY    (20210827A) BP: Digitized data.                        10943  2    5 
ENDBIB               3          0                                 10943  2    6 
COMMON               1          3                                 10943  2    7 
TEMP                                                              10943  2    8 
K                                                                 10943  2    9 
       21.0                                                       10943  2   10 
ENDCOMMON            3          0                                 10943  2   11 
DATA                 3         97                                 10943  2   12 
EN         DATA       DATA-ERR                                    10943  2   13 
EV         B          B                                           10943  2   14 
  2.998E-03  4.853E-01  4.980E-02                                 10943  2   15 
  3.271E-03  5.182E-01  4.651E-02                                 10943  2   16 
  3.638E-03  4.552E-01  3.177E-02                                 10943  2   17 
  4.047E-03  4.393E-01  3.358E-02                                 10943  2   18 
  4.458E-03  4.691E-01  2.952E-02                                 10943  2   19 
  4.959E-03  3.805E-01  2.657E-02                                 10943  2   20 
  5.410E-03  3.835E-01  2.154E-02                                 10943  2   21 
  6.076E-03  4.155E-01  2.615E-02                                 10943  2   22 
  6.693E-03  3.444E-01  2.638E-02                                 10943  2   23 
  7.302E-03  3.299E-01  1.852E-02                                 10943  2   24 
  8.122E-03  3.230E-01  2.033E-02                                 10943  2   25 
  8.862E-03  2.920E-01  1.443E-02                                 10943  2   26 
  9.762E-03  2.738E-01  1.352E-02                                 10943  2   27 
  1.096E-02  2.623E-01  1.657E-02                                 10943  2   28 
  1.208E-02  2.459E-01  2.209E-02                                 10943  2   29 
  1.331E-02  2.407E-01  1.521E-02                                 10943  2   30 
  1.480E-02  2.374E-01  1.004E-02                                 10943  2   31 
  1.630E-02  2.162E-01  1.069E-02                                 10943  2   32 
  1.779E-02  2.163E-01  1.067E-02                                 10943  2   33 
  1.978E-02  1.999E-01  8.509E-03                                 10943  2   34 
  2.179E-02  2.044E-01  1.288E-02                                 10943  2   35 
  2.401E-02  2.045E-01  5.812E-03                                 10943  2   36 
  2.942E-02  1.960E-01                                            10943  2   37 
  3.272E-02  1.933E-01                                            10943  2   38 
  3.536E-02  2.034E-01                                            10943  2   39 
  3.971E-02  2.095E-01                                            10943  2   40 
  4.417E-02  2.081E-01                                            10943  2   41 
  4.819E-02  2.406E-01                                            10943  2   42 
  5.360E-02  2.570E-01                                            10943  2   43 
  5.962E-02  2.552E-01                                            10943  2   44 
  6.568E-02  2.765E-01                                            10943  2   45 
  7.449E-02  3.198E-01                                            10943  2   46 
  8.048E-02  3.317E-01                                            10943  2   47 
  9.039E-02  3.517E-01                                            10943  2   48 
  9.862E-02  4.155E-01                                            10943  2   49 
  1.086E-01  4.437E-01                                            10943  2   50 
  1.197E-01  4.704E-01                                            10943  2   51 
  1.357E-01  4.474E-01                                            10943  2   52 
  1.495E-01  5.684E-01                                            10943  2   53 
  1.647E-01  6.384E-01                                            10943  2   54 
  1.797E-01  6.719E-01                                            10943  2   55 
  1.999E-01  7.021E-01                                            10943  2   56 
  2.223E-01  7.887E-01                                            10943  2   57 
  2.449E-01  8.421E-01                                            10943  2   58 
  2.698E-01  8.736E-01                                            10943  2   59 
  2.972E-01  9.602E-01                                            10943  2   60 
  3.274E-01  1.055E+00                                            10943  2   61 
  3.713E-01  1.095E+00                                            10943  2   62 
  3.973E-01  1.161E+00                                            10943  2   63 
  4.506E-01  1.240E+00                                            10943  2   64 
  4.963E-01  1.314E+00                                            10943  2   65 
  5.575E-01  1.363E+00                                            10943  2   66 
  6.082E-01  1.435E+00                                            10943  2   67 
  6.765E-01  1.521E+00                                            10943  2   68 
  7.452E-01  1.578E+00                                            10943  2   69 
  8.130E-01  1.625E+00                                            10943  2   70 
  9.044E-01  1.710E+00                                            10943  2   71 
  1.016E+00  1.724E+00                                            10943  2   72 
  1.119E+00  1.788E+00                                            10943  2   73 
  1.221E+00  1.828E+00                                            10943  2   74 
  1.384E+00  1.883E+00                                            10943  2   75 
  1.496E+00  1.870E+00                                            10943  2   76 
  1.680E+00  1.955E+00                                            10943  2   77 
  1.851E+00  1.956E+00                                            10943  2   78 
  2.059E+00  2.014E+00                                            10943  2   79 
  2.224E+00  2.000E+00                                            10943  2   80 
  2.522E+00  2.016E+00                                            10943  2   81 
  2.752E+00  2.047E+00                                            10943  2   82 
  3.032E+00  2.077E+00                                            10943  2   83 
  3.307E+00  2.109E+00                                            10943  2   84 
  3.715E+00  2.095E+00                                            10943  2   85 
  4.092E+00  2.111E+00                                            10943  2   86 
  4.464E+00  2.143E+00                                            10943  2   87 
  4.918E+00  2.144E+00                                            10943  2   88 
  5.470E+00  2.176E+00                                            10943  2   89 
  6.026E+00  2.193E+00                                            10943  2   90 
  6.834E+00  2.163E+00                                            10943  2   91 
  7.456E+00  2.164E+00                                            10943  2   92 
  8.214E+00  2.119E+00                                            10943  2   93 
  9.048E+00  2.182E+00                                            10943  2   94 
  1.016E+01  2.199E+00                                            10943  2   95 
  1.087E+01  2.200E+00                                            10943  2   96 
  1.221E+01  2.170E+00                                            10943  2   97 
  1.332E+01  2.202E+00                                            10943  2   98 
  1.468E+01  2.188E+00                                            10943  2   99 
  1.633E+01  2.173E+00                                            10943  2  100 
  1.816E+01  2.190E+00                                            10943  2  101 
  1.981E+01  2.175E+00                                            10943  2  102 
  2.225E+01  2.192E+00                                            10943  2  103 
  2.428E+01  2.193E+00                                            10943  2  104 
  2.727E+01  2.211E+00                                            10943  2  105 
  3.004E+01  2.228E+00                                            10943  2  106 
  3.309E+01  2.213E+00                                            10943  2  107 
  3.681E+01  2.214E+00                                            10943  2  108 
  4.016E+01  2.215E+00                                            10943  2  109 
  4.424E+01  2.200E+00                                            10943  2  110 
  4.920E+01  2.201E+00                                            10943  2  111 
ENDDATA             99          0                                 10943  2  112 
ENDSUBENT          111          0                                 10943  299999 
SUBENT        10943003   20210917                             149110943  3    1 
BIB                  3          3                                 10943  3    2 
REACTION   (14-SI-0(N,TOT),,SIG,,TMP)                             10943  3    3 
STATUS     (CURVE) Fig. 2, second page.                           10943  3    4 
HISTORY    (20210827C) BP                                         10943  3    5 
ENDBIB               3          0                                 10943  3    6 
COMMON               1          3                                 10943  3    7 
TEMP                                                              10943  3    8 
K                                                                 10943  3    9 
       77.0                                                       10943  3   10 
ENDCOMMON            3          0                                 10943  3   11 
DATA                 3         98                                 10943  3   12 
EN         DATA       DATA-ERR                                    10943  3   13 
EV         B          B                                           10943  3   14 
  3.027E-03  5.256E-01  3.313E-02                                 10943  3   15 
  3.335E-03  5.183E-01  3.964E-02                                 10943  3   16 
  3.638E-03  4.359E-01  2.451E-02                                 10943  3   17 
  4.047E-03  4.588E-01  1.944E-02                                 10943  3   18 
  4.415E-03  4.148E-01  1.764E-02                                 10943  3   19 
  4.959E-03  4.120E-01  1.756E-02                                 10943  3   20 
  5.462E-03  3.645E-01  1.297E-02                                 10943  3   21 
  6.017E-03  3.595E-01  1.775E-02                                 10943  3   22 
  6.693E-03  3.597E-01  1.776E-02                                 10943  3   23 
  7.302E-03  3.299E-01  1.855E-02                                 10943  3   24 
  8.281E-03  3.325E-01  2.099E-02                                 10943  3   25 
  9.035E-03  3.007E-01  1.479E-02                                 10943  3   26 
  9.953E-03  2.965E-01  1.259E-02                                 10943  3   27 
  1.107E-02  2.759E-01  1.173E-02                                 10943  3   28 
  1.208E-02  2.606E-01  9.256E-03                                 10943  3   29 
  1.331E-02  2.664E-01                                            10943  3   30 
  1.452E-02  2.534E-01                                            10943  3   31 
  1.630E-02  2.291E-01                                            10943  3   32 
  1.796E-02  2.292E-01                                            10943  3   33 
  1.978E-02  2.310E-01                                            10943  3   34 
  2.201E-02  2.229E-01                                            10943  3   35 
  2.448E-02  2.313E-01                                            10943  3   36 
  2.671E-02  2.297E-01                                            10943  3   37 
  2.999E-02  2.233E-01                                            10943  3   38 
  3.304E-02  2.139E-01                                            10943  3   39 
  3.605E-02  2.301E-01                                            10943  3   40 
  3.971E-02  2.369E-01                                            10943  3   41 
  4.417E-02  2.476E-01                                            10943  3   42 
  4.866E-02  2.721E-01                                            10943  3   43 
  5.465E-02  2.885E-01                                            10943  3   44 
  5.962E-02  2.971E-01                                            10943  3   45 
  6.632E-02  3.196E-01                                            10943  3   46 
  7.377E-02  3.590E-01                                            10943  3   47 
  8.048E-02  3.778E-01                                            10943  3   48 
  8.952E-02  4.064E-01                                            10943  3   49 
  9.862E-02  4.665E-01                                            10943  3   50 
  1.076E-01  4.981E-01                                            10943  3   51 
  1.197E-01  5.205E-01                                            10943  3   52 
  1.344E-01  5.171E-01                                            10943  3   53 
  1.466E-01  6.568E-01                                            10943  3   54 
  1.631E-01  7.116E-01                                            10943  3   55 
  1.780E-01  7.489E-01                                            10943  3   56 
  2.018E-01  7.658E-01                                            10943  3   57 
  2.223E-01  8.727E-01                                            10943  3   58 
  2.425E-01  9.251E-01                                            10943  3   59 
  2.724E-01  9.460E-01                                            10943  3   60 
  3.001E-01  1.047E+00                                            10943  3   61 
  3.306E-01  1.160E+00                                            10943  3   62 
  3.642E-01  1.186E+00                                            10943  3   63 
  4.051E-01  1.257E+00                                            10943  3   64 
  4.506E-01  1.342E+00                                            10943  3   65 
  4.963E-01  1.382E+00                                            10943  3   66 
  5.521E-01  1.466E+00                                            10943  3   67 
  6.023E-01  1.542E+00                                            10943  3   68 
  6.700E-01  1.589E+00                                            10943  3   69 
  7.452E-01  1.636E+00                                            10943  3   70 
  8.210E-01  1.685E+00                                            10943  3   71 
  9.132E-01  1.748E+00                                            10943  3   72 
  1.016E+00  1.800E+00                                            10943  3   73 
  1.119E+00  1.827E+00                                            10943  3   74 
  1.221E+00  1.868E+00                                            10943  3   75 
  1.358E+00  1.897E+00                                            10943  3   76 
  1.510E+00  1.953E+00                                            10943  3   77 
  1.648E+00  1.954E+00                                            10943  3   78 
  1.851E+00  1.998E+00                                            10943  3   79 
  2.000E+00  2.014E+00                                            10943  3   80 
  2.246E+00  2.044E+00                                            10943  3   81 
  2.474E+00  2.045E+00                                            10943  3   82 
  2.752E+00  2.061E+00                                            10943  3   83 
  3.032E+00  2.092E+00                                            10943  3   84 
  3.340E+00  2.078E+00                                            10943  3   85 
  3.679E+00  2.125E+00                                            10943  3   86 
  4.014E+00  2.111E+00                                            10943  3   87 
  4.464E+00  2.143E+00                                            10943  3   88 
  4.966E+00  2.144E+00                                            10943  3   89 
  5.470E+00  2.161E+00                                            10943  3   90 
  6.026E+00  2.162E+00                                            10943  3   91 
  6.703E+00  2.194E+00                                            10943  3   92 
  7.456E+00  2.164E+00                                            10943  3   93 
  8.214E+00  2.134E+00                                            10943  3   94 
  9.048E+00  2.214E+00                                            10943  3   95 
  9.776E+00  2.199E+00                                            10943  3   96 
  1.109E+01  2.153E+00                                            10943  3   97 
  1.245E+01  2.202E+00                                            10943  3   98 
  1.359E+01  2.203E+00                                            10943  3   99 
  1.482E+01  2.204E+00                                            10943  3  100 
  1.633E+01  2.173E+00                                            10943  3  101 
  1.816E+01  2.190E+00                                            10943  3  102 
  2.020E+01  2.207E+00                                            10943  3  103 
  2.204E+01  2.224E+00                                            10943  3  104 
  2.404E+01  2.225E+00                                            10943  3  105 
  2.701E+01  2.194E+00                                            10943  3  106 
  3.004E+01  2.196E+00                                            10943  3  107 
  3.277E+01  2.213E+00                                            10943  3  108 
  3.645E+01  2.230E+00                                            10943  3  109 
  3.939E+01  2.231E+00                                            10943  3  110 
  4.381E+01  2.216E+00                                            10943  3  111 
  4.920E+01  2.201E+00                                            10943  3  112 
ENDDATA            100          0                                 10943  3  113 
ENDSUBENT          112          0                                 10943  399999 
SUBENT        10943004   20210917                             149110943  4    1 
BIB                  3          3                                 10943  4    2 
REACTION   (14-SI-0(N,TOT),,SIG) T=298K.                          10943  4    3 
STATUS     (CURVE) Fig. 2, second page.                           10943  4    4 
HISTORY    (20210827C) BP                                         10943  4    5 
ENDBIB               3          0                                 10943  4    6 
NOCOMMON             0          0                                 10943  4    7 
DATA                 3         98                                 10943  4    8 
EN         DATA       DATA-ERR                                    10943  4    9 
EV         B          B                                           10943  4   10 
  3.027E-03  6.625E-01  4.176E-02                                 10943  4   11 
  3.303E-03  6.439E-01  4.058E-02                                 10943  4   12 
  3.638E-03  6.168E-01  3.052E-02                                 10943  4   13 
  4.086E-03  6.040E-01  2.985E-02                                 10943  4   14 
  4.458E-03  5.955E-01  2.938E-02                                 10943  4   15 
  5.007E-03  5.464E-01  3.449E-02                                 10943  4   16 
  5.515E-03  5.310E-01  2.263E-02                                 10943  4   17 
  6.076E-03  5.124E-01  2.533E-02                                 10943  4   18 
  6.693E-03  4.945E-01  1.413E-02                                 10943  4   19 
  7.373E-03  4.806E-01  1.373E-02                                 10943  4   20 
  8.281E-03  4.879E-01  1.050E-02                                 10943  4   21 
  9.035E-03  4.607E-01  6.594E-03                                 10943  4   22 
  9.857E-03  4.543E-01  1.927E-02                                 10943  4   23 
  1.096E-02  4.078E-01  1.455E-02                                 10943  4   24 
  1.208E-02  4.080E-01                                            10943  4   25 
  1.331E-02  3.995E-01                                            10943  4   26 
  1.494E-02  3.911E-01                                            10943  4   27 
  1.615E-02  3.774E-01                                            10943  4   28 
  1.796E-02  3.831E-01                                            10943  4   29 
  1.978E-02  3.945E-01                                            10943  4   30 
  2.201E-02  4.123E-01                                            10943  4   31 
  2.424E-02  4.277E-01                                            10943  4   32 
  2.723E-02  4.600E-01                                            10943  4   33 
  2.999E-02  4.313E-01                                            10943  4   34 
  3.304E-02  4.441E-01                                            10943  4   35 
  3.605E-02  4.811E-01                                            10943  4   36 
  4.010E-02  4.991E-01                                            10943  4   37 
  4.417E-02  5.103E-01                                            10943  4   38 
  4.961E-02  5.610E-01                                            10943  4   39 
  5.465E-02  6.122E-01                                            10943  4   40 
  6.079E-02  6.444E-01                                            10943  4   41 
  6.697E-02  6.782E-01                                            10943  4   42 
  7.377E-02  7.400E-01                                            10943  4   43 
  8.126E-02  7.902E-01                                            10943  4   44 
  9.127E-02  8.500E-01                                            10943  4   45 
  9.862E-02  9.208E-01                                            10943  4   46 
  1.108E-01  9.553E-01                                            10943  4   47 
  1.208E-01  9.838E-01                                            10943  4   48 
  1.357E-01  1.051E+00                                            10943  4   49 
  1.495E-01  1.224E+00                                            10943  4   50 
  1.663E-01  1.279E+00                                            10943  4   51 
  1.850E-01  1.279E+00                                            10943  4   52 
  2.038E-01  1.356E+00                                            10943  4   53 
  2.223E-01  1.459E+00                                            10943  4   54 
  2.449E-01  1.470E+00                                            10943  4   55 
  2.751E-01  1.514E+00                                            10943  4   56 
  3.030E-01  1.605E+00                                            10943  4   57 
  3.370E-01  1.702E+00                                            10943  4   58 
  3.713E-01  1.715E+00                                            10943  4   59 
  4.051E-01  1.753E+00                                            10943  4   60 
  4.549E-01  1.793E+00                                            10943  4   61 
  5.012E-01  1.833E+00                                            10943  4   62 
  5.575E-01  1.888E+00                                            10943  4   63 
  6.023E-01  1.916E+00                                            10943  4   64 
  6.831E-01  1.959E+00                                            10943  4   65 
  7.452E-01  1.989E+00                                            10943  4   66 
  8.210E-01  2.004E+00                                            10943  4   67 
  9.132E-01  2.020E+00                                            10943  4   68 
  1.006E+00  2.051E+00                                            10943  4   69 
  1.119E+00  2.067E+00                                            10943  4   70 
  1.233E+00  2.083E+00                                            10943  4   71 
  1.358E+00  2.114E+00                                            10943  4   72 
  1.510E+00  2.115E+00                                            10943  4   73 
  1.632E+00  2.131E+00                                            10943  4   74 
  1.833E+00  2.148E+00                                            10943  4   75 
  2.039E+00  2.165E+00                                            10943  4   76 
  2.246E+00  2.166E+00                                            10943  4   77 
  2.474E+00  2.167E+00                                            10943  4   78 
  2.779E+00  2.200E+00                                            10943  4   79 
  3.061E+00  2.217E+00                                            10943  4   80 
  3.372E+00  2.218E+00                                            10943  4   81 
  3.751E+00  2.204E+00                                            10943  4   82 
  4.092E+00  2.221E+00                                            10943  4   83 
  4.464E+00  2.206E+00                                            10943  4   84 
  5.014E+00  2.207E+00                                            10943  4   85 
  5.418E+00  2.192E+00                                            10943  4   86 
  6.026E+00  2.209E+00                                            10943  4   87 
  6.703E+00  2.226E+00                                            10943  4   88 
  7.313E+00  2.211E+00                                            10943  4   89 
  8.134E+00  2.229E+00                                            10943  4   90 
  9.048E+00  2.230E+00                                            10943  4   91 
  9.967E+00  2.231E+00                                            10943  4   92 
  1.087E+01  2.248E+00                                            10943  4   93 
  1.210E+01  2.249E+00                                            10943  4   94 
  1.359E+01  2.218E+00                                            10943  4   95 
  1.454E+01  2.219E+00                                            10943  4   96 
  1.617E+01  2.221E+00                                            10943  4   97 
  1.799E+01  2.238E+00                                            10943  4   98 
  1.981E+01  2.239E+00                                            10943  4   99 
  2.247E+01  2.240E+00                                            10943  4  100 
  2.451E+01  2.242E+00                                            10943  4  101 
  2.701E+01  2.243E+00                                            10943  4  102 
  3.004E+01  2.244E+00                                            10943  4  103 
  3.277E+01  2.245E+00                                            10943  4  104 
  3.645E+01  2.246E+00                                            10943  4  105 
  4.016E+01  2.231E+00                                            10943  4  106 
  4.381E+01  2.232E+00                                            10943  4  107 
  4.873E+01  2.233E+00                                            10943  4  108 
ENDDATA            100          0                                 10943  4  109 
ENDSUBENT          108          0                                 10943  499999 
ENDENTRY             4          0                                 1094399999999 
