ENTRY            11032   19820106                             00001103200000001 
SUBENT        11032001   19820106                             00001103200100001 
BIB                  6          8                                 1103200100002 
INSTITUTE  (1USAORL)                                              1103200100003 
REFERENCE  (J,PL,9,339,6405)                                      1103200100004 
AUTHOR     (H.B.WILLARD,J.K.BAIR,C.M.JONES)                       1103200100005 
TITLE      N-D SCATTERING-A SEARCH FOR EFFECTS DUE TO THE         1103200100006 
           DINEUTRON.                                             1103200100007 
STATUS     (SCSRS)                                                1103200100008 
HISTORY    (760628T) TRANSLATED FROM SCISRS                       1103200100009 
           (820106A) CONVERTED TO REACTION FORMALISM              1103200100010 
ENDBIB               8          0                                 1103200100011 
NOCOMMON             0          0                                 1103200100012 
ENDSUBENT           11          0                                 1103200199999 
SUBENT        11032002   19820106                             00001103200200001 
BIB                  1          1                                 1103200200002 
REACTION   (1-H-2(N,TOT),,SIG)                                    1103200200003 
ENDBIB               1          0                                 1103200200004 
COMMON               3          3                                 1103200200005 
EN-ERR     EN-RSL     DATA-ERR                                    1103200200006 
KEV        KEV        PER-CENT                                    1103200200007 
 5.         20.        4.0                                        1103200200008 
ENDCOMMON            3          0                                 1103200200009 
DATA                 2         31                                 1103200200010 
EN         DATA                                                   1103200200011 
MEV        B                                                      1103200200012 
 2.790  +00 2.140  +00                                            1103200200013 
 2.810  +00 2.180  +00                                            1103200200014 
 2.840  +00 2.230  +00                                            1103200200015 
 2.860  +00 2.140  +00                                            1103200200016 
 2.890  +00 2.170  +00                                            1103200200017 
 2.910  +00 2.180  +00                                            1103200200018 
 2.940  +00 2.180  +00                                            1103200200019 
 2.960  +00 2.110  +00                                            1103200200020 
 2.990  +00 2.110  +00                                            1103200200021 
 3.010  +00 2.160  +00                                            1103200200022 
 3.040  +00 2.100  +00                                            1103200200023 
 3.060  +00 2.080  +00                                            1103200200024 
 3.090  +00 2.040  +00                                            1103200200025 
 3.120  +00 2.050  +00                                            1103200200026 
 3.140  +00 2.060  +00                                            1103200200027 
 3.170  +00 2.02   +00                                            1103200200028 
 3.190  +00 2.02   +00                                            1103200200029 
 3.220  +00 1.96   +00                                            1103200200030 
 3.250  +00 2.07   +00                                            1103200200031 
 3.270  +00 1.99   +00                                            1103200200032 
 3.300  +00 1.99   +00                                            1103200200033 
 3.320  +00 1.99   +00                                            1103200200034 
 3.350  +00 2.00   +00                                            1103200200035 
 3.380  +00 1.96   +00                                            1103200200036 
 3.400  +00 1.93   +00                                            1103200200037 
 3.430  +00 1.98   +00                                            1103200200038 
 3.460  +00 1.90   +00                                            1103200200039 
 3.480  +00 1.91   +00                                            1103200200040 
 3.510  +00 1.88   +00                                            1103200200041 
 3.540  +00 1.92   +00                                            1103200200042 
 3.570  +00 1.96   +00                                            1103200200043 
ENDDATA             33          0                                 1103200200044 
ENDSUBENT           43          0                                 1103200299999 
ENDENTRY             2          0                                 1103299999999 
