ENTRY            11049   19820106                             00001104900000001 
SUBENT        11049001   19820106                             00001104900100001 
BIB                  6          7                                 1104900100002 
INSTITUTE  (1USAMIT)                                              1104900100003 
REFERENCE  (J,PR,84,162,51)                                       1104900100004 
AUTHOR     (P.H.STELSON,W.M.PRESTON)                              1104900100005 
TITLE      RESONANCE IN THE NEUTRON CROSS SECTION OF LITHIUM.     1104900100006 
STATUS     (SCSRS)                                                1104900100007 
HISTORY    (760628T) TRANSLATED FROM SCISRS                       1104900100008 
           (820106A) CONVERTED TO REACTION FORMALISM              1104900100009 
ENDBIB               7          0                                 1104900100010 
NOCOMMON             0          0                                 1104900100011 
ENDSUBENT           10          0                                 1104900199999 
SUBENT        11049002   19820106                             00001104900200001 
BIB                  2          2                                 1104900200002 
REACTION   (3-LI-0(N,TOT),,SIG)                                   1104900200003 
SAMPLE     SAMPLE THICKNESS 0.472 *(10**24) NUCLEI/CM2            1104900200004 
ENDBIB               2          0                                 1104900200005 
COMMON               1          3                                 1104900200006 
EN-RSL                                                            1104900200007 
MEV                                                               1104900200008 
 1.0    -02                                                       1104900200009 
ENDCOMMON            3          0                                 1104900200010 
DATA                 3         27                                 1104900200011 
EN         DATA       DATA-ERR                                    1104900200012 
MEV        B          B                                           1104900200013 
 1.49   -01 1.15   +00 5.     -02                                 1104900200014 
 1.58   -01 1.35   +00 5.     -02                                 1104900200015 
 1.77   -01 1.65   +00 5.     -02                                 1104900200016 
 1.975  -01 2.00   +00 5.     -02                                 1104900200017 
 2.055  -01 2.75   +00 1.0    -01                                 1104900200018 
 2.07   -01 2.00   +00 5.     -02                                 1104900200019 
 2.16   -01 2.70   +00 5.     -02                                 1104900200020 
 2.224  -01 3.05   +00 5.     -02                                 1104900200021 
 2.275  -01 3.85   +00 5.     -02                                 1104900200022 
 2.350  -01 5.25   +00 1.0    -01                                 1104900200023 
 2.435  -01 7.25   +00 1.5    -01                                 1104900200024 
 2.530  -01 9.00   +00 1.5    -01                                 1104900200025 
 2.630  -01 9.00   +00 1.5    -01                                 1104900200026 
 2.700  -01 6.90   +00 1.0    -01                                 1104900200027 
 2.800  -01 5.30   +00 1.0    -01                                 1104900200028 
 2.900  -01 4.15   +00 1.0    -01                                 1104900200029 
 2.938  -01 3.55   +00 1.0    -01                                 1104900200030 
 2.975  -01 3.25   +00 1.0    -01                                 1104900200031 
 3.075  -01 2.75   +00 5.     -02                                 1104900200032 
 3.15   -01 2.50   +00 5.     -02                                 1104900200033 
 3.25   -01 2.30   +00 5.     -02                                 1104900200034 
 3.330  -01 1.95   +00 5.     -02                                 1104900200035 
 3.425  -01 1.70   +00 5.     -02                                 1104900200036 
 3.515  -01 1.77   +00 5.     -02                                 1104900200037 
 3.600  -01 1.60   +00 5.     -02                                 1104900200038 
 3.675  -01 1.65   +00 5.     -02                                 1104900200039 
 3.775  -01 1.50   +00 5.     -02                                 1104900200040 
ENDDATA             29          0                                 1104900200041 
ENDSUBENT           40          0                                 1104900299999 
SUBENT        11049003   19820106                             00001104900300001 
BIB                  2          2                                 1104900300002 
REACTION   (3-LI-0(N,TOT),,SIG)                                   1104900300003 
SAMPLE     SAMPLE THICKNESS 0.118 *(10**24) NUCLEI/CM2            1104900300004 
ENDBIB               2          0                                 1104900300005 
COMMON               1          3                                 1104900300006 
EN-RSL                                                            1104900300007 
MEV                                                               1104900300008 
 5.     -03                                                       1104900300009 
ENDCOMMON            3          0                                 1104900300010 
DATA                 3         13                                 1104900300011 
EN         DATA       DATA-ERR                                    1104900300012 
MEV        B          B                                           1104900300013 
 2.224  -01 2.90   +00 2.0    -01                                 1104900300014 
 2.30   -01 4.14   +00 2.0    -01                                 1104900300015 
 2.375  -01 6.10   +00 2.5    -01                                 1104900300016 
 2.435  -01 8.25   +00 2.5    -01                                 1104900300017 
 2.475  -01 9.70   +00 2.5    -01                                 1104900300018 
 2.530  -01 1.100  +01 2.5    -01                                 1104900300019 
 2.575  -01 1.050  +01 2.5    -01                                 1104900300020 
 2.63   -01 1.015  +01 2.5    -01                                 1104900300021 
 2.675  -01 8.75   +00 2.0    -01                                 1104900300022 
 2.698  -01 7.35   +00 2.0    -01                                 1104900300023 
 2.735  -01 6.05   +00 2.0    -01                                 1104900300024 
 2.825  -01 4.85   +00 2.0    -01                                 1104900300025 
 2.938  -01 3.25   +00 2.0    -01                                 1104900300026 
ENDDATA             15          0                                 1104900300027 
ENDSUBENT           26          0                                 1104900399999 
SUBENT        11049004   19820106                             00001104900400001 
BIB                  1          4                                 1104900400002 
REACTION  1(3-LI-7(N,EL),,WID)                                    1104900400003 
          2(3-LI-7(N,TOT),,SIG,,RES)                              1104900400004 
          3(3-LI-7(N,0),,J)                                       1104900400005 
          4(3-LI-7(N,0),,L)                                       1104900400006 
ENDBIB               4          0                                 1104900400007 
NOCOMMON             0          0                                 1104900400008 
DATA                 5          1                                 1104900400009 
EN-RES     DATA      1DATA      2DATA      3DATA      4           1104900400010 
MEV        KEV        B          NO-DIM     NO-DIM                1104900400011 
 2.56   -01 40.        11.1       3.         1.                   1104900400012 
ENDDATA              3          0                                 1104900400013 
ENDSUBENT           12          0                                 1104900499999 
SUBENT        11049005   19820106                             00001104900500001 
BIB                  1          1                                 1104900500002 
REACTION   (3-LI-7(N,EL)3-LI-7,POT,SIG)                           1104900500003 
ENDBIB               1          0                                 1104900500004 
NOCOMMON             0          0                                 1104900500005 
DATA                 2          1                                 1104900500006 
EN         DATA                                                   1104900500007 
MEV        B                                                      1104900500008 
 2.56   -01 1.1    +00                                            1104900500009 
ENDDATA              3          0                                 1104900500010 
ENDSUBENT            9          0                                 1104900599999 
ENDENTRY             5          0                                 1104999999999 
