ENTRY            11059   19820106                             00001105900000001 
SUBENT        11059001   19820106                             00001105900100001 
BIB                  6          7                                 1105900100002 
INSTITUTE  (1USABNL)                                              1105900100003 
REFERENCE  (J,PR,89,204,5301)                                     1105900100004 
AUTHOR     (E.M.HAFNER,W.F.HORNYAK,C.E.FALK,G.SNOW,T.COOR)        1105900100005 
TITLE      THE TOTAL N-P SCATTERING CROSS SECTION AT 4.75 MEV.    1105900100006 
STATUS     (SCSRS)                                                1105900100007 
HISTORY    (760628T) TRANSLATED FROM SCISRS                       1105900100008 
           (820106A) CONVERTED TO REACTION FORMALISM              1105900100009 
ENDBIB               7          0                                 1105900100010 
NOCOMMON             0          0                                 1105900100011 
ENDSUBENT           10          0                                 1105900199999 
SUBENT        11059002   19820106                             00001105900200001 
BIB                  1          1                                 1105900200002 
REACTION   (1-H-1(N,TOT),,SIG)                                    1105900200003 
ENDBIB               1          0                                 1105900200004 
NOCOMMON             0          0                                 1105900200005 
DATA                 4          1                                 1105900200006 
EN         EN-ERR     DATA       DATA-ERR                         1105900200007 
MEV        MEV        B          B                                1105900200008 
 4.749  +00 9.     -03 1.690  +00 6.     -03                      1105900200009 
ENDDATA              3          0                                 1105900200010 
ENDSUBENT            9          0                                 1105900299999 
SUBENT        11059003   19820106                             00001105900300001 
BIB                  1          1                                 1105900300002 
REACTION   (6-C-0(N,TOT),,SIG)                                    1105900300003 
ENDBIB               1          0                                 1105900300004 
COMMON               1          3                                 1105900300005 
EN-RSL                                                            1105900300006 
MEV                                                               1105900300007 
 0.1                                                              1105900300008 
ENDCOMMON            3          0                                 1105900300009 
DATA                 3         39                                 1105900300010 
EN         DATA       DATA-ERR                                    1105900300011 
MEV        B          PER-CENT                                    1105900300012 
 3.910  +00 2.00   +00                                            1105900300013 
 3.985  +00 1.90   +00                                            1105900300014 
 4.045  +00 1.92   +00                                            1105900300015 
 4.125  +00 1.77   +00                                            1105900300016 
 4.135  +00 1.77   +00                                            1105900300017 
 4.150  +00 1.81   +00                                            1105900300018 
 4.185  +00 1.86   +00                                            1105900300019 
 4.195  +00 1.92   +00                                            1105900300020 
 4.215  +00 1.95   +00                                            1105900300021 
 4.245  +00 2.06   +00                                            1105900300022 
 4.255  +00 2.10   +00                                            1105900300023 
 4.275  +00 2.08   +00                                            1105900300024 
 4.335  +00 2.01   +00    5.0                                     1105900300025 
 4.365  +00 1.92   +00                                            1105900300026 
 4.395  +00 1.87   +00                                            1105900300027 
 4.425  +00 1.76   +00                                            1105900300028 
 4.455  +00 1.68   +00                                            1105900300029 
 4.485  +00 1.65   +00                                            1105900300030 
 4.520  +00 1.58   +00                                            1105900300031 
 4.545  +00 1.55   +00                                            1105900300032 
 4.575  +00 1.52   +00                                            1105900300033 
 4.595  +00 1.48   +00                                            1105900300034 
 4.605  +00 1.50   +00                                            1105900300035 
 4.610  +00 1.47   +00                                            1105900300036 
 4.620  +00 1.48   +00                                            1105900300037 
 4.635  +00 1.51   +00                                            1105900300038 
 4.650  +00 1.39   +00                                            1105900300039 
 4.676  +00 1.43   +00                                            1105900300040 
 4.685  +00 1.39   +00                                            1105900300041 
 4.695  +00 1.36   +00                                            1105900300042 
 4.710  +00 1.32   +00                                            1105900300043 
 4.730  +00 1.37   +00                                            1105900300044 
 4.745  +00 1.37   +00    5.0                                     1105900300045 
 4.760  +00 1.37   +00                                            1105900300046 
 4.770  +00 1.35   +00                                            1105900300047 
 4.785  +00 1.34   +00                                            1105900300048 
 4.810  +00 1.26   +00                                            1105900300049 
 4.820  +00 1.29   +00                                            1105900300050 
 4.845  +00 1.29   +00                                            1105900300051 
ENDDATA             41          0                                 1105900300052 
ENDSUBENT           51          0                                 1105900399999 
ENDENTRY             3          0                                 1105999999999 
