ENTRY            11052   19860326                             00001105200000001 
SUBENT        11052001   19860326                             00001105200100001 
BIB                  8         11                                 1105200100002 
INSTITUTE  (1USAWIS)                                              1105200100003 
REFERENCE  (J,PR,86,155,52)                                       1105200100004 
AUTHOR     (R.K.ADAIR)                                            1105200100005 
TITLE      ANGULAR DISTRIBUTION OF NEUTRONS SCATTERED BY HELIUM.  1105200100006 
INC-SOURCE (P-LI7)                                                1105200100007 
           (P-T)                                                  1105200100008 
DETECTOR   (PROPC)                                                1105200100009 
STATUS     (SCSRS)                                                1105200100010 
HISTORY    (760628T) TRANSLATED FROM SCISRS                       1105200100011 
           (820106A) CONVERTED TO REACTION FORMALISM              1105200100012 
           (860326A) BIB UPDATE.                                  1105200100013 
ENDBIB              11          0                                 1105200100014 
NOCOMMON             0          0                                 1105200100015 
ENDSUBENT           14          0                                 1105200199999 
SUBENT        11052002   19860326                             00001105200200001 
BIB                  3          3                                 1105200200002 
REACTION   (2-HE-0(N,EL)2-HE-0,,DA)                               1105200200003 
DETECTOR              RECOIL COUNTER                              1105200200004 
HISTORY    (860326A) REACTION PRODUCT ADDED,DATA HEADING CORRECTED1105200200005 
ENDBIB               3          0                                 1105200200006 
NOCOMMON             0          0                                 1105200200007 
DATA                 3        181                                 1105200200008 
EN         COS-CM     DATA-CM                                     1105200200009 
MEV        NO-DIM     MB/SR                                       1105200200010 
 4.00   -01 0.25000    6.1    +01                                 1105200200011 
 4.00   -01 0.18000    6.2    +01                                 1105200200012 
 4.00   -01 0.08000    6.5    +01                                 1105200200013 
 4.00   -01 0.01000    7.7    +01                                 1105200200014 
 4.00   -01-0.1000     8.5    +01                                 1105200200015 
 4.00   -01-0.2100     9.0    +01                                 1105200200016 
 4.00   -01-0.2700     1.18   +02                                 1105200200017 
 4.00   -01-0.3400     1.12   +02                                 1105200200018 
 4.00   -01-0.4400     1.42   +02                                 1105200200019 
 4.00   -01-0.5300     1.42   +02                                 1105200200020 
 4.00   -01-0.6000     1.54   +02                                 1105200200021 
 4.00   -01-0.7000     1.68   +02                                 1105200200022 
 4.00   -01-0.7800     1.77   +02                                 1105200200023 
 6.00   -01 0.64000    5.5    +01                                 1105200200024 
 6.00   -01 0.54000    5.1    +01                                 1105200200025 
 6.00   -01 0.47000    5.3    +01                                 1105200200026 
 6.00   -01 0.39000    5.6    +01                                 1105200200027 
 6.00   -01 0.28000    6.3    +01                                 1105200200028 
 6.00   -01 0.20000    7.2    +01                                 1105200200029 
 6.00   -01 0.10000    9.0    +01                                 1105200200030 
 6.00   -01 0.02000    1.03   +02                                 1105200200031 
 6.00   -01-0.0700     1.18   +02                                 1105200200032 
 6.00   -01-0.1500     1.38   +02                                 1105200200033 
 6.00   -01-0.2400     1.55   +02                                 1105200200034 
 6.00   -01-0.3300     1.67   +02                                 1105200200035 
 6.00   -01-0.4300     1.96   +02                                 1105200200036 
 6.00   -01-0.5200     2.05   +02                                 1105200200037 
 6.00   -01-0.5800     2.27   +02                                 1105200200038 
 6.00   -01-0.6300     2.40   +02                                 1105200200039 
 6.00   -01-0.6800     2.64   +02                                 1105200200040 
 6.00   -01-0.7300     2.57   +02                                 1105200200041 
 6.     -01-0.7800     2.71   +02                                 1105200200042 
 7.50   -01 0.63000    1.50   +02                                 1105200200043 
 7.50   -01 0.53000    1.32   +02                                 1105200200044 
 7.50   -01 0.44000    1.15   +02                                 1105200200045 
 7.50   -01 0.34000    1.36   +02                                 1105200200046 
 7.50   -01 0.25000    1.17   +02                                 1105200200047 
 7.50   -01 0.18000    1.15   +02                                 1105200200048 
 7.50   -01 0.08000    1.50   +02                                 1105200200049 
 7.50   -01-0.0200     1.60   +02                                 1105200200050 
 7.50   -01-0.1100     1.73   +02                                 1105200200051 
 7.50   -01-0.2000     2.30   +02                                 1105200200052 
 7.50   -01-0.3100     2.35   +02                                 1105200200053 
 7.50   -01-0.4200     2.77   +02                                 1105200200054 
 7.50   -01-0.4900     3.23   +02                                 1105200200055 
 7.50   -01-0.5800     3.72   +02                                 1105200200056 
 7.50   -01-0.6600     4.25   +02                                 1105200200057 
 7.50   -01-0.7000     4.38   +02                                 1105200200058 
 7.50   -01-0.7600     4.50   +02                                 1105200200059 
 8.65   -01 0.71000    3.05   +02                                 1105200200060 
 8.65   -01 0.62000    2.62   +02                                 1105200200061 
 8.65   -01 0.50000    2.57   +02                                 1105200200062 
 8.65   -01 0.43000    2.15   +02                                 1105200200063 
 8.65   -01 0.33000    2.30   +02                                 1105200200064 
 8.65   -01 0.25000    2.00   +02                                 1105200200065 
 8.65   -01 0.15000    1.87   +02                                 1105200200066 
 8.65   -01 0.03000    1.80   +02                                 1105200200067 
 8.65   -01-0.0200     2.30   +02                                 1105200200068 
 8.65   -01-0.1000     2.42   +02                                 1105200200069 
 8.65   -01-0.2000     2.70   +02                                 1105200200070 
 8.65   -01-0.2800     3.10   +02                                 1105200200071 
 8.65   -01-0.3700     3.68   +02                                 1105200200072 
 8.65   -01-0.4600     4.10   +02                                 1105200200073 
 8.65   -01-0.5400     4.76   +02                                 1105200200074 
 8.65   -01-0.6200     4.82   +02                                 1105200200075 
 8.65   -01-0.6700     5.22   +02                                 1105200200076 
 8.65   -01-0.7200     5.44   +02                                 1105200200077 
 8.65   -01-0.7500     5.80   +02                                 1105200200078 
 8.65   -01-0.7900     6.38   +02                                 1105200200079 
 1.00   +00 0.49000    3.80   +02                                 1105200200080 
 1.00   +00 0.38000    3.23   +02                                 1105200200081 
 1.00   +00 0.30000    2.80   +02                                 1105200200082 
 1.00   +00 0.22000    2.72   +02                                 1105200200083 
 1.00   +00 0.13000    2.78   +02                                 1105200200084 
 1.00   +00 0.05000    2.82   +02                                 1105200200085 
 1.00   +00-0.1500     3.06   +02                                 1105200200086 
 1.00   +00-0.2400     3.42   +02                                 1105200200087 
 1.00   +00-0.3200     3.90   +02                                 1105200200088 
 1.00   +00-0.4400     4.30   +02                                 1105200200089 
 1.00   +00-0.5500     4.90   +02                                 1105200200090 
 1.00   +00-0.6800     5.12   +02                                 1105200200091 
 1.20   +00 0.49000    5.30   +02                                 1105200200092 
 1.20   +00 0.44000    4.52   +02                                 1105200200093 
 1.20   +00 0.35000    3.74   +02                                 1105200200094 
 1.20   +00 0.27000    3.20   +02                                 1105200200095 
 1.20   +00 0.17000    3.00   +02                                 1105200200096 
 1.20   +00 0.08000    2.80   +02                                 1105200200097 
 1.20   +00-0.0100     2.90   +02                                 1105200200098 
 1.20   +00-0.0800     2.92   +02                                 1105200200099 
 1.20   +00-0.1900     3.36   +02                                 1105200200100 
 1.20   +00-0.2700     3.83   +02                                 1105200200101 
 1.20   +00-0.3500     4.04   +02                                 1105200200102 
 1.20   +00-0.4300     4.40   +02                                 1105200200103 
 1.20   +00-0.5100     4.27   +02                                 1105200200104 
 1.20   +00-0.5900     4.95   +02                                 1105200200105 
 1.20   +00-0.7100     5.43   +02                                 1105200200106 
 1.20   +00-0.7900     5.50   +02                                 1105200200107 
 1.40   +00 0.48000    4.78   +02                                 1105200200108 
 1.40   +00 0.43000    4.15   +02                                 1105200200109 
 1.40   +00 0.34000    3.50   +02                                 1105200200110 
 1.40   +00 0.23000    3.27   +02                                 1105200200111 
 1.40   +00 0.16000    2.92   +02                                 1105200200112 
 1.40   +00 0.09000    2.55   +02                                 1105200200113 
 1.40   +00 0.02000    2.74   +02                                 1105200200114 
 1.40   +00-0.0500     2.58   +02                                 1105200200115 
 1.40   +00-0.1300     2.24   +02                                 1105200200116 
 1.40   +00-0.2200     2.26   +02                                 1105200200117 
 1.40   +00-0.3100     2.40   +02                                 1105200200118 
 1.40   +00-0.4200     2.73   +02                                 1105200200119 
 1.40   +00-0.5000     2.62   +02                                 1105200200120 
 1.40   +00-0.5700     2.85   +02                                 1105200200121 
 1.40   +00-0.6500     3.13   +02                                 1105200200122 
 1.40   +00-0.7300     3.47   +02                                 1105200200123 
 1.70   +00 0.46000    4.25   +02                                 1105200200124 
 1.70   +00 0.41000    3.74   +02                                 1105200200125 
 1.70   +00 0.32000    3.25   +02                                 1105200200126 
 1.70   +00 0.22000    2.77   +02                                 1105200200127 
 1.70   +00 0.13000    2.55   +02                                 1105200200128 
 1.70   +00 0.05000    2.37   +02                                 1105200200129 
 1.70   +00-0.1200     1.97   +02                                 1105200200130 
 1.70   +00-0.2000     1.80   +02                                 1105200200131 
 1.70   +00-0.2800     1.88   +02                                 1105200200132 
 1.70   +00-0.3800     1.76   +02                                 1105200200133 
 1.70   +00-0.4700     1.77   +02                                 1105200200134 
 1.70   +00-0.5500     1.95   +02                                 1105200200135 
 1.70   +00-0.6500     2.15   +02                                 1105200200136 
 1.70   +00-0.7500     2.15   +02                                 1105200200137 
 2.00   +00 0.55000    4.04   +02                                 1105200200138 
 2.00   +00 0.43000    3.34   +02                                 1105200200139 
 2.00   +00 0.36000    2.95   +02                                 1105200200140 
 2.00   +00 0.26000    2.53   +02                                 1105200200141 
 2.00   +00 0.19000    2.20   +02                                 1105200200142 
 2.00   +00 0.11000    1.87   +02                                 1105200200143 
 2.00   +00 0.01000    1.72   +02                                 1105200200144 
 2.00   +00-0.0700     1.57   +02                                 1105200200145 
 2.00   +00-0.1700     1.52   +02                                 1105200200146 
 2.00   +00-0.2900     1.50   +02                                 1105200200147 
 2.00   +00-0.3900     1.45   +02                                 1105200200148 
 2.00   +00-0.4800     1.44   +02                                 1105200200149 
 2.00   +00-0.5400     1.47   +02                                 1105200200150 
 2.00   +00-0.6000     1.44   +02                                 1105200200151 
 2.00   +00-0.7200     1.48   +02                                 1105200200152 
 2.00   +00-0.7900     1.55   +02                                 1105200200153 
 2.40   +00 0.61000    3.26   +02                                 1105200200154 
 2.40   +00 0.51000    2.80   +02                                 1105200200155 
 2.40   +00 0.46000    2.55   +02                                 1105200200156 
 2.40   +00 0.38000    2.40   +02                                 1105200200157 
 2.40   +00 0.28000    2.00   +02                                 1105200200158 
 2.40   +00 0.22000    1.73   +02                                 1105200200159 
 2.40   +00 0.14000    1.48   +02                                 1105200200160 
 2.40   +00 0.03000    1.35   +02                                 1105200200161 
 2.40   +00-0.0500     1.21   +02                                 1105200200162 
 2.40   +00-0.1100     1.14   +02                                 1105200200163 
 2.40   +00-0.1900     1.05   +02                                 1105200200164 
 2.40   +00-0.2600     1.00   +02                                 1105200200165 
 2.40   +00-0.3300     1.12   +02                                 1105200200166 
 2.40   +00-0.4300     9.8    +01                                 1105200200167 
 2.40   +00-0.5300     9.0    +01                                 1105200200168 
 2.40   +00-0.5900     1.02   +02                                 1105200200169 
 2.40   +00-0.6900     1.05   +02                                 1105200200170 
 2.40   +00-0.7900     9.6    +01                                 1105200200171 
 2.40   +00-0.8800     1.01   +02                                 1105200200172 
 2.73   +00 0.59000    2.78   +02                                 1105200200173 
 2.73   +00 0.51000    2.58   +02                                 1105200200174 
 2.73   +00 0.43000    2.25   +02                                 1105200200175 
 2.73   +00 0.36000    1.90   +02                                 1105200200176 
 2.73   +00 0.26000    1.63   +02                                 1105200200177 
 2.73   +00 0.18000    1.27   +02                                 1105200200178 
 2.73   +00 0.10000    1.17   +02                                 1105200200179 
 2.73   +00 0.02000    1.03   +02                                 1105200200180 
 2.73   +00-0.0700     9.5    +01                                 1105200200181 
 2.73   +00-0.1900     8.9    +01                                 1105200200182 
 2.73   +00-0.2500     7.4    +01                                 1105200200183 
 2.73   +00-0.3400     7.6    +01                                 1105200200184 
 2.73   +00-0.4400     8.3    +01                                 1105200200185 
 2.73   +00-0.5000     7.2    +01                                 1105200200186 
 2.73   +00-0.5600     8.2    +01                                 1105200200187 
 2.73   +00-0.6300     7.3    +01                                 1105200200188 
 2.73   +00-0.7100     8.4    +01                                 1105200200189 
 2.73   +00-0.8000     7.4    +01                                 1105200200190 
 2.73   +00-0.8900     7.5    +01                                 1105200200191 
ENDDATA            183          0                                 1105200200192 
ENDSUBENT          191          0                                 1105200299999 
SUBENT        11052003   19820106                             00001105200300001 
BIB                  2          3                                 1105200300002 
REACTION  1(2-HE-4(N,0),,J)                                       1105200300003 
          2(2-HE-4(N,0),,L)                                       1105200300004 
COMMENT    RESONANCE ASSIGNED AS P3/2.                            1105200300005 
ENDBIB               3          0                                 1105200300006 
NOCOMMON             0          0                                 1105200300007 
DATA                 3          1                                 1105200300008 
EN-RES     DATA      1DATA      2                                 1105200300009 
MEV        NO-DIM     NO-DIM                                      1105200300010 
 1.15   +00 1.5        1.                                         1105200300011 
ENDDATA              3          0                                 1105200300012 
ENDSUBENT           11          0                                 1105200399999 
ENDENTRY             3          0                                 1105299999999 
