ENTRY            11078   19820106                             00001107800000001 
SUBENT        11078001   19820106                             00001107800100001 
BIB                  6          7                                 1107800100002 
INSTITUTE  (1USACAR)                                              1107800100003 
REFERENCE  (J,PR,95,591,5407)                                     1107800100004 
AUTHOR     (A.J.HARTZLER,R.T.SIEGEL,W.OPITZ)                      1107800100005 
TITLE      SMALL-ANGLE NEUTRON-PROTON SCATTERING AT 400 MEV.      1107800100006 
STATUS     (SCSRS)                                                1107800100007 
HISTORY    (760628T) TRANSLATED FROM SCISRS                       1107800100008 
           (820106A) CONVERTED TO REACTION FORMALISM              1107800100009 
ENDBIB               7          0                                 1107800100010 
NOCOMMON             0          0                                 1107800100011 
ENDSUBENT           10          0                                 1107800199999 
SUBENT        11078002   19860331                             00001107800200001 
BIB                  4          4                                 1107800200002 
REACTION   (1-H-1(N,EL)1-H-1,,DA)                                 1107800200003 
DETECTOR   (TELES)    COUNTER TELESCOPE                           1107800200004 
MONITOR    (1-H-0(N,EL)1-H-0,,SIG)                                1107800200005 
HISTORY    (860331A) BIB, DATA HEADING CORRECTIONS.               1107800200006 
ENDBIB               4          0                                 1107800200007 
COMMON               3          3                                 1107800200008 
EN         EN-RSL     MONIT                                       1107800200009 
MEV        MEV        MB                                          1107800200010 
 4.00   +02 1.5    +01 33.                                        1107800200011 
ENDCOMMON            3          0                                 1107800200012 
DATA                 3         23                                 1107800200013 
COS-CM     DATA-CM    DATA-ERR                                    1107800200014 
NO-DIM     MB/SR      MB/SR                                       1107800200015 
 0.97600    3.73   +00 2.10   +00                                 1107800200016 
 0.96600    4.43   +00 4.6    -01                                 1107800200017 
 0.94000    3.07   +00 3.7    -01                                 1107800200018 
 0.86600    2.84   +00 5.7    -01                                 1107800200019 
 0.76600    3.33   +00 2.0    -01                                 1107800200020 
 0.70700    3.35   +00 2.0    -01                                 1107800200021 
 0.64300    3.38   +00 1.2    -01                                 1107800200022 
 0.57400    2.56   +00 2.3    -01                                 1107800200023 
 0.50000    2.48   +00 8.     -02                                 1107800200024 
 0.34200    2.22   +00 9.     -02                                 1107800200025 
 0.17400    1.85   +00 6.     -02                                 1107800200026 
 0.00000    1.54   +00 6.     -02                                 1107800200027 
-0.1740     1.42   +00 8.     -02                                 1107800200028 
-0.3420     1.50   +00 8.     -02                                 1107800200029 
-0.5000     1.94   +00 8.     -02                                 1107800200030 
-0.6430     2.50   +00 9.     -02                                 1107800200031 
-0.7660     3.21   +00 9.     -02                                 1107800200032 
-0.8660     4.17   +00 1.1    -01                                 1107800200033 
-0.9400     5.25   +00 1.4    -01                                 1107800200034 
-0.9660     5.82   +00 2.2    -01                                 1107800200035 
-0.9850     7.93   +00 2.8    -01                                 1107800200036 
-0.9962     9.57   +00 3.4    -01                                 1107800200037 
-1.         1.349  +01 9.1    -01                                 1107800200038 
ENDDATA             25          0                                 1107800200039 
ENDSUBENT           38          0                                 1107800299999 
ENDENTRY             2          0                                 1107899999999 
