ENTRY            11074   19820106                             00001107400000001 
SUBENT        11074001   19820106                             00001107400100001 
BIB                  7          8                                 1107400100002 
INSTITUTE  (1USARIC)                                              1107400100003 
REFERENCE  (J,PR,94,651,5405)                                     1107400100004 
AUTHOR     (C.F.COOK,T.W.BONNER)                                  1107400100005 
TITLE      SCATTERING OF FAST NEUTRONS IN LIGHT NUCLEI.           1107400100006 
INC-SPECT  ENERGY RESOLUTION 20 - 40 KEV.                         1107400100007 
STATUS     (SCSRS)                                                1107400100008 
HISTORY    (760628T) TRANSLATED FROM SCISRS                       1107400100009 
           (820106A) CONVERTED TO REACTION FORMALISM              1107400100010 
ENDBIB               8          0                                 1107400100011 
NOCOMMON             0          0                                 1107400100012 
ENDSUBENT           11          0                                 1107400199999 
SUBENT        11074002   19820106                             00001107400200001 
BIB                  1          1                                 1107400200002 
REACTION   (1-H-1(N,TOT),,SIG)                                    1107400200003 
ENDBIB               1          0                                 1107400200004 
NOCOMMON             0          0                                 1107400200005 
DATA                 3          8                                 1107400200006 
EN         DATA       DATA-ERR                                    1107400200007 
MEV        B          B                                           1107400200008 
 1.41   +01 6.90   -01 1.2    -02                                 1107400200009 
 1.50   +01 6.62   -01 1.0    -02                                 1107400200010 
 1.55   +01 6.48   -01 1.2    -02                                 1107400200011 
 1.60   +01 5.82   -01 3.0    -02                                 1107400200012 
 1.65   +01 6.09   -01 1.5    -02                                 1107400200013 
 1.70   +01 6.12   -01 3.0    -02                                 1107400200014 
 1.75   +01 5.87   -01 2.0    -02                                 1107400200015 
 1.80   +01 5.39   -01 1.5    -02                                 1107400200016 
ENDDATA             10          0                                 1107400200017 
ENDSUBENT           16          0                                 1107400299999 
SUBENT        11074003   19820106                             00001107400300001 
BIB                  1          1                                 1107400300002 
REACTION   (1-H-2(N,TOT),,SIG)                                    1107400300003 
ENDBIB               1          0                                 1107400300004 
NOCOMMON             0          0                                 1107400300005 
DATA                 3          8                                 1107400300006 
EN         DATA       DATA-ERR                                    1107400300007 
MEV        B          B                                           1107400300008 
 1.410  +01 7.90   -01 2.0    -02                                 1107400300009 
 1.500  +01 7.70   -01 2.0    -02                                 1107400300010 
 1.550  +01 7.10   -01 2.0    -02                                 1107400300011 
 1.600  +01 6.80   -01 3.0    -02                                 1107400300012 
 1.650  +01 6.60   -01 2.0    -02                                 1107400300013 
 1.700  +01 6.30   -01 3.0    -02                                 1107400300014 
 1.750  +01 5.80   -01 2.0    -02                                 1107400300015 
 1.800  +01 5.60   -01 3.0    -02                                 1107400300016 
ENDDATA             10          0                                 1107400300017 
ENDSUBENT           16          0                                 1107400399999 
SUBENT        11074004   19820106                             00001107400400001 
BIB                  1          1                                 1107400400002 
REACTION   (3-LI-0(N,TOT),,SIG)                                   1107400400003 
ENDBIB               1          0                                 1107400400004 
NOCOMMON             0          0                                 1107400400005 
DATA                 3          8                                 1107400400006 
EN         DATA       DATA-ERR                                    1107400400007 
MEV        B          B                                           1107400400008 
 1.410  +01 1.46   +00 3.     -02                                 1107400400009 
 1.500  +01 1.41   +00 2.     -02                                 1107400400010 
 1.550  +01 1.41   +00 3.     -02                                 1107400400011 
 1.600  +01 1.33   +00 3.     -02                                 1107400400012 
 1.650  +01 1.27   +00 3.     -02                                 1107400400013 
 1.700  +01 1.29   +00 2.     -02                                 1107400400014 
 1.750  +01 1.24   +00 2.     -02                                 1107400400015 
 1.800  +01 1.20   +00 2.     -02                                 1107400400016 
ENDDATA             10          0                                 1107400400017 
ENDSUBENT           16          0                                 1107400499999 
SUBENT        11074005   19820106                             00001107400500001 
BIB                  1          1                                 1107400500002 
REACTION   (4-BE-9(N,TOT),,SIG)                                   1107400500003 
ENDBIB               1          0                                 1107400500004 
NOCOMMON             0          0                                 1107400500005 
DATA                 3          8                                 1107400500006 
EN         DATA       DATA-ERR                                    1107400500007 
MEV        B          B                                           1107400500008 
 1.410  +01 1.49   +00 2.     -02                                 1107400500009 
 1.500  +01 1.47   +00 2.     -02                                 1107400500010 
 1.550  +01 1.42   +00 3.     -02                                 1107400500011 
 1.600  +01 1.45   +00 2.     -02                                 1107400500012 
 1.650  +01 1.46   +00 2.     -02                                 1107400500013 
 1.700  +01 1.43   +00 3.     -02                                 1107400500014 
 1.750  +01 1.39   +00 2.     -02                                 1107400500015 
 1.800  +01 1.38   +00 3.     -02                                 1107400500016 
ENDDATA             10          0                                 1107400500017 
ENDSUBENT           16          0                                 1107400599999 
SUBENT        11074006   19820106                             00001107400600001 
BIB                  2          2                                 1107400600002 
REACTION   (5-B-10(N,TOT),,SIG)                                   1107400600003 
HISTORY    (840123A) ENERGY UNITS CORRECTED                       1107400600004 
ENDBIB               2          0                                 1107400600005 
NOCOMMON             0          0                                 1107400600006 
DATA                 3          8                                 1107400600007 
EN         DATA       DATA-ERR                                    1107400600008 
MEV        B          B                                           1107400600009 
1.410   +01 1.45       2.     -02                                 1107400600010 
1.500   +01 1.48       3.     -02                                 1107400600011 
1.550   +01 1.46       2.     -02                                 1107400600012 
1.600   +01 1.46       3.     -02                                 1107400600013 
1.650   +01 1.44       2.     -02                                 1107400600014 
1.700   +01 1.42       2.     -02                                 1107400600015 
1.700   +01 1.48       4.     -02                                 1107400600016 
1.800   +01 1.42       3.     -02                                 1107400600017 
ENDDATA             10          0                                 1107400600018 
ENDSUBENT           17          0                                 1107400699999 
SUBENT        11074007   19820106                             00001107400700001 
BIB                  1          1                                 1107400700002 
REACTION   (5-B-11(N,TOT),,SIG)                                   1107400700003 
ENDBIB               1          0                                 1107400700004 
NOCOMMON             0          0                                 1107400700005 
DATA                 3          8                                 1107400700006 
EN         DATA       DATA-ERR                                    1107400700007 
MEV        B          B                                           1107400700008 
 1.410  +01 1.43   +00 2.     -02                                 1107400700009 
 1.500  +01 1.42   +00 3.     -02                                 1107400700010 
 1.550  +01 1.44   +00 2.     -02                                 1107400700011 
 1.600  +01 1.45   +00 2.     -02                                 1107400700012 
 1.650  +01 1.41   +00 3.     -02                                 1107400700013 
 1.700  +01 1.41   +00 3.     -02                                 1107400700014 
 1.750  +01 1.34   +00 3.     -02                                 1107400700015 
 1.800  +01 1.30   +00 3.     -02                                 1107400700016 
ENDDATA             10          0                                 1107400700017 
ENDSUBENT           16          0                                 1107400799999 
SUBENT        11074008   19820106                             00001107400800001 
BIB                  1          1                                 1107400800002 
REACTION   (6-C-0(N,TOT),,SIG)                                    1107400800003 
ENDBIB               1          0                                 1107400800004 
NOCOMMON             0          0                                 1107400800005 
DATA                 3          8                                 1107400800006 
EN         DATA       DATA-ERR                                    1107400800007 
MEV        B          PER-CENT                                    1107400800008 
 1.410  +01 1.29   +00    2.0                                     1107400800009 
 1.500  +01 1.35   +00    1.0                                     1107400800010 
 1.550  +01 1.38   +00    1.0                                     1107400800011 
 1.600  +01 1.40   +00    1.0                                     1107400800012 
 1.650  +01 1.37   +00    1.0                                     1107400800013 
 1.700  +01 1.33   +00    2.0                                     1107400800014 
 1.750  +01 1.33   +00    2.0                                     1107400800015 
 1.800  +01 1.34   +00    1.0                                     1107400800016 
ENDDATA             10          0                                 1107400800017 
ENDSUBENT           16          0                                 1107400899999 
SUBENT        11074009   19820106                             00001107400900001 
BIB                  2          2                                 1107400900002 
REACTION   (8-O-0(N,TOT),,SIG)                                    1107400900003 
SAMPLE     H2O SAMPLE                                             1107400900004 
ENDBIB               2          0                                 1107400900005 
NOCOMMON             0          0                                 1107400900006 
DATA                 3          8                                 1107400900007 
EN         DATA       DATA-ERR                                    1107400900008 
MEV        B          B                                           1107400900009 
 1.410  +01 1.65   +00 5.     -02                                 1107400900010 
 1.50   +01 1.67   +00 5.     -02                                 1107400900011 
 1.55   +01 1.63   +00 5.     -02                                 1107400900012 
 1.60   +01 1.51   +00 7.     -02                                 1107400900013 
 1.65   +01 1.59   +00 5.     -02                                 1107400900014 
 1.70   +01 1.53   +00 6.     -02                                 1107400900015 
 1.75   +01 1.59   +00 6.     -02                                 1107400900016 
 1.80   +01 1.60   +00 5.     -02                                 1107400900017 
ENDDATA             10          0                                 1107400900018 
ENDSUBENT           17          0                                 1107400999999 
SUBENT        11074010   19820106                             00001107401000001 
BIB                  1          1                                 1107401000002 
REACTION   (12-MG-0(N,TOT),,SIG)                                  1107401000003 
ENDBIB               1          0                                 1107401000004 
NOCOMMON             0          0                                 1107401000005 
DATA                 3          3                                 1107401000006 
EN         DATA       DATA-ERR                                    1107401000007 
MEV        B          PER-CENT                                    1107401000008 
 1.410  +01 1.74   +00    3.0                                     1107401000009 
 1.600  +01 1.72   +00    3.0                                     1107401000010 
 1.800  +01 1.69   +00    3.0                                     1107401000011 
ENDDATA              5          0                                 1107401000012 
ENDSUBENT           11          0                                 1107401099999 
SUBENT        11074011   19820106                             00001107401100001 
BIB                  1          1                                 1107401100002 
REACTION   (13-AL-27(N,TOT),,SIG)                                 1107401100003 
ENDBIB               1          0                                 1107401100004 
NOCOMMON             0          0                                 1107401100005 
DATA                 3          3                                 1107401100006 
EN         DATA       DATA-ERR                                    1107401100007 
MEV        B          PER-CENT                                    1107401100008 
 1.410  +01 1.75   +00    3.0                                     1107401100009 
 1.600  +01 1.67   +00    3.0                                     1107401100010 
 1.800  +01 1.58   +00    3.0                                     1107401100011 
ENDDATA              5          0                                 1107401100012 
ENDSUBENT           11          0                                 1107401199999 
SUBENT        11074012   19820106                             00001107401200001 
BIB                  1          1                                 1107401200002 
REACTION   (16-S-0(N,TOT),,SIG)                                   1107401200003 
ENDBIB               1          0                                 1107401200004 
COMMON               1          3                                 1107401200005 
DATA-ERR                                                          1107401200006 
PER-CENT                                                          1107401200007 
 3.0                                                              1107401200008 
ENDCOMMON            3          0                                 1107401200009 
DATA                 2          3                                 1107401200010 
EN         DATA                                                   1107401200011 
MEV        B                                                      1107401200012 
 1.410  +01 2.00   +00                                            1107401200013 
 1.600  +01 1.90   +00                                            1107401200014 
 1.800  +01 1.81   +00                                            1107401200015 
ENDDATA              5          0                                 1107401200016 
ENDSUBENT           15          0                                 1107401299999 
ENDENTRY            12          0                                 1107499999999 
