ENTRY            11091   19830909                             00001109100000001 
SUBENT        11091001   19830909                             00001109100100001 
BIB                  7         10                                 1109100100002 
INSTITUTE  (1USALAS)                                              1109100100003 
REFERENCE  (J,PR,101,759,56)                                      1109100100004 
AUTHOR     (R.G.THOMAS,M.WALT,R.B.WALTON,R.C.ALLEN)               1109100100005 
TITLE      SPIN DEPENDENCE OF THE S-WAVE NEUTRON INTERACTION WITH 1109100100006 
           LI7.                                                   1109100100007 
DETECTOR   (PROPC)                                                1109100100008 
STATUS     (SCSRS)                                                1109100100009 
HISTORY    (760628T) TRANSLATED FROM SCISRS                       1109100100010 
           (820106A) CONVERTED TO REACTION FORMALISM              1109100100011 
           (830817A) BIB,DATA HEADING CORRECTIONS.                1109100100012 
ENDBIB              10          0                                 1109100100013 
COMMON               1          3                                 1109100100014 
EN-ERR                                                            1109100100015 
KEV                                                               1109100100016 
 2.5                                                              1109100100017 
ENDCOMMON            3          0                                 1109100100018 
ENDSUBENT           17          0                                 1109100199999 
SUBENT        11091002   19830909                             00001109100200001 
BIB                  2          2                                 1109100200002 
REACTION   (3-LI-7(N,EL)3-LI-7,,SIG)                              1109100200003 
STATUS     (DEP,11091003) INTEGRATED ANGULAR DISTRIBUTION         1109100200004 
ENDBIB               2          0                                 1109100200005 
NOCOMMON             0          0                                 1109100200006 
DATA                 3          1                                 1109100200007 
EN         EN-RSL     DATA                                        1109100200008 
MEV        MEV        B                                           1109100200009 
 2.10   -01 1.0    -02 1.8    +00                                 1109100200010 
ENDDATA              3          0                                 1109100200011 
ENDSUBENT           10          0                                 1109100299999 
SUBENT        11091003   19830909                             00001109100300001 
BIB                  1          1                                 1109100300002 
REACTION   (3-LI-7(N,EL)3-LI-7,,DA)                               1109100300003 
ENDBIB               1          0                                 1109100300004 
NOCOMMON             0          0                                 1109100300005 
DATA                 5         28                                 1109100300006 
EN         EN-RSL     COS-CM     DATA-CM    DATA-ERR              1109100300007 
MEV        MEV        NO-DIM     MB/SR      MB/SR                 1109100300008 
 2.10   -01 1.0    -02 0.85000    3.12   +02 2.5    +01           1109100300009 
 2.10   -01 1.0    -02 0.40000    1.83   +02 2.4    +01           1109100300010 
 2.10   -01 1.0    -02-0.1300     9.6    +01 2.1    +01           1109100300011 
 2.10   -01 1.0    -02-0.6000     1.3    +01 3.5    +01           1109100300012 
 2.29   -01 1.5    -02 0.83000    5.50   +02 2.4    +01           1109100300013 
 2.29   -01 1.5    -02 0.64000    4.95   +02 2.1    +01           1109100300014 
 2.29   -01 1.5    -02 0.38000    3.65   +02 1.9    +01           1109100300015 
 2.29   -01 1.5    -02 0.10000    2.85   +02 1.9    +01           1109100300016 
 2.29   -01 1.5    -02-0.1800     2.15   +02 1.9    +01           1109100300017 
 2.29   -01 1.5    -02-0.4000     1.91   +02 1.9    +01           1109100300018 
 2.29   -01 1.5    -02-0.6000     1.28   +02 1.9    +01           1109100300019 
 2.29   -01 1.5    -02-0.7800     1.12   +02 1.9    +01           1109100300020 
 2.59   -01 1.5    -02 0.84000    1.270  +03 1.43   +02           1109100300021 
 2.59   -01 1.5    -02 0.65000    1.050  +03 4.6    +01           1109100300022 
 2.59   -01 1.5    -02 0.44000    8.60   +02 3.8    +01           1109100300023 
 2.59   -01 1.5    -02 0.20000    7.60   +02 4.0    +01           1109100300024 
 2.59   -01 1.5    -02-0.1400     6.70   +02 4.0    +01           1109100300025 
 2.59   -01 1.5    -02-0.4000     7.50   +02 4.8    +01           1109100300026 
 2.59   -01 1.5    -02-0.6000     9.20   +02 5.2    +01           1109100300027 
 2.59   -01 1.5    -02-0.8000     1.120  +03 8.0    +01           1109100300028 
 2.75   -01 1.5    -02 0.84000    4.60   +02 4.0    +01           1109100300029 
 2.75   -01 1.5    -02 0.66000    4.50   +02 1.7    +01           1109100300030 
 2.75   -01 1.5    -02 0.44000    4.10   +02 2.4    +01           1109100300031 
 2.75   -01 1.5    -02 0.20000    3.50   +02 1.7    +01           1109100300032 
 2.75   -01 1.5    -02-0.1500     3.58   +02 1.7    +01           1109100300033 
 2.75   -01 1.5    -02-0.4000     4.30   +02 2.4    +01           1109100300034 
 2.75   -01 1.5    -02-0.6000     5.02   +02 2.4    +01           1109100300035 
 2.75   -01 1.5    -02-0.7800     6.37   +02 2.7    +01           1109100300036 
ENDDATA             30          0                                 1109100300037 
ENDSUBENT           36          0                                 1109100399999 
SUBENT        11091004   19820106                             00001109100400001 
BIB                  3          8                                 1109100400002 
REACTION  1(3-LI-7(N,0),,L)                                       1109100400003 
          2(3-LI-7(N,0),,J)                                       1109100400004 
ANALYSIS   USING MEASURED ANGULAR DISTRIBUTIONS AND KNOWN VALUES  1109100400005 
            OF THE COHERENT AND INCOHERENT SCATTERING CROSS       1109100400006 
            SECTIONS AT ZERO ENERGY, AUTHORS CONCLUDE BOUND LEVEL 1109100400007 
            IS PROBABLY S-WAVE WITH J=2.                          1109100400008 
           * RESONANCE ENERGY IS ASSIGNED BY COMPILER.            1109100400009 
HISTORY    (780925C)                                              1109100400010 
ENDBIB               8          0                                 1109100400011 
NOCOMMON             0          0                                 1109100400012 
DATA                 3          1                                 1109100400013 
EN-RES     DATA      1DATA      2                                 1109100400014 
KEV        NO-DIM     NO-DIM                                      1109100400015 
-1.0        0.         2.                                         1109100400016 
ENDDATA              3          0                                 1109100400017 
ENDSUBENT           16          0                                 1109100499999 
ENDENTRY             4          0                                 1109199999999 
