ENTRY            11106   20200229                             146411106  0    1 
SUBENT        11106001   20200229                             146411106  1    1 
BIB                 11         22                                 11106  1    2 
INSTITUTE  (1USALOK)                                              11106  1    3 
REFERENCE  (J,PR,118,683,1960)                                    11106  1    4 
AUTHOR     (F.J.Vaughn,W.L.Imhof,R.G.Johnson,M.Walt)              11106  1    5 
TITLE      Total neutron cross sections of helium, neon, argon,   11106  1    6 
           krypton and xenon.                                     11106  1    7 
FACILITY   (VDG,1USALOK)                                          11106  1    8 
INC-SOURCE (P-LI7) 122-1180 keV                                   11106  1    9 
           (P-T) 370 keV-2.45 MeV                                 11106  1   10 
           (D-D) 2.39-6.23 MeV                                    11106  1   11 
           (D-T) 12.1-19.8 MeV                                    11106  1   12 
METHOD     (TRN)                                                  11106  1   13 
DETECTOR   (SCIN) Li6I detector for neutrons up to about 800 keV. 11106  1   14 
            Plastic scintillator for energies above 800 keV.      11106  1   15 
ERR-ANALYS (DATA-ERR) Indicated error bars include statistical    11106  1   16 
            errors and errors in areal densities of gas samples   11106  1   17 
STATUS     (SCSRS)                                                11106  1   18 
            Data correspond to figs.1-6 in Phys.Rev.118,683,1960  11106  1   19 
HISTORY    (19760628T) Translated from SCISRS                     11106  1   20 
           (19800814A) Converted to reaction formalism            11106  1   21 
           (19820107U) BIB update                                 11106  1   22 
           (20200228U) OS. Added METHOD, DETECTOR, ERR-ANALYS.    11106  1   23 
            Other minor BIB changes. Converted to lower case.     11106  1   24 
ENDBIB              22          0                                 11106  1   25 
NOCOMMON             0          0                                 11106  1   26 
ENDSUBENT           25          0                                 11106  199999 
SUBENT        11106002   19800814                             00001110600200001 
BIB                  1          1                                 1110600200002 
REACTION   (2-HE-0(N,TOT),,SIG)                                   1110600200003 
ENDBIB               1          0                                 1110600200004 
NOCOMMON             0          0                                 1110600200005 
DATA                 4        139                                 1110600200006 
EN         EN-RSL     DATA       DATA-ERR                         1110600200007 
MEV        MEV        B          B                                1110600200008 
 1.22   -01 6.2    -02 8.07   -01 3.3    -02                      1110600200009 
 1.57   -01 7.0    -02 7.96   -01                                 1110600200010 
 1.81   -01 6.6    -02 7.72   -01                                 1110600200011 
 2.78   -01 5.8    -02 7.18   -01                                 1110600200012 
 3.62   -01 5.4    -02 9.22   -01                                 1110600200013 
 3.72   -01 3.8    -02 9.94   -01                                 1110600200014 
 3.91   -01 5.6    -02 1.198  +00                                 1110600200015 
 4.20   -01 5.5    -02 1.255  +00                                 1110600200016 
 4.72   -01 3.6    -02 1.374  +00                                 1110600200017 
 4.83   -01 5.0    -02 1.235  +00 3.2    -02                      1110600200018 
 5.90   -01 3.3    -02 1.817  +00                                 1110600200019 
 6.02   -01 3.0    -02 1.963  +00                                 1110600200020 
 7.23   -01 3.1    -02 3.039  +00                                 1110600200021 
 8.44   -01 3.0    -02 4.720  +00                                 1110600200022 
 8.44   -01 3.0    -02 4.567  +00                                 1110600200023 
 9.07   -01 1.4    -02 5.759  +00                                 1110600200024 
 9.25   -01 2.9    -02 6.086  +00                                 1110600200025 
 9.26   -01 2.9    -02 5.818  +00                                 1110600200026 
 9.39   -01 1.3    -02 6.025  +00                                 1110600200027 
 9.72   -01 1.3    -02 6.567  +00                                 1110600200028 
 9.93   -01 2.8    -02 6.932  +00                                 1110600200029 
 9.97   -01 1.3    -02 7.409  +00                                 1110600200030 
 9.97   -01 1.3    -02 6.815  +00                                 1110600200031 
 1.019  +00 1.3    -02 7.471  +00 5.7    -02                      1110600200032 
 1.023  +00 1.3    -02 7.178  +00                                 1110600200033 
 1.023  +00 1.3    -02 7.043  +00                                 1110600200034 
 1.030  +00 4.5    -02 7.233  +00                                 1110600200035 
 1.055  +00 1.3    -02 7.422  +00                                 1110600200036 
 1.066  +00 4.4    -02 7.234  +00                                 1110600200037 
 1.076  +00 1.3    -02 7.374  +00                                 1110600200038 
 1.091  +00 1.3    -02 7.578  +00                                 1110600200039 
 1.101  +00 4.4    -02 7.577  +00                                 1110600200040 
 1.132  +00 1.3    -02 7.684  +00                                 1110600200041 
 1.143  +00 4.3    -02 7.387  +00 5.3    -02                      1110600200042 
 1.144  +00 2.8    -02 7.748  +00                                 1110600200043 
 1.144  +00 1.3    -02 7.211  +00                                 1110600200044 
 1.175  +00 1.2    -02 7.674  +00                                 1110600200045 
 1.183  +00 4.3    -02 7.192  +00                                 1110600200046 
 1.215  +00 1.2    -02 7.365  +00                                 1110600200047 
 1.253  +00 1.2    -02 7.112  +00                                 1110600200048 
 1.291  +00 1.2    -02 6.827  +00                                 1110600200049 
 1.302  +00 2.7    -02 6.773  +00                                 1110600200050 
 1.331  +00 1.2    -02 6.686  +00                                 1110600200051 
 1.337  +00 1.2    -02 6.597  +00                                 1110600200052 
 1.382  +00 2.6    -02 6.411  +00                                 1110600200053 
 1.462  +00 2.6    -02 5.900  +00                                 1110600200054 
 1.541  +00 2.5    -02 5.498  +00 6.9    -02                      1110600200055 
 1.620  +00 2.5    -02 5.036  +00                                 1110600200056 
 1.701  +00 2.4    -02 4.773  +00                                 1110600200057 
 1.780  +00 2.4    -02 4.559  +00                                 1110600200058 
 1.860  +00 2.3    -02 4.339  +00                                 1110600200059 
 1.942  +00 2.3    -02 4.033  +00                                 1110600200060 
 1.994  +00 1.0    -02 3.972  +00                                 1110600200061 
 2.020  +00 2.2    -02 3.858  +00                                 1110600200062 
 2.100  +00 2.2    -02 3.614  +00                                 1110600200063 
 2.178  +00 2.2    -02 3.736  +00                                 1110600200064 
 2.259  +00 2.1    -02 3.490  +00                                 1110600200065 
 2.299  +00 2.1    -02 3.416  +00                                 1110600200066 
 2.332  +00 2.1    -02 3.304  +00 5.8    -02                      1110600200067 
 2.381  +00 2.0    -02 3.287  +00                                 1110600200068 
 2.394  +00 1.3    -02 3.276  +00                                 1110600200069 
 2.406  +00 2.1    -02 3.253  +00                                 1110600200070 
 2.449  +00 1.3    -02 3.123  +00                                 1110600200071 
 2.453  +00 2.0    -02 3.110  +00                                 1110600200072 
 2.476  +00 5.7    -02 3.118  +00                                 1110600200073 
 2.495  +00 1.2    -02 3.210  +00                                 1110600200074 
 2.566  +00 5.6    -02 3.274  +00                                 1110600200075 
 2.604  +00 1.1    -02 3.53   +00 1.2    -01                      1110600200076 
 2.697  +00 3.4    -02 3.189  +00                                 1110600200077 
 2.836  +00 2.5    -02 2.880  +00                                 1110600200078 
 2.993  +00 8.8    -02 2.661  +00                                 1110600200079 
 3.042  +00 1.7    -02 2.896  +00 9.0    -02                      1110600200080 
 3.082  +00 7.3    -02 2.617  +00                                 1110600200081 
 3.143  +00 1.7    -02 2.688  +00                                 1110600200082 
 3.173  +00 6.3    -02 2.778  +00                                 1110600200083 
 3.264  +00 5.5    -02 2.795  +00                                 1110600200084 
 3.357  +00 5.1    -02 2.823  +00 8.2    -02                      1110600200085 
 3.454  +00 4.4    -02 2.728  +00                                 1110600200086 
 3.571  +00 3.9    -02 2.360  +00                                 1110600200087 
 3.680  +00 3.6    -02 2.338  +00                                 1110600200088 
 3.750  +00 2.15   -01 2.564  +00                                 1110600200089 
 3.793  +00 3.3    -02 2.378  +00                                 1110600200090 
 3.895  +00 1.87   -01 2.591  +00 4.4    -02                      1110600200091 
 3.916  +00 3.1    -02 2.472  +00                                 1110600200092 
 4.040  +00 1.66   -01 2.399  +00                                 1110600200093 
 4.168  +00 1.50   -01 2.415  +00                                 1110600200094 
 4.306  +00 1.37   -01 2.335  +00                                 1110600200095 
 4.445  +00 1.25   -01 2.424  +00                                 1110600200096 
 4.552  +00 1.17   -01 2.390  +00 3.7    -02                      1110600200097 
 4.669  +00 1.37   -01 2.164  +00                                 1110600200098 
 4.794  +00 1.28   -01 2.136  +00                                 1110600200099 
 4.919  +00 1.21   -01 2.238  +00                                 1110600200100 
 5.023  +00 1.15   -01 2.153  +00                                 1110600200101 
 5.145  +00 1.09   -01 2.209  +00                                 1110600200102 
 5.270  +00 1.63   -01 1.997  +00                                 1110600200103 
 5.270  +00 1.63   -01 1.852  +00                                 1110600200104 
 5.277  +00 1.04   -01 2.129  +00 2.9    -02                      1110600200105 
 5.430  +00 9.8    -02 2.177  +00                                 1110600200106 
 5.561  +00 9.4    -02 2.138  +00                                 1110600200107 
 5.572  +00 9.3    -02 2.331  +00                                 1110600200108 
 5.685  +00 8.8    -02 2.230  +00                                 1110600200109 
 5.827  +00 8.6    -02 2.093  +00                                 1110600200110 
 5.978  +00 8.2    -02 1.866  +00                                 1110600200111 
 6.105  +00 8.0    -02 2.021  +00                                 1110600200112 
 6.227  +00 7.7    -02 2.04   +00 3.1    -01                      1110600200113 
 1.208  +01 1.     -02 1.50   +00 2.2    -01                      1110600200114 
 1.253  +01 3.     -02 1.31   +00                                 1110600200115 
 1.318  +01            9.6    -01                                 1110600200116 
 1.354  +01            1.16   +00 1.0    -01                      1110600200117 
 1.388  +01 1.     -02 9.9    -01                                 1110600200118 
 1.432  +01 1.     -02 1.43   +00                                 1110600200119 
 1.493  +01 4.     -02 1.20   +00                                 1110600200120 
 1.538  +01 3.     -02 1.10   +00 1.0    -01                      1110600200121 
 1.598  +01 4.     -02 1.29   +00                                 1110600200122 
 1.648  +01 3.     -02 1.54   +00                                 1110600200123 
 1.698  +01 3.     -02 1.15   +00                                 1110600200124 
 1.720  +01 7.     -02 1.07   +00                                 1110600200125 
 1.726  +01 2.     -02 9.9    -01 2.1    -01                      1110600200126 
 1.748  +01 7.     -02 1.01   +00                                 1110600200127 
 1.770  +01 6.     -02 1.29   +00                                 1110600200128 
 1.791  +01 6.     -02 7.7    -01                                 1110600200129 
 1.791  +01 6.     -02 1.03   +00                                 1110600200130 
 1.816  +01 5.     -02 1.21   +00                                 1110600200131 
 1.840  +01 5.     -02 1.10   +00                                 1110600200132 
 1.864  +01 5.     -02 9.0    -01                                 1110600200133 
 1.865  +01 5.     -02 9.3    -01                                 1110600200134 
 1.893  +01 4.     -02 9.2    -01                                 1110600200135 
 1.909  +01 4.     -02 1.06   +00                                 1110600200136 
 1.914  +01 4.     -02 4.7    -01                                 1110600200137 
 1.919  +01 4.     -02 7.4    -01                                 1110600200138 
 1.922  +01 4.     -02 1.26   +00                                 1110600200139 
 1.926  +01 4.     -02 5.9    -01                                 1110600200140 
 1.926  +01 4.     -02 7.3    -01                                 1110600200141 
 1.941  +01 4.     -02 6.6    -01                                 1110600200142 
 1.947  +01 4.     -02 1.17   +00                                 1110600200143 
 1.950  +01 4.     -02 3.3    -01                                 1110600200144 
 1.972  +01 4.     -02 8.7    -01                                 1110600200145 
 1.977  +01 4.     -02 4.8    -01 1.2    -01                      1110600200146 
 1.977  +01 4.     -02 7.5    -01                                 1110600200147 
ENDDATA            141          0                                 1110600200148 
ENDSUBENT          147          0                                 1110600299999 
SUBENT        11106003   19800814                             00001110600300001 
BIB                  1          1                                 1110600300002 
REACTION   (10-NE-0(N,TOT),,SIG)                                  1110600300003 
ENDBIB               1          0                                 1110600300004 
NOCOMMON             0          0                                 1110600300005 
DATA                 4        164                                 1110600300006 
EN         EN-RSL     DATA       DATA-ERR                         1110600300007 
MEV        PER-CENT   B          PER-CENT                         1110600300008 
 1.57   -01   45.      1.946  +00    4.0                          1110600300009 
 1.81   -01   36.      1.819  +00                                 1110600300010 
 2.10   -01   30.      1.832  +00                                 1110600300011 
 2.45   -01   24.      1.750  +00                                 1110600300012 
 2.78   -01   21.      1.632  +00                                 1110600300013 
 3.05   -01   18.      1.815  +00                                 1110600300014 
 3.32   -01   17.      1.553  +00                                 1110600300015 
 3.51   -01   11.      1.173  +00                                 1110600300016 
 3.72   -01   10.      8.340  -01                                 1110600300017 
 3.94   -01   10.      4.840  -01   15.                           1110600300018 
 4.14   -01    9.0     4.530  -01                                 1110600300019 
 4.22   -01    9.0     4.050  -01                                 1110600300020 
 4.32   -01    9.0     4.100  -01                                 1110600300021 
 4.42   -01    8.0     6.250  -01                                 1110600300022 
 4.52   -01    8.0     1.046  +00                                 1110600300023 
 4.72   -01    8.0     2.122  +00                                 1110600300024 
 5.01   -01    7.0     4.494  +00                                 1110600300025 
 5.16   -01    7.0     4.673  +00                                 1110600300026 
 5.31   -01    6.0     4.810  +00                                 1110600300027 
 5.46   -01    6.0     4.950  +00    3.0                          1110600300028 
 5.60   -01    6.0     4.618  +00                                 1110600300029 
 5.90   -01    6.0     4.191  +00                                 1110600300030 
 6.08   -01    5.0     4.011  +00                                 1110600300031 
 6.20   -01    5.0     3.938  +00                                 1110600300032 
 6.34   -01    5.0     3.604  +00                                 1110600300033 
 6.47   -01    5.0     3.700  +00                                 1110600300034 
 6.52   -01    5.0     3.456  +00                                 1110600300035 
 6.69   -01    5.0     3.844  +00                                 1110600300036 
 6.82   -01    5.0     3.729  +00                                 1110600300037 
 6.82   -01    5.0     3.869  +00                                 1110600300038 
 7.02   -01    4.0     3.510  +00                                 1110600300039 
 7.23   -01    4.0     3.225  +00                                 1110600300040 
 7.63   -01    4.0     2.998  +00                                 1110600300041 
 8.03   -01    4.0     2.742  +00                                 1110600300042 
 8.44   -01    4.0     2.914  +00                                 1110600300043 
 8.44   -01    4.0     2.815  +00                                 1110600300044 
 8.85   -01    3.0     3.368  +00    2.0                          1110600300045 
 9.25   -01    3.0     4.138  +00                                 1110600300046 
 9.26   -01    3.0     4.129  +00                                 1110600300047 
 9.66   -01    3.0     2.764  +00                                 1110600300048 
 9.93   -01    3.0     2.258  +00                                 1110600300049 
 1.015  +00    3.0     2.546  +00                                 1110600300050 
 1.044  +00    3.0     2.476  +00                                 1110600300051 
 1.092  +00    2.0     2.188  +00                                 1110600300052 
 1.126  +00    2.0     2.147  +00                                 1110600300053 
 1.144  +00    2.0     2.327  +00                                 1110600300054 
 1.183  +00    2.0     2.298  +00                                 1110600300055 
 1.223  +00    2.0     1.967  +00                                 1110600300056 
 1.263  +00    2.0     2.697  +00                                 1110600300057 
 1.302  +00    2.0     3.367  +00    2.0                          1110600300058 
 1.342  +00    2.0     2.443  +00                                 1110600300059 
 1.382  +00    2.0     2.417  +00                                 1110600300060 
 1.421  +00    2.0     2.064  +00                                 1110600300061 
 1.462  +00    2.0     1.915  +00                                 1110600300062 
 1.501  +00    2.0     2.022  +00                                 1110600300063 
 1.541  +00    2.0     1.748  +00    3.0                          1110600300064 
 1.582  +00    2.0     2.160  +00                                 1110600300065 
 1.620  +00    2.0     2.955  +00                                 1110600300066 
 1.661  +00    1.0     2.573  +00                                 1110600300067 
 1.701  +00    1.0     1.930  +00                                 1110600300068 
 1.742  +00    1.0     1.843  +00                                 1110600300069 
 1.742  +00    1.0     1.908  +00                                 1110600300070 
 1.780  +00    1.0     1.642  +00                                 1110600300071 
 1.819  +00    1.0     1.545  +00                                 1110600300072 
 1.860  +00    1.0     1.761  +00                                 1110600300073 
 1.900  +00    1.0     2.186  +00                                 1110600300074 
 1.942  +00    1.0     2.894  +00                                 1110600300075 
 1.980  +00    1.0     3.820  +00                                 1110600300076 
 2.020  +00    1.0     2.224  +00                                 1110600300077 
 2.060  +00    1.0     2.747  +00                                 1110600300078 
 2.100  +00    1.0     5.510  +00                                 1110600300079 
 2.136  +00    1.0     4.343  +00                                 1110600300080 
 2.178  +00    1.0     2.397  +00                                 1110600300081 
 2.218  +00    1.0     1.626  +00                                 1110600300082 
 2.259  +00    1.0     2.178  +00                                 1110600300083 
 2.299  +00    1.0     2.277  +00                                 1110600300084 
 2.332  +00    1.0     2.550  +00    2.0                          1110600300085 
 2.381  +00    1.0     2.312  +00                                 1110600300086 
 2.394  +00    1.0     2.214  +00                                 1110600300087 
 2.406  +00    1.0     2.413  +00                                 1110600300088 
 2.449  +00    1.0     2.233  +00                                 1110600300089 
 2.453  +00    1.0     2.096  +00                                 1110600300090 
 2.476  +00    2.0     2.241  +00                                 1110600300091 
 2.495  +00    1.0     2.163  +00                                 1110600300092 
 2.566  +00    2.0     2.149  +00                                 1110600300093 
 2.604  +00    1.0     1.970  +00    6.0                          1110600300094 
 2.632  +00    2.0     2.043  +00                                 1110600300095 
 2.697  +00    1.0     2.346  +00                                 1110600300096 
 2.765  +00    1.0     2.231  +00                                 1110600300097 
 2.836  +00    1.0     2.128  +00                                 1110600300098 
 2.944  +00    1.0     1.938  +00                                 1110600300099 
 2.993  +00    3.0     1.736  +00                                 1110600300100 
 3.000  +00    1.0     1.498  +00                                 1110600300101 
 3.042  +00    1.0     1.413  +00    6.0                          1110600300102 
 3.082  +00    2.0     1.830  +00                                 1110600300103 
 3.128  +00    2.0     2.127  +00                                 1110600300104 
 3.143  +00    1.0     2.276  +00                                 1110600300105 
 3.173  +00    2.0     2.493  +00                                 1110600300106 
 3.219  +00    2.0     2.756  +00                                 1110600300107 
 3.264  +00    2.0     2.961  +00                                 1110600300108 
 3.311  +00    2.0     3.079  +00                                 1110600300109 
 3.357  +00    1.0     2.895  +00    3.0                          1110600300110 
 3.401  +00    1.0     2.603  +00                                 1110600300111 
 3.454  +00    1.0     2.469  +00                                 1110600300112 
 3.512  +00    1.0     1.841  +00                                 1110600300113 
 3.571  +00    1.0     1.861  +00                                 1110600300114 
 3.680  +00    1.0     1.790  +00                                 1110600300115 
 3.750  +00    6.0     1.860  +00                                 1110600300116 
 3.793  +00    1.0     1.916  +00                                 1110600300117 
 3.895  +00    5.0     1.953  +00    2.0                          1110600300118 
 3.916  +00    1.0     1.952  +00                                 1110600300119 
 4.040  +00    4.0     1.780  +00                                 1110600300120 
 4.168  +00    4.0     1.668  +00                                 1110600300121 
 4.306  +00    3.0     1.591  +00                                 1110600300122 
 4.445  +00    3.0     1.628  +00                                 1110600300123 
 4.552  +00    3.0     1.573  +00    2.0                          1110600300124 
 4.669  +00    3.0     1.402  +00                                 1110600300125 
 4.794  +00    3.0     1.310  +00                                 1110600300126 
 4.919  +00    2.0     1.418  +00                                 1110600300127 
 5.024  +00    2.0     1.508  +00                                 1110600300128 
 5.146  +00    2.0     1.666  +00                                 1110600300129 
 5.278  +00    2.0     1.634  +00    1.0                          1110600300130 
 5.279  +00    2.0     1.488  +00                                 1110600300131 
 5.431  +00    2.0     1.673  +00                                 1110600300132 
 5.562  +00    2.0     1.508  +00                                 1110600300133 
 5.686  +00    2.0     1.387  +00                                 1110600300134 
 5.828  +00    1.0     1.469  +00                                 1110600300135 
 5.979  +00    1.0     1.570  +00                                 1110600300136 
 6.096  +00    1.0     1.554  +00                                 1110600300137 
 6.228  +00    1.0     1.320  +00   16.                           1110600300138 
 1.208  +01    1.0     1.380  +00   17.                           1110600300139 
 1.253  +01    1.0     1.400  +00                                 1110600300140 
 1.318  +01    1.0     1.300  +00                                 1110600300141 
 1.354  +01    1.0     1.740  +00    6.0                          1110600300142 
 1.388  +01    1.0     1.570  +00                                 1110600300143 
 1.432  +01    1.0     1.580  +00                                 1110600300144 
 1.493  +01    1.0     1.570  +00                                 1110600300145 
 1.538  +01    1.0     1.630  +00    7.0                          1110600300146 
 1.598  +01    1.0     1.610  +00                                 1110600300147 
 1.648  +01    1.0     1.600  +00                                 1110600300148 
 1.698  +01    1.0     1.300  +00                                 1110600300149 
 1.720  +01    1.0     1.930  +00                                 1110600300150 
 1.726  +01    1.0     1.400  +00   15.                           1110600300151 
 1.748  +01    1.0     1.670  +00                                 1110600300152 
 1.770  +01    1.0     1.550  +00                                 1110600300153 
 1.791  +01    1.0     1.710  +00                                 1110600300154 
 1.791  +01    1.0     1.520  +00                                 1110600300155 
 1.816  +01    1.0     1.240  +00                                 1110600300156 
 1.840  +01    1.0     1.630  +00                                 1110600300157 
 1.864  +01    1.0     1.600  +00                                 1110600300158 
 1.865  +01    1.0     1.600  +00                                 1110600300159 
 1.893  +01    1.0     1.670  +00                                 1110600300160 
 1.909  +01    1.0     1.690  +00                                 1110600300161 
 1.913  +01    1.0     1.660  +00                                 1110600300162 
 1.919  +01    1.0     1.840  +00                                 1110600300163 
 1.922  +01    1.0     1.410  +00                                 1110600300164 
 1.926  +01    1.0     1.670  +00                                 1110600300165 
 1.926  +01    1.0     1.700  +00                                 1110600300166 
 1.941  +01    1.0     1.930  +00                                 1110600300167 
 1.947  +01    1.0     2.040  +00                                 1110600300168 
 1.950  +01    1.0     2.100  +00                                 1110600300169 
 1.972  +01    1.0     1.390  +00                                 1110600300170 
 1.977  +01    1.0     1.690  +00                                 1110600300171 
 1.977  +01    1.0     1.620  +00                                 1110600300172 
ENDDATA            166          0                                 1110600300173 
ENDSUBENT          172          0                                 1110600399999 
SUBENT        11106004   19800814                             00001110600400001 
BIB                  1          3                                 1110600400002 
REACTION  1(10-NE-20(N,0),,J)                                     1110600400003 
          2(10-NE-20(N,0),,L)                                     1110600400004 
          3(10-NE-20(N,TOT),,WID)                                 1110600400005 
ENDBIB               3          0                                 1110600400006 
NOCOMMON             0          0                                 1110600400007 
DATA                 6          1                                 1110600400008 
EN-RES     EN-RSL     DATA      1DATA      2DATA      3DATA-ERR  31110600400009 
MEV        MEV        NO-DIM     NO-DIM     KEV        KEV        1110600400010 
 4.73   -01 3.     -03 0.5        0.         107.       6.        1110600400011 
ENDDATA              3          0                                 1110600400012 
ENDSUBENT           11          0                                 1110600499999 
SUBENT        11106005   19800814                             00001110600500001 
BIB                  1          1                                 1110600500002 
REACTION   (18-AR-0(N,TOT),,SIG)                                  1110600500003 
ENDBIB               1          0                                 1110600500004 
NOCOMMON             0          0                                 1110600500005 
DATA                 4        159                                 1110600500006 
EN         EN-RSL     DATA       DATA-ERR                         1110600500007 
MEV        MEV        B          B                                1110600500008 
 1.22   -01 6.2    -02 1.606  +00 3.2    -02                      1110600500009 
 1.57   -01 7.0    -02 1.727  +00                                 1110600500010 
 1.81   -01 6.6    -02 1.759  +00                                 1110600500011 
 2.10   -01 6.3    -02 1.792  +00                                 1110600500012 
 2.45   -01 6.0    -02 1.851  +00                                 1110600500013 
 2.78   -01 5.8    -02 1.844  +00                                 1110600500014 
 3.05   -01 5.6    -02 1.845  +00                                 1110600500015 
 3.32   -01 5.5    -02 1.599  +00                                 1110600500016 
 3.62   -01 5.4    -02 1.610  +00                                 1110600500017 
 3.72   -01 3.9    -02 1.280  +00                                 1110600500018 
 3.91   -01 5.6    -02 1.729  +00                                 1110600500019 
 3.92   -01 5.3    -02 1.369  +00                                 1110600500020 
 4.20   -01 5.5    -02 1.341  +00                                 1110600500021 
 4.22   -01 5.2    -02 1.006  +00                                 1110600500022 
 4.52   -01 5.1    -02 1.438  +00                                 1110600500023 
 4.72   -01 3.6    -02 1.508  +00                                 1110600500024 
 4.83   -01 5.0    -02 1.422  +00 3.2    -02                      1110600500025 
 5.15   -01 4.9    -02 1.294  +00                                 1110600500026 
 5.42   -01 5.1    -02 9.88   -01                                 1110600500027 
 5.47   -01 4.8    -02 1.087  +00                                 1110600500028 
 5.47   -01 4.8    -02 1.079  +00                                 1110600500029 
 5.78   -01 4.7    -02 1.913  +00                                 1110600500030 
 5.84   -01 5.0    -02 1.724  +00                                 1110600500031 
 5.90   -01 3.3    -02 2.073  +00                                 1110600500032 
 6.27   -01 4.9    -02 1.797  +00                                 1110600500033 
 7.23   -01 3.1    -02 2.007  +00                                 1110600500034 
 8.44   -01 3.0    -02 1.342  +00                                 1110600500035 
 8.44   -01 3.0    -02 1.437  +00                                 1110600500036 
 9.07   -01 1.4    -02 1.742  +00                                 1110600500037 
 9.25   -01 2.9    -02 1.848  +00                                 1110600500038 
 9.26   -01 2.9    -02 1.735  +00                                 1110600500039 
 9.39   -01 1.3    -02 1.737  +00                                 1110600500040 
 9.72   -01 1.3    -02 1.482  +00                                 1110600500041 
 9.93   -01 2.8    -02 2.438  +00                                 1110600500042 
 9.97   -01 1.3    -02 2.542  +00                                 1110600500043 
 1.019  +00 1.3    -02 2.527  +00 3.8    -02                      1110600500044 
 1.023  +00 1.3    -02 2.034  +00                                 1110600500045 
 1.023  +00 1.3    -02 1.932  +00                                 1110600500046 
 1.030  +00 4.5    -02 2.426  +00                                 1110600500047 
 1.055  +00 1.3    -02 3.204  +00                                 1110600500048 
 1.066  +00 4.4    -02 2.240  +00                                 1110600500049 
 1.076  +00 1.3    -02 2.011  +00                                 1110600500050 
 1.091  +00 1.3    -02 1.850  +00                                 1110600500051 
 1.101  +00 4.4    -02 2.052  +00                                 1110600500052 
 1.132  +00 1.3    -02 1.690  +00                                 1110600500053 
 1.143  +00 4.3    -02 2.136  +00 3.0    -02                      1110600500054 
 1.144  +00 2.8    -02 3.656  +00                                 1110600500055 
 1.144  +00 1.3    -02 3.144  +00                                 1110600500056 
 1.183  +00 4.3    -02 2.201  +00                                 1110600500057 
 1.215  +00 1.2    -02 1.391  +00                                 1110600500058 
 1.253  +00 1.2    -02 3.169  +00                                 1110600500059 
 1.291  +00 1.2    -02 2.135  +00                                 1110600500060 
 1.302  +00 2.7    -02 2.327  +00                                 1110600500061 
 1.331  +00 1.2    -02 2.919  +00                                 1110600500062 
 1.337  +00 1.2    -02 3.062  +00                                 1110600500063 
 1.342  +00 2.7    -02 3.856  +00                                 1110600500064 
 1.382  +00 2.6    -02 3.408  +00                                 1110600500065 
 1.421  +00 2.6    -02 2.424  +00                                 1110600500066 
 1.462  +00 2.6    -02 3.395  +00                                 1110600500067 
 1.501  +00 2.5    -02 3.171  +00                                 1110600500068 
 1.541  +00 2.5    -02 3.767  +00 6.2    -02                      1110600500069 
 1.582  +00 2.5    -02 2.194  +00                                 1110600500070 
 1.620  +00 2.5    -02 2.938  +00                                 1110600500071 
 1.661  +00 2.4    -02 1.992  +00                                 1110600500072 
 1.701  +00 2.4    -02 2.516  +00                                 1110600500073 
 1.742  +00 2.4    -02 3.953  +00                                 1110600500074 
 1.742  +00 2.4    -02 3.869  +00                                 1110600500075 
 1.780  +00 2.4    -02 2.917  +00                                 1110600500076 
 1.819  +00 2.3    -02 3.111  +00                                 1110600500077 
 1.860  +00 2.3    -02 3.311  +00                                 1110600500078 
 1.900  +00 2.3    -02 4.218  +00                                 1110600500079 
 1.942  +00 2.3    -02 3.792  +00                                 1110600500080 
 1.980  +00 2.2    -02 3.271  +00                                 1110600500081 
 2.020  +00 2.2    -02 3.974  +00                                 1110600500082 
 2.060  +00 2.2    -02 3.660  +00                                 1110600500083 
 2.100  +00 2.2    -02 3.705  +00                                 1110600500084 
 2.136  +00 2.2    -02 3.434  +00                                 1110600500085 
 2.178  +00 2.2    -02 4.388  +00                                 1110600500086 
 2.218  +00 2.1    -02 4.146  +00                                 1110600500087 
 2.259  +00 2.1    -02 3.845  +00                                 1110600500088 
 2.299  +00 2.1    -02 2.952  +00                                 1110600500089 
 2.332  +00 2.1    -02 3.350  +00 5.8    -02                      1110600500090 
 2.381  +00 2.0    -02 3.800  +00                                 1110600500091 
 2.406  +00 2.1    -02 4.477  +00                                 1110600500092 
 2.449  +00 1.3    -02 3.630  +00                                 1110600500093 
 2.453  +00 2.0    -02 3.167  +00                                 1110600500094 
 2.476  +00 5.7    -02 3.455  +00                                 1110600500095 
 2.495  +00 1.2    -02 3.734  +00                                 1110600500096 
 2.566  +00 5.6    -02 3.729  +00                                 1110600500097 
 2.604  +00 1.1    -02 4.05   +00 1.2    -01                      1110600500098 
 2.697  +00 3.4    -02 3.720  +00                                 1110600500099 
 2.836  +00 2.6    -02 3.640  +00                                 1110600500100 
 2.993  +00 8.8    -02 3.703  +00                                 1110600500101 
 3.042  +00 1.9    -02 3.525  +00 9.3    -02                      1110600500102 
 3.082  +00 7.4    -02 3.393  +00                                 1110600500103 
 3.143  +00 1.7    -02 3.465  +00                                 1110600500104 
 3.173  +00 6.3    -02 3.259  +00                                 1110600500105 
 3.264  +00 5.5    -02 3.391  +00                                 1110600500106 
 3.357  +00 4.9    -02 3.235  +00 8.2    -02                      1110600500107 
 3.434  +00 4.4    -02 3.512  +00                                 1110600500108 
 3.571  +00 3.9    -02 3.262  +00                                 1110600500109 
 3.680  +00 3.6    -02 3.570  +00                                 1110600500110 
 3.750  +00 2.15   -01 3.179  +00                                 1110600500111 
 3.793  +00 3.3    -02 3.328  +00                                 1110600500112 
 3.895  +00 1.87   -01 3.360  +00 4.8    -02                      1110600500113 
 3.916  +00 3.1    -02 3.456  +00                                 1110600500114 
 4.040  +00 1.66   -01 3.350  +00                                 1110600500115 
 4.168  +00 1.50   -01 3.434  +00                                 1110600500116 
 4.306  +00 1.37   -01 3.178  +00                                 1110600500117 
 4.445  +00 1.25   -01 3.242  +00                                 1110600500118 
 4.552  +00 1.17   -01 3.304  +00 4.2    -02                      1110600500119 
 4.669  +00 1.37   -01 3.052  +00                                 1110600500120 
 4.794  +00 1.28   -01 3.124  +00                                 1110600500121 
 4.919  +00 1.21   -01 3.211  +00                                 1110600500122 
 5.023  +00 1.15   -01 3.078  +00                                 1110600500123 
 5.145  +00 1.09   -01 3.314  +00                                 1110600500124 
 5.277  +00 1.04   -01 3.306  +00                                 1110600500125 
 5.278  +00 1.04   -01 3.197  +00                                 1110600500126 
 5.430  +00 9.8    -02 3.048  +00                                 1110600500127 
 5.561  +00 9.4    -02 3.010  +00                                 1110600500128 
 5.685  +00 8.8    -02 3.071  +00                                 1110600500129 
 5.827  +00 8.6    -02 3.047  +00                                 1110600500130 
 5.978  +00 8.2    -02 2.981  +00                                 1110600500131 
 6.105  +00 8.0    -02 2.984  +00                                 1110600500132 
 6.227  +00 7.7    -02 3.040  +00 2.50   -01                      1110600500133 
 1.2079 +01 5.     -03 1.89   +00 2.2    -01                      1110600500134 
 1.2534 +01 2.7    -02 1.81   +00                                 1110600500135 
 1.3176 +01 4.     -03 2.01   +00                                 1110600500136 
 1.3536 +01 2.     -03 2.21   +00 1.0    -01                      1110600500137 
 1.3881 +01 6.     -03 2.01   +00                                 1110600500138 
 1.4317 +01 7.     -03 2.12   +00                                 1110600500139 
 1.4929 +01 3.7    -02 2.01   +00                                 1110600500140 
 1.5384 +01 2.6    -02 2.07   +00 1.1    -01                      1110600500141 
 1.5981 +01 3.9    -02 2.00   +00                                 1110600500142 
 1.6479 +01 3.0    -02 2.07   +00                                 1110600500143 
 1.6984 +01 2.5    -02 1.99   +00                                 1110600500144 
 1.7198 +01 7.2    -02 2.08   +00                                 1110600500145 
 1.7198 +01 7.2    -02 1.94   +00                                 1110600500146 
 1.7263 +01 2.3    -02 1.66   +00 2.0    -01                      1110600500147 
 1.7477 +01 6.5    -02 1.85   +00                                 1110600500148 
 1.7695 +01 6.0    -02 1.76   +00                                 1110600500149 
 1.7914 +01 5.6    -02 1.95   +00                                 1110600500150 
 1.8160 +01 5.2    -02 1.69   +00                                 1110600500151 
 1.8400 +01 4.8    -02 1.87   +00                                 1110600500152 
 1.8638 +01 4.5    -02 2.13   +00                                 1110600500153 
 1.8646 +01 4.5    -02 2.06   +00                                 1110600500154 
 1.8929 +01 4.2    -02 2.00   +00                                 1110600500155 
 1.9092 +01 4.1    -02 1.90   +00                                 1110600500156 
 1.9135 +01 4.0    -02 1.96   +00                                 1110600500157 
 1.9193 +01 4.0    -02 1.96   +00                                 1110600500158 
 1.9224 +01 3.9    -02 1.57   +00                                 1110600500159 
 1.9263 +01 3.9    -02 2.16   +00                                 1110600500160 
 1.9263 +01 3.9    -02 1.80   +00                                 1110600500161 
 1.9408 +01 3.8    -02 1.88   +00                                 1110600500162 
 1.9474 +01 3.8    -02 2.14   +00                                 1110600500163 
 1.9503 +01 3.8    -02 2.16   +00                                 1110600500164 
 1.9721 +01 3.6    -02 1.83   +00                                 1110600500165 
 1.9768 +01 3.6    -02 2.11   +00                                 1110600500166 
 1.9769 +01 3.6    -02 1.98   +00 1.2    -01                      1110600500167 
ENDDATA            161          0                                 1110600500168 
ENDSUBENT          167          0                                 1110600599999 
SUBENT        11106006   19800814                             00001110600600001 
BIB                  1          1                                 1110600600002 
REACTION   (36-KR-0(N,TOT),,SIG)                                  1110600600003 
ENDBIB               1          0                                 1110600600004 
NOCOMMON             0          0                                 1110600600005 
DATA                 4        153                                 1110600600006 
EN         EN-RSL     DATA       DATA-ERR                         1110600600007 
MEV        MEV        B          B                                1110600600008 
 1.22   -01 6.2    -02 7.849  +00 5.5    -02                      1110600600009 
 1.57   -01 7.0    -02 7.856  +00                                 1110600600010 
 1.81   -01 6.6    -02 7.786  +00                                 1110600600011 
 2.10   -01 6.3    -02 7.867  +00                                 1110600600012 
 2.45   -01 6.0    -02 7.824  +00                                 1110600600013 
 2.78   -01 5.8    -02 7.890  +00                                 1110600600014 
 3.05   -01 5.6    -02 7.920  +00                                 1110600600015 
 3.32   -01 5.5    -02 7.540  +00                                 1110600600016 
 3.62   -01 5.4    -02 7.489  +00                                 1110600600017 
 3.72   -01 3.9    -02 7.200  +00                                 1110600600018 
 3.92   -01 5.3    -02 7.448  +00                                 1110600600019 
 4.20   -01 5.5    -02 7.057  +00                                 1110600600020 
 4.22   -01 5.2    -02 6.712  +00                                 1110600600021 
 4.52   -01 5.1    -02 7.096  +00                                 1110600600022 
 4.72   -01 3.6    -02 6.743  +00                                 1110600600023 
 4.83   -01 5.0    -02 7.053  +00 6.7    -02                      1110600600024 
 5.15   -01 4.9    -02 7.301  +00                                 1110600600025 
 5.42   -01 5.1    -02 7.105  +00                                 1110600600026 
 5.47   -01 4.8    -02 7.173  +00                                 1110600600027 
 5.47   -01 4.8    -02 7.123  +00                                 1110600600028 
 5.78   -01 4.6    -02 7.234  +00                                 1110600600029 
 5.84   -01 5.0    -02 7.318  +00                                 1110600600030 
 5.90   -01 3.3    -02 6.880  +00                                 1110600600031 
 6.27   -01 4.9    -02 6.919  +00                                 1110600600032 
 7.23   -01 3.1    -02 6.247  +00                                 1110600600033 
 8.44   -01 3.0    -02 6.432  +00                                 1110600600034 
 8.44   -01 3.0    -02 5.882  +00                                 1110600600035 
 9.07   -01 1.4    -02 5.586  +00                                 1110600600036 
 9.25   -01 2.9    -02 5.630  +00                                 1110600600037 
 9.26   -01 2.9    -02 5.584  +00                                 1110600600038 
 9.39   -01 1.3    -02 6.162  +00                                 1110600600039 
 9.72   -01 1.3    -02 5.802  +00                                 1110600600040 
 9.93   -01 2.8    -02 5.634  +00                                 1110600600041 
 9.97   -01 1.3    -02 5.614  +00                                 1110600600042 
 1.019  +00 1.3    -02 5.759  +00 4.5    -02                      1110600600043 
 1.023  +00 1.3    -02 5.249  +00                                 1110600600044 
 1.023  +00 1.3    -02 5.194  +00                                 1110600600045 
 1.030  +00 4.5    -02 5.442  +00                                 1110600600046 
 1.055  +00 1.3    -02 5.372  +00                                 1110600600047 
 1.066  +00 4.4    -02 5.066  +00                                 1110600600048 
 1.076  +00 1.3    -02 4.825  +00                                 1110600600049 
 1.091  +00 1.3    -02 4.728  +00                                 1110600600050 
 1.101  +00 4.4    -02 4.795  +00                                 1110600600051 
 1.132  +00 1.3    -02 5.152  +00                                 1110600600052 
 1.143  +00 4.3    -02 4.720  +00 3.5    -02                      1110600600053 
 1.144  +00 2.8    -02 5.077  +00                                 1110600600054 
 1.144  +00 1.3    -02 4.560  +00                                 1110600600055 
 1.183  +00 4.3    -02 4.422  +00                                 1110600600056 
 1.215  +00 1.2    -02 5.108  +00                                 1110600600057 
 1.253  +00 1.2    -02 5.076  +00                                 1110600600058 
 1.291  +00 1.2    -02 4.494  +00                                 1110600600059 
 1.302  +00 2.7    -02 4.705  +00                                 1110600600060 
 1.331  +00 1.2    -02 4.490  +00                                 1110600600061 
 1.337  +00 1.2    -02 4.735  +00                                 1110600600062 
 1.342  +00 2.7    -02 4.682  +00                                 1110600600063 
 1.382  +00 2.6    -02 4.402  +00                                 1110600600064 
 1.462  +00 1.4    -02 4.260  +00                                 1110600600065 
 1.541  +00 2.5    -02 4.814  +00 6.4    -02                      1110600600066 
 1.620  +00 2.5    -02 4.345  +00                                 1110600600067 
 1.701  +00 2.4    -02 4.314  +00                                 1110600600068 
 1.780  +00 2.4    -02 4.067  +00                                 1110600600069 
 1.860  +00 2.3    -02 4.296  +00                                 1110600600070 
 1.942  +00 2.3    -02 4.376  +00                                 1110600600071 
 2.020  +00 2.2    -02 3.520  +00                                 1110600600072 
 2.100  +00 2.2    -02 3.959  +00                                 1110600600073 
 2.178  +00 2.2    -02 4.172  +00                                 1110600600074 
 2.259  +00 2.1    -02 3.908  +00                                 1110600600075 
 2.299  +00 2.1    -02 3.951  +00                                 1110600600076 
 2.332  +00 2.1    -02 4.009  +00 5.8    -02                      1110600600077 
 2.381  +00 2.0    -02 4.037  +00                                 1110600600078 
 2.394  +00 1.4    -02 4.173  +00                                 1110600600079 
 2.406  +00 2.1    -02 4.056  +00                                 1110600600080 
 2.449  +00 1.3    -02 3.964  +00                                 1110600600081 
 2.453  +00 2.0    -02 4.049  +00                                 1110600600082 
 2.476  +00 5.7    -02 3.860  +00                                 1110600600083 
 2.495  +00 1.2    -02 4.020  +00                                 1110600600084 
 2.510  +00 7.7    -02 4.029  +00                                 1110600600085 
 2.566  +00 5.6    -02 4.069  +00                                 1110600600086 
 2.604  +00 1.1    -02 4.25   +00 1.2    -01                      1110600600087 
 2.632  +00 4.2    -02 4.057  +00                                 1110600600088 
 2.697  +00 3.4    -02 4.269  +00                                 1110600600089 
 2.765  +00 2.9    -02 4.427  +00                                 1110600600090 
 2.836  +00 2.5    -02 4.308  +00                                 1110600600091 
 2.944  +00 2.1    -02 4.048  +00                                 1110600600092 
 2.993  +00 8.8    -02 3.996  +00                                 1110600600093 
 3.000  +00 2.0    -02 3.764  +00                                 1110600600094 
 3.042  +00 1.9    -02 3.705  +00 9.0    -02                      1110600600095 
 3.082  +00 7.4    -02 3.953  +00                                 1110600600096 
 3.143  +00 1.7    -02 4.138  +00                                 1110600600097 
 3.173  +00 6.3    -02 4.080  +00                                 1110600600098 
 3.264  +00 5.5    -02 4.209  +00                                 1110600600099 
 3.357  +00 4.9    -02 3.938  +00 8.4    -02                      1110600600100 
 3.454  +00 4.4    -02 4.190  +00                                 1110600600101 
 3.571  +00 3.9    -02 3.909  +00                                 1110600600102 
 3.680  +00 3.6    -02 4.014  +00                                 1110600600103 
 3.750  +00 2.15   -01 3.991  +00                                 1110600600104 
 3.793  +00 3.3    -02 3.648  +00                                 1110600600105 
 3.895  +00 1.87   -01 3.922  +00 4.7    -02                      1110600600106 
 3.916  +00 3.1    -02 4.005  +00                                 1110600600107 
 4.040  +00 1.66   -01 3.938  +00                                 1110600600108 
 4.168  +00 1.50   -01 3.945  +00                                 1110600600109 
 4.306  +00 1.37   -01 3.937  +00                                 1110600600110 
 4.445  +00 1.25   -01 4.038  +00                                 1110600600111 
 4.552  +00 1.17   -01 4.035  +00 4.2    -02                      1110600600112 
 4.669  +00 1.37   -01 3.979  +00                                 1110600600113 
 4.794  +00 1.28   -01 4.061  +00                                 1110600600114 
 4.919  +00 1.21   -01 4.029  +00                                 1110600600115 
 5.023  +00 1.15   -01 3.616  +00                                 1110600600116 
 5.145  +00 1.09   -01 4.002  +00                                 1110600600117 
 5.277  +00 1.04   -01 3.900  +00 3.4    -02                      1110600600118 
 5.430  +00 9.8    -02 4.097  +00                                 1110600600119 
 5.561  +00 9.4    -02 4.219  +00                                 1110600600120 
 5.685  +00 8.8    -02 4.430  +00                                 1110600600121 
 5.827  +00 8.6    -02 4.230  +00                                 1110600600122 
 5.978  +00 8.2    -02 4.252  +00                                 1110600600123 
 6.105  +00 8.0    -02 4.254  +00                                 1110600600124 
 6.227  +00 7.7    -02 4.19   +00 3.4    -01                      1110600600125 
 1.208  +01 1.     -02 4.01   +00 2.6    -01                      1110600600126 
 1.253  +01 3.     -02 3.72   +00                                 1110600600127 
 1.318  +01            3.50   +00                                 1110600600128 
 1.354  +01            3.74   +00 1.1    -01                      1110600600129 
 1.386  +01 1.     -02 4.29   +00                                 1110600600130 
 1.388  +01 1.     -02 3.49   +00                                 1110600600131 
 1.432  +01 1.     -02 4.12   +00                                 1110600600132 
 1.493  +01 4.     -02 3.54   +00                                 1110600600133 
 1.538  +01 3.     -02 3.59   +00 1.2    -01                      1110600600134 
 1.598  +01 4.     -02 3.55   +00                                 1110600600135 
 1.648  +01 3.     -02 3.76   +00                                 1110600600136 
 1.698  +01 3.     -02 3.62   +00                                 1110600600137 
 1.720  +01 7.     -02 3.38   +00                                 1110600600138 
 1.720  +01 7.     -02 3.40   +00                                 1110600600139 
 1.726  +01 2.     -02 2.77   +00 2.2    -01                      1110600600140 
 1.748  +01 7.     -02 3.28   +00                                 1110600600141 
 1.770  +01 6.     -02 3.09   +00                                 1110600600142 
 1.791  +01 6.     -02 3.15   +00                                 1110600600143 
 1.791  +01 6.     -02 2.89   +00                                 1110600600144 
 1.816  +01 5.     -02 3.05   +00                                 1110600600145 
 1.840  +01 5.     -02 3.19   +00                                 1110600600146 
 1.864  +01 5.     -02 3.34   +00                                 1110600600147 
 1.865  +01 5.     -02 3.28   +00                                 1110600600148 
 1.893  +01 2.     -02 3.09   +00                                 1110600600149 
 1.909  +01 4.     -02 3.34   +00                                 1110600600150 
 1.914  +01 4.     -02 2.68   +00                                 1110600600151 
 1.919  +01 4.     -02 2.90   +00                                 1110600600152 
 1.922  +01 4.     -02 3.29   +00                                 1110600600153 
 1.926  +01 4.     -02 3.12   +00                                 1110600600154 
 1.926  +01 4.     -02 3.16   +00                                 1110600600155 
 1.941  +01 4.     -02 2.96   +00                                 1110600600156 
 1.947  +01 4.     -02 3.34   +00                                 1110600600157 
 1.950  +01 4.     -02 2.97   +00                                 1110600600158 
 1.972  +01 4.     -02 3.17   +00                                 1110600600159 
 1.977  +01 4.     -02 3.01   +00 1.3    -01                      1110600600160 
 1.977  +01 4.     -02 3.10   +00                                 1110600600161 
ENDDATA            155          0                                 1110600600162 
ENDSUBENT          161          0                                 1110600699999 
SUBENT        11106007   19800814                             00001110600700001 
BIB                  1          1                                 1110600700002 
REACTION   (54-XE-0(N,TOT),,SIG)                                  1110600700003 
ENDBIB               1          0                                 1110600700004 
NOCOMMON             0          0                                 1110600700005 
DATA                 4        152                                 1110600700006 
EN         EN-RSL     DATA       DATA-ERR                         1110600700007 
MEV        MEV        B          B                                1110600700008 
 1.22   -01 6.2    -02 5.884  +00 6.0    -02                      1110600700009 
 1.57   -01 7.0    -02 5.859  +00                                 1110600700010 
 1.81   -01 6.6    -02 5.821  +00                                 1110600700011 
 2.10   -01 6.3    -02 5.930  +00                                 1110600700012 
 2.45   -01 6.0    -02 6.029  +00                                 1110600700013 
 2.78   -01 5.8    -02 6.113  +00                                 1110600700014 
 3.05   -01 5.6    -02 6.316  +00                                 1110600700015 
 3.32   -01 5.5    -02 5.907  +00                                 1110600700016 
 3.62   -01 5.4    -02 6.196  +00                                 1110600700017 
 3.72   -01 3.9    -02 6.083  +00                                 1110600700018 
 3.91   -01 5.6    -02 6.542  +00                                 1110600700019 
 3.92   -01 5.3    -02 7.270  +00                                 1110600700020 
 4.20   -01 5.5    -02 6.018  +00                                 1110600700021 
 4.22   -01 5.2    -02 5.774  +00                                 1110600700022 
 4.52   -01 5.1    -02 6.272  +00                                 1110600700023 
 4.72   -01 3.6    -02 6.477  +00                                 1110600700024 
 4.83   -01 5.0    -02 6.299  +00 8.0    -02                      1110600700025 
 5.15   -01 4.9    -02 6.354  +00                                 1110600700026 
 5.21   -01 5.2    -02 6.511  +00                                 1110600700027 
 5.42   -01 5.1    -02 6.866  +00                                 1110600700028 
 5.47   -01 4.8    -02 6.543  +00                                 1110600700029 
 5.78   -01 4.7    -02 6.731  +00                                 1110600700030 
 5.84   -01 5.0    -02 6.542  +00                                 1110600700031 
 5.90   -01 3.3    -02 6.574  +00                                 1110600700032 
 6.27   -01 4.9    -02 6.686  +00                                 1110600700033 
 7.23   -01 3.1    -02 6.733  +00                                 1110600700034 
 8.44   -01 3.0    -02 6.580  +00                                 1110600700035 
 8.44   -01 3.0    -02 6.686  +00                                 1110600700036 
 9.07   -01 1.4    -02 6.713  +00                                 1110600700037 
 9.25   -01 2.9    -02 6.954  +00                                 1110600700038 
 9.26   -01 2.9    -02 6.300  +00                                 1110600700039 
 9.39   -01 1.3    -02 6.454  +00                                 1110600700040 
 9.72   -01 1.3    -02 6.922  +00                                 1110600700041 
 9.93   -01 2.8    -02 7.045  +00                                 1110600700042 
 9.97   -01 1.3    -02 6.956  +00                                 1110600700043 
 1.019  +00 1.3    -02 7.161  +00 6.7    -02                      1110600700044 
 1.023  +00 1.3    -02 6.411  +00                                 1110600700045 
 1.023  +00 1.3    -02 6.878  +00                                 1110600700046 
 1.030  +00 4.5    -02 6.952  +00                                 1110600700047 
 1.066  +00 4.4    -02 6.865  +00                                 1110600700048 
 1.076  +00 1.3    -02 7.034  +00                                 1110600700049 
 1.091  +00 1.3    -02 7.168  +00                                 1110600700050 
 1.101  +00 4.4    -02 6.610  +00                                 1110600700051 
 1.132  +00 1.3    -02 6.976  +00                                 1110600700052 
 1.143  +00 4.3    -02 6.541  +00 4.9    -02                      1110600700053 
 1.144  +00 1.3    -02 6.564  +00                                 1110600700054 
 1.144  +00 2.8    -02 7.039  +00                                 1110600700055 
 1.183  +00 4.3    -02 6.351  +00                                 1110600700056 
 1.215  +00 1.2    -02 6.764  +00                                 1110600700057 
 1.253  +00 1.2    -02 6.727  +00                                 1110600700058 
 1.291  +00 1.2    -02 6.675  +00                                 1110600700059 
 1.302  +00 2.7    -02 6.974  +00                                 1110600700060 
 1.331  +00 1.2    -02 7.005  +00                                 1110600700061 
 1.337  +00 1.2    -02 7.048  +00                                 1110600700062 
 1.382  +00 2.6    -02 6.825  +00                                 1110600700063 
 1.462  +00 1.4    -02 6.585  +00                                 1110600700064 
 1.541  +00 2.5    -02 6.805  +00 9.8    -02                      1110600700065 
 1.620  +00 2.5    -02 6.786  +00                                 1110600700066 
 1.701  +00 2.4    -02 6.506  +00                                 1110600700067 
 1.780  +00 2.4    -02 6.523  +00                                 1110600700068 
 1.860  +00 2.3    -02 6.583  +00                                 1110600700069 
 1.942  +00 2.3    -02 6.456  +00                                 1110600700070 
 2.020  +00 2.2    -02 6.426  +00                                 1110600700071 
 2.100  +00 2.2    -02 6.137  +00                                 1110600700072 
 2.178  +00 2.2    -02 6.099  +00                                 1110600700073 
 2.259  +00 2.1    -02 6.086  +00                                 1110600700074 
 2.299  +00 2.1    -02 5.910  +00                                 1110600700075 
 2.332  +00 2.1    -02 5.970  +00 9.1    -02                      1110600700076 
 2.381  +00 2.0    -02 6.012  +00                                 1110600700077 
 2.394  +00 1.4    -02 6.035  +00                                 1110600700078 
 2.406  +00 2.1    -02 5.859  +00                                 1110600700079 
 2.449  +00 1.3    -02 5.841  +00                                 1110600700080 
 2.453  +00 2.0    -02 5.912  +00                                 1110600700081 
 2.476  +00 5.7    -02 5.896  +00                                 1110600700082 
 2.495  +00 1.2    -02 6.160  +00                                 1110600700083 
 2.510  +00 7.7    -02 6.214  +00                                 1110600700084 
 2.566  +00 5.6    -02 5.851  +00                                 1110600700085 
 2.604  +00 1.1    -02 5.84   +00 1.9    -01                      1110600700086 
 2.632  +00 4.2    -02 5.766  +00                                 1110600700087 
 2.697  +00 3.4    -02 5.779  +00                                 1110600700088 
 2.765  +00 2.9    -02 5.670  +00                                 1110600700089 
 2.836  +00 2.5    -02 5.892  +00                                 1110600700090 
 2.944  +00 2.1    -02 5.430  +00                                 1110600700091 
 2.993  +00 8.8    -02 5.349  +00                                 1110600700092 
 3.000  +00 2.0    -02 5.649  +00                                 1110600700093 
 3.042  +00 1.9    -02 5.17   +00 1.4    -01                      1110600700094 
 3.082  +00 7.4    -02 5.188  +00                                 1110600700095 
 3.143  +00 1.7    -02 6.078  +00                                 1110600700096 
 3.173  +00 6.3    -02 5.369  +00                                 1110600700097 
 3.264  +00 5.5    -02 5.251  +00                                 1110600700098 
 3.357  +00 4.9    -02 5.28   +00 1.3    -01                      1110600700099 
 3.454  +00 4.4    -02 5.310  +00                                 1110600700100 
 3.571  +00 3.9    -02 5.142  +00                                 1110600700101 
 3.680  +00 3.6    -02 5.465  +00                                 1110600700102 
 3.750  +00 2.15   -01 4.976  +00                                 1110600700103 
 3.793  +00 3.3    -02 4.328  +00                                 1110600700104 
 3.895  +00 1.87   -01 4.819  +00 7.1    -02                      1110600700105 
 3.916  +00 3.1    -02 5.128  +00                                 1110600700106 
 4.040  +00 1.66   -01 4.659  +00                                 1110600700107 
 4.168  +00 1.50   -01 4.806  +00                                 1110600700108 
 4.306  +00 1.37   -01 4.745  +00                                 1110600700109 
 4.445  +00 1.25   -01 4.739  +00                                 1110600700110 
 4.552  +00 1.17   -01 4.579  +00 6.0    -02                      1110600700111 
 4.669  +00 1.37   -01 4.642  +00                                 1110600700112 
 4.794  +00 1.28   -01 4.891  +00                                 1110600700113 
 4.919  +00 1.21   -01 4.705  +00                                 1110600700114 
 5.023  +00 1.15   -01 4.671  +00                                 1110600700115 
 5.145  +00 1.09   -01 4.801  +00                                 1110600700116 
 5.277  +00 1.04   -01 4.660  +00 4.9    -02                      1110600700117 
 5.430  +00 9.8    -02 4.498  +00                                 1110600700118 
 5.561  +00 9.4    -02 4.564  +00                                 1110600700119 
 5.685  +00 8.8    -02 4.744  +00                                 1110600700120 
 5.827  +00 8.6    -02 4.479  +00                                 1110600700121 
 5.978  +00 8.2    -02 4.580  +00                                 1110600700122 
 6.105  +00 8.0    -02 4.598  +00                                 1110600700123 
 6.227  +00 7.7    -02 4.42   +00 5.0    -01                      1110600700124 
 1.207  +01 5.     -02 5.31   +00 3.9    -01                      1110600700125 
 1.253  +01 2.7    -01 4.87   +00                                 1110600700126 
 1.317  +01 6.4    -01 4.59   +00                                 1110600700127 
 1.353  +01 2.     -02 5.20   +00 1.7    -01                      1110600700128 
 1.386  +01 4.6    -01 5.29   +00                                 1110600700129 
 1.388  +01 6.     -02 4.97   +00                                 1110600700130 
 1.431  +01 7.     -02 5.20   +00                                 1110600700131 
 1.492  +01 3.7    -01 5.02   +00                                 1110600700132 
 1.538  +01 2.6    -01 5.11   +00 1.8    -01                      1110600700133 
 1.598  +01 3.9    -01 5.20   +00                                 1110600700134 
 1.647  +01 3.0    -01 5.76   +00                                 1110600700135 
 1.698  +01 2.5    -01 5.28   +00                                 1110600700136 
 1.719  +01 7.2    -01 4.81   +00                                 1110600700137 
 1.719  +01 7.2    -01 4.60   +00                                 1110600700138 
 1.726  +01 2.3    -01 4.51   +00 3.4    -01                      1110600700139 
 1.747  +01 6.5    -01 4.75   +00                                 1110600700140 
 1.769  +01 6.0    -01 4.67   +00                                 1110600700141 
 1.791  +01 5.6    -01 4.70   +00                                 1110600700142 
 1.791  +01 5.6    -01 4.54   +00                                 1110600700143 
 1.816  +01 5.2    -01 5.21   +00                                 1110600700144 
 1.840  +01 4.8    -01 4.72   +00                                 1110600700145 
 1.863  +01 4.5    -01 4.72   +00                                 1110600700146 
 1.864  +01 4.5    -01 4.63   +00                                 1110600700147 
 1.892  +01 4.2    -01 4.72   +00                                 1110600700148 
 1.909  +01 4.1    -01 4.82   +00                                 1110600700149 
 1.913  +01 4.0    -01 4.01   +00                                 1110600700150 
 1.919  +01 4.0    -01 4.46   +00                                 1110600700151 
 1.922  +01 3.9    -01 4.97   +00                                 1110600700152 
 1.926  +01 3.9    -01 4.59   +00                                 1110600700153 
 1.926  +01 3.9    -01 4.47   +00                                 1110600700154 
 1.940  +01 3.8    -01 4.22   +00                                 1110600700155 
 1.947  +01 3.8    -01 4.75   +00                                 1110600700156 
 1.950  +01 3.8    -01 4.23   +00                                 1110600700157 
 1.972  +01 3.6    -01 4.33   +00                                 1110600700158 
 1.976  +01 3.6    -01 4.22   +00 2.0    -01                      1110600700159 
 1.976  +01 3.6    -01 4.08   +00                                 1110600700160 
ENDDATA            154          0                                 1110600700161 
ENDSUBENT          160          0                                 1110600799999 
ENDENTRY             7          0                                 1110699999999 
