ENTRY            11140   19800814                             00001114000000001 
SUBENT        11140001   19800814                             00001114000100001 
BIB                  6          9                                 1114000100002 
INSTITUTE  (1USAMIN)                                              1114000100003 
REFERENCE  (J,PR,70,583,4611)                                     1114000100004 
AUTHOR     (C.L.BAILEY,W.E.BENNETT,T.BERGSTRALH,R.C.NUCKOLLS,     1114000100005 
           H.T.RICHARDS,J.H.WILLIAMS)                             1114000100006 
TITLE      THE NEUTRON-PROTON AND NEUTRON-CARBON SCATTERING CROSS 1114000100007 
           SECTIONS FOR FAST NEUTRONS.                            1114000100008 
STATUS     (SCSRS)                                                1114000100009 
HISTORY    (760628T) TRANSLATED FROM SCISRS                       1114000100010 
           (800814A) CONVERTED TO REACTION FORMALISM              1114000100011 
ENDBIB               9          0                                 1114000100012 
NOCOMMON             0          0                                 1114000100013 
ENDSUBENT           12          0                                 1114000199999 
SUBENT        11140002   19800814                             00001114000200001 
BIB                  2          2                                 1114000200002 
REACTION   (1-H-1(N,TOT),,SIG)                                    1114000200003 
DETECTOR              RECOIL COUNTER                              1114000200004 
ENDBIB               2          0                                 1114000200005 
NOCOMMON             0          0                                 1114000200006 
DATA                 4         15                                 1114000200007 
EN         EN-ERR     DATA       DATA-ERR                         1114000200008 
MEV        MEV        B          B                                1114000200009 
 3.50   -01            7.15   +00 2.4    -01                      1114000200010 
 4.60   -01            6.52   +00 1.5    -01                      1114000200011 
 7.20   -01            5.22   +00 1.2    -01                      1114000200012 
 9.70   -01            4.45   +00 8.     -02                      1114000200013 
 1.0    +00 1.     -01 4.16   +00 1.5    -01                      1114000200014 
 1.6    +00            3.36   +00 8.     -02                      1114000200015 
 2.     +00            2.96   +00 7.     -02                      1114000200016 
 2.6    +00            2.60   +00 5.     -02                      1114000200017 
 3.0    +00            2.33   +00 1.3    -01                      1114000200018 
 3.5    +00            2.09   +00 9.     -02                      1114000200019 
 4.0    +00            1.85   +00 9.     -02                      1114000200020 
 4.5    +00            1.83   +00 1.0    -01                      1114000200021 
 5.0    +00            1.63   +00 5.     -02                      1114000200022 
 5.5    +00            1.48   +00 6.     -02                      1114000200023 
 6.0    +00            1.32   +00 1.2    -01                      1114000200024 
ENDDATA             17          0                                 1114000200025 
ENDSUBENT           24          0                                 1114000299999 
SUBENT        11140003   19800814                             00001114000300001 
BIB                  2          2                                 1114000300002 
REACTION   (6-C-0(N,TOT),,SIG)                                    1114000300003 
DETECTOR              RECOIL COUNTER                              1114000300004 
ENDBIB               2          0                                 1114000300005 
NOCOMMON             0          0                                 1114000300006 
DATA                 4         20                                 1114000300007 
EN         EN-ERR     DATA       DATA-ERR                         1114000300008 
MEV        MEV        B          B                                1114000300009 
 3.50   -01            3.15   +00 8.     -02                      1114000300010 
 4.60   -01            3.15   +00 1.0    -01                      1114000300011 
 7.20   -01            2.49   +00 6.     -02                      1114000300012 
 9.70   -01            2.40   +00 3.     -02                      1114000300013 
 1.0    +00 1.     -01 2.38   +00 9.     -02                      1114000300014 
 1.6    +00            1.90   +00 5.     -02                      1114000300015 
 2.0    +00            1.63   +00 4.     -02                      1114000300016 
 2.6    +00            1.60   +00 3.     -02                      1114000300017 
 2.85   +00            1.57   +00 1.1    -01                      1114000300018 
 3.0    +00            1.59   +00 8.     -02                      1114000300019 
 3.25   +00            1.69   +00 1.3    -01                      1114000300020 
 3.5    +00            2.39   +00 9.     -02                      1114000300021 
 3.75   +00            2.43   +00 1.2    -01                      1114000300022 
 4.0    +00            1.85   +00 1.0    -01                      1114000300023 
 4.25   +00            2.16   +00 7.     -02                      1114000300024 
 4.5    +00            1.93   +00 6.     -02                      1114000300025 
 4.75   +00            1.60   +00 1.5    -01                      1114000300026 
 5.0    +00            1.18   +00 3.     -02                      1114000300027 
 5.5    +00            1.07   +00 4.     -02                      1114000300028 
 6.0    +00            1.11   +00 1.0    -01                      1114000300029 
ENDDATA             22          0                                 1114000300030 
ENDSUBENT           29          0                                 1114000399999 
ENDENTRY             3          0                                 1114099999999 
