ENTRY            11194   19800814                             00001119400000001 
SUBENT        11194001   19800814                             00001119400100001 
BIB                  6          7                                 1119400100002 
INSTITUTE  (1USARIC)                                              1119400100003 
REFERENCE  (J,NP,23,122,61)                                       1119400100004 
AUTHOR     (R.BASS,T.W.BONNER,H.P.HAENNI)                         1119400100005 
TITLE      CROSS SECTION FOR THE BE9(N,ALPHA)HE6 REACTION.        1119400100006 
STATUS     (SCSRS)                                                1119400100007 
HISTORY    (760628T) TRANSLATED FROM SCISRS                       1119400100008 
           (800814A) CONVERTED TO REACTION FORMALISM              1119400100009 
ENDBIB               7          0                                 1119400100010 
NOCOMMON             0          0                                 1119400100011 
ENDSUBENT           10          0                                 1119400199999 
SUBENT        11194002   19800814                             00001119400200001 
BIB                  3          3                                 1119400200002 
REACTION   (4-BE-9(N,A)2-HE-6,,SIG)                               1119400200003 
DETECTOR   (SCIN)     PLASTIC SCINTILLATOR                        1119400200004 
COMMENT    COUNTED HE-6 BETAS.                                    1119400200005 
ENDBIB               3          0                                 1119400200006 
NOCOMMON             0          0                                 1119400200007 
DATA                 4          5                                 1119400200008 
EN         EN-RSL     DATA       DATA-ERR                         1119400200009 
MEV        MEV        B          B                                1119400200010 
 4.06   +00 8.     -02 9.3    -02 1.5    -02                      1119400200011 
 4.58   +00 2.0    -01 7.4    -02 1.0    -02                      1119400200012 
 4.58   +00 2.0    -01 7.2    -02 1.2    -02                      1119400200013 
 4.79   +00 2.0    -01 6.6    -02 1.2    -02                      1119400200014 
 5.82   +00 1.5    -01 5.3    -02 1.0    -02                      1119400200015 
ENDDATA              7          0                                 1119400200016 
ENDSUBENT           15          0                                 1119400299999 
SUBENT        11194003   19800814                             00001119400300001 
BIB                  4          4                                 1119400300002 
REACTION   (4-BE-9(N,A)2-HE-6,,SIG)                               1119400300003 
DETECTOR   (SCIN)     SCINTILLATING CRYSTAL                       1119400300004 
MONITOR    (4-BE-9(N,A)2-HE-6,,SIG) TO ABSOLUTE MEASUREMENTS.     1119400300005 
COMMENT    COUNTED HE-6 BETAS.                                    1119400300006 
ENDBIB               4          0                                 1119400300007 
COMMON               1          3                                 1119400300008 
EN-RSL                                                            1119400300009 
MEV                                                               1119400300010 
 0.02                                                             1119400300011 
ENDCOMMON            3          0                                 1119400300012 
DATA                 3         56                                 1119400300013 
EN         DATA       DATA-ERR                                    1119400300014 
MEV        B          PER-CENT                                    1119400300015 
 3.91   +00 1.00   -01   15.                                      1119400300016 
 4.00   +00 9.2    -02   16.                                      1119400300017 
 4.03   +00 9.3    -02   16.                                      1119400300018 
 4.15   +00 8.7    -02   17.                                      1119400300019 
 4.23   +00 8.2    -02   18.                                      1119400300020 
 4.30   +00 8.0    -02   19.                                      1119400300021 
 4.45   +00 8.1    -02   19.                                      1119400300022 
 4.50   +00 7.7    -02   19.                                      1119400300023 
 4.67   +00 7.0    -02   14.                                      1119400300024 
 4.71   +00 7.0    -02   14.                                      1119400300025 
 4.85   +00 7.1    -02   14.                                      1119400300026 
 4.89   +00 7.0    -02   14.                                      1119400300027 
 4.99   +00 6.9    -02   14.                                      1119400300028 
 5.00   +00 6.6    -02   15.                                      1119400300029 
 5.11   +00 6.5    -02   15.                                      1119400300030 
 5.15   +00 6.4    -02   16.                                      1119400300031 
 5.17   +00 6.2    -02   16.                                      1119400300032 
 5.20   +00 5.9    -02   17.                                      1119400300033 
 5.25   +00 6.3    -02   16.                                      1119400300034 
 5.29   +00 5.7    -02   18.                                      1119400300035 
 5.32   +00 5.8    -02   17.                                      1119400300036 
 5.37   +00 5.9    -02   17.                                      1119400300037 
 5.45   +00 5.5    -02   18.                                      1119400300038 
 5.49   +00 5.3    -02   19.                                      1119400300039 
 5.50   +00 5.5    -02   18.                                      1119400300040 
 5.55   +00 5.5    -02   18.                                      1119400300041 
 5.59   +00 5.1    -02   20.                                      1119400300042 
 5.65   +00 5.2    -02   19.                                      1119400300043 
 5.72   +00 5.4    -02   19.                                      1119400300044 
 5.75   +00 5.2    -02   19.                                      1119400300045 
 5.79   +00 5.3    -02   19.                                      1119400300046 
 5.84   +00 4.8    -02   21.                                      1119400300047 
 5.89   +00 5.0    -02   20.                                      1119400300048 
 5.90   +00 4.9    -02   20.                                      1119400300049 
 5.92   +00 4.6    -02   22.                                      1119400300050 
 6.02   +00 4.4    -02   23.                                      1119400300051 
 6.15   +00 4.3    -02   23.                                      1119400300052 
 6.25   +00 4.3    -02   23.                                      1119400300053 
 6.39   +00 4.2    -02   24.                                      1119400300054 
 6.45   +00 3.9    -02   26.                                      1119400300055 
 6.51   +00 4.1    -02   24.                                      1119400300056 
 6.60   +00 3.4    -02   29.                                      1119400300057 
 6.75   +00 3.7    -02   27.                                      1119400300058 
 6.83   +00 3.7    -02   27.                                      1119400300059 
 6.89   +00 3.7    -02   27.                                      1119400300060 
 7.05   +00 3.5    -02   29.                                      1119400300061 
 7.20   +00 3.6    -02   28.                                      1119400300062 
 7.25   +00 3.6    -02   28.                                      1119400300063 
 7.42   +00 3.4    -02   29.                                      1119400300064 
 7.48   +00 3.3    -02   30.                                      1119400300065 
 7.65   +00 3.5    -02   29.                                      1119400300066 
 7.71   +00 3.2    -02   31.                                      1119400300067 
 7.89   +00 3.2    -02   31.                                      1119400300068 
 8.10   +00 3.4    -02   29.                                      1119400300069 
 8.30   +00 3.3    -02   30.                                      1119400300070 
 8.58   +00 3.2    -02   31.                                      1119400300071 
ENDDATA             58          0                                 1119400300072 
ENDSUBENT           71          0                                 1119400399999 
ENDENTRY             3          0                                 1119499999999 
