ENTRY            11209   19800820                             00001120900000001 
SUBENT        11209001   19800820                             00001120900100001 
BIB                  6          7                                 1120900100002 
INSTITUTE  (1USAWIS)                                              1120900100003 
REFERENCE  (J,PR,83,1148,51)                                      1120900100004 
AUTHOR     (B.PETREE,C.H.JOHNSON,D.W.MILLER)                      1120900100005 
TITLE      DISINTEGRATION OF BORON BY FAST NEUTRONS.              1120900100006 
STATUS     (SCSRS)                                                1120900100007 
HISTORY    (760629T) TRANSLATED FROM SCISRS                       1120900100008 
           (800820A) CONVERTED TO REACTION FORMALISM              1120900100009 
ENDBIB               7          0                                 1120900100010 
NOCOMMON             0          0                                 1120900100011 
ENDSUBENT           10          0                                 1120900199999 
SUBENT        11209002   19800820                             00001120900200001 
BIB                  2          2                                 1120900200002 
REACTION   (5-B-0(N,A),,SIG)                                      1120900200003 
DETECTOR   (PROPC)    PROPORTIONAL COUNTER                        1120900200004 
ENDBIB               2          0                                 1120900200005 
COMMON               1          3                                 1120900200006 
DATA-ERR                                                          1120900200007 
PER-CENT                                                          1120900200008 
 25.                                                              1120900200009 
ENDCOMMON            3          0                                 1120900200010 
DATA                 2         18                                 1120900200011 
EN         DATA                                                   1120900200012 
MEV        B                                                      1120900200013 
 3.80   -01 1.75   -01                                            1120900200014 
 4.60   -01 1.68   -01                                            1120900200015 
 5.50   -01 1.03   -01                                            1120900200016 
 6.60   -01 8.4    -02                                            1120900200017 
 7.40   -01 5.6    -02                                            1120900200018 
 8.40   -01 4.9    -02                                            1120900200019 
 9.80   -01 4.7    -02                                            1120900200020 
 1.02   +00 3.9    -02                                            1120900200021 
 1.25   +00 3.2    -02                                            1120900200022 
 1.28   +00 4.0    -02                                            1120900200023 
 1.42   +00 4.1    -02                                            1120900200024 
 1.60   +00 6.0    -02                                            1120900200025 
 1.78   +00 9.0    -02                                            1120900200026 
 1.88   +00 9.6    -02                                            1120900200027 
 1.96   +00 9.7    -02                                            1120900200028 
 2.14   +00 4.6    -02                                            1120900200029 
 2.34   +00 3.6    -02                                            1120900200030 
 2.65   +00 4.2    -02                                            1120900200031 
ENDDATA             20          0                                 1120900200032 
ENDSUBENT           31          0                                 1120900299999 
SUBENT        11209003   19800820                             00001120900300001 
BIB                  1          2                                 1120900300002 
REACTION  1(5-B-10(N,0),,EN)                                      1120900300003 
          2(5-B-10(N,TOT),,WID)                                   1120900300004 
ENDBIB               2          0                                 1120900300005 
NOCOMMON             0          0                                 1120900300006 
DATA                 3          1                                 1120900300007 
DATA      1DATA-ERR  1DATA-APRX 2                                 1120900300008 
MEV        MEV        KEV                                         1120900300009 
 1.90   +00 6.     -02 4.00   +02                                 1120900300010 
ENDDATA              3          0                                 1120900300011 
ENDSUBENT           10          0                                 1120900399999 
ENDENTRY             3          0                                 1120999999999 
