ENTRY            11211   19800820                             00001121100000001 
SUBENT        11211001   19800820                             00001121100100001 
BIB                  6          8                                 1121100100002 
INSTITUTE  (1USABNL)                                              1121100100003 
REFERENCE  (J,PR,92,716,5311)                                     1121100100004 
AUTHOR     (R.S.CARTER,H.PALEVSKY,V.W.MYERS,D.J.HUGHES)           1121100100005 
TITLE      THERMAL NEUTRON ABSORPTION CROSS SECTIONS OF BORON AND 1121100100006 
           GOLD.                                                  1121100100007 
STATUS     (SCSRS)                                                1121100100008 
HISTORY    (760629T) TRANSLATED FROM SCISRS                       1121100100009 
           (800820A) CONVERTED TO REACTION FORMALISM              1121100100010 
ENDBIB               8          0                                 1121100100011 
NOCOMMON             0          0                                 1121100100012 
ENDSUBENT           11          0                                 1121100199999 
SUBENT        11211002   19800820                             00001121100200001 
BIB                  3          3                                 1121100200002 
REACTION   (5-B-0(N,ABS),,SIG)                                    1121100200003 
STATUS     (DEP,11211003)                                         1121100200004 
ANALYSIS   TOTAL MINUS SCATTERING                                 1121100200005 
ENDBIB               3          0                                 1121100200006 
NOCOMMON             0          0                                 1121100200007 
DATA                 3          1                                 1121100200008 
EN         DATA       DATA-ERR                                    1121100200009 
MEV        B          B                                           1121100200010 
 2.53   -08 7.49   +02 4.     +00                                 1121100200011 
ENDDATA              3          0                                 1121100200012 
ENDSUBENT           11          0                                 1121100299999 
SUBENT        11211003   19800820                             00001121100300001 
BIB                  3          3                                 1121100300002 
REACTION   (5-B-0(N,TOT),,SIG)                                    1121100300003 
FACILITY   (CHOPS) SLOW CHOPPER                                   1121100300004 
METHOD     (TOF)      TIME-OF-FLIGHT                              1121100300005 
ENDBIB               3          0                                 1121100300006 
NOCOMMON             0          0                                 1121100300007 
DATA                 2         60                                 1121100300008 
EN         DATA                                                   1121100300009 
MEV        B                                                      1121100300010 
 6.62   -10 4.389  +03                                            1121100300011 
 7.81   -10 4.408  +03                                            1121100300012 
 7.81   -10 4.177  +03                                            1121100300013 
 8.53   -10 4.104  +03                                            1121100300014 
 9.36   -10 3.860  +03                                            1121100300015 
 1.03   -09 3.709  +03                                            1121100300016 
 1.11   -09 3.569  +03                                            1121100300017 
 1.14   -09 3.492  +03                                            1121100300018 
 1.20   -09 3.410  +03                                            1121100300019 
 1.27   -09 3.389  +03                                            1121100300020 
 1.32   -09 3.267  +03                                            1121100300021 
 1.42   -09 3.127  +03                                            1121100300022 
 1.48   -09 3.057  +03                                            1121100300023 
 1.60   -09 2.922  +03                                            1121100300024 
 1.61   -09 2.995  +03                                            1121100300025 
 1.64   -09 2.906  +03                                            1121100300026 
 1.73   -09 2.955  +03                                            1121100300027 
 1.82   -09 2.790  +03                                            1121100300028 
 1.83   -09 2.791  +03                                            1121100300029 
 1.87   -09 2.771  +03                                            1121100300030 
 2.02   -09 2.631  +03                                            1121100300031 
 2.06   -09 2.594  +03                                            1121100300032 
 2.08   -09 2.572  +03                                            1121100300033 
 2.19   -09 2.457  +03                                            1121100300034 
 2.33   -09 2.474  +03                                            1121100300035 
 2.39   -09 2.443  +03                                            1121100300036 
 2.61   -09 2.339  +03                                            1121100300037 
 2.66   -09 2.373  +03                                            1121100300038 
 2.86   -09 2.083  +03                                            1121100300039 
 3.07   -09 2.158  +03                                            1121100300040 
 3.15   -09 2.063  +03                                            1121100300041 
 3.50   -09 1.983  +03                                            1121100300042 
 3.57   -09 2.006  +03                                            1121100300043 
 3.90   -09 1.847  +03                                            1121100300044 
 4.21   -09 1.828  +03                                            1121100300045 
 4.37   -09 1.793  +03                                            1121100300046 
 4.80   -09 1.581  +03                                            1121100300047 
 5.09   -09 1.675  +03                                            1121100300048 
 5.40   -09 1.596  +03                                            1121100300049 
 5.74   -09 1.537  +03                                            1121100300050 
 6.12   -09 1.445  +03                                            1121100300051 
 6.53   -09 1.454  +03                                            1121100300052 
 6.98   -09 1.407  +03                                            1121100300053 
 7.49   -09 1.375  +03                                            1121100300054 
 8.05   -09 1.338  +03                                            1121100300055 
 8.68   -09 1.273  +03                                            1121100300056 
 9.38   -09 1.222  +03                                            1121100300057 
 1.02   -08 1.175  +03                                            1121100300058 
 1.17   -08 1.112  +03                                            1121100300059 
 1.25   -08 9.83   +02                                            1121100300060 
 1.34   -08 1.010  +03                                            1121100300061 
 1.44   -08 9.71   +02                                            1121100300062 
 1.56   -08 9.34   +02                                            1121100300063 
 1.69   -08 9.20   +02                                            1121100300064 
 1.83   -08 8.92   +02                                            1121100300065 
 2.00   -08 8.47   +02                                            1121100300066 
 2.18   -08 8.15   +02                                            1121100300067 
 2.40   -08 7.68   +02                                            1121100300068 
 2.64   -08 7.33   +02                                            1121100300069 
 2.93   -08 6.98   +02                                            1121100300070 
ENDDATA             62          0                                 1121100300071 
ENDSUBENT           70          0                                 1121100399999 
SUBENT        11211004   19800820                             00001121100400001 
BIB                  2          2                                 1121100400002 
REACTION   (79-AU-197(N,TOT),,SIG)                                1121100400003 
METHOD     (TOF)      TIME-OF-FLIGHT                              1121100400004 
ENDBIB               2          0                                 1121100400005 
NOCOMMON             0          0                                 1121100400006 
DATA                 2         70                                 1121100400007 
EN         DATA                                                   1121100400008 
MEV        B                                                      1121100400009 
 1.22   -09 4.40   +02                                            1121100400010 
 1.30   -09 4.37   +02                                            1121100400011 
 1.40   -09 4.15   +02                                            1121100400012 
 1.50   -09 4.02   +02                                            1121100400013 
 1.62   -09 3.89   +02                                            1121100400014 
 1.74   -09 3.70   +02                                            1121100400015 
 1.89   -09 3.64   +02                                            1121100400016 
 2.05   -09 3.42   +02                                            1121100400017 
 2.23   -09 3.28   +02                                            1121100400018 
 2.44   -09 3.16   +02                                            1121100400019 
 2.69   -09 3.01   +02                                            1121100400020 
 2.96   -09 2.88   +02                                            1121100400021 
 2.98   -09 2.86   +02                                            1121100400022 
 3.12   -09 2.79   +02                                            1121100400023 
 3.21   -09 2.75   +02                                            1121100400024 
 3.31   -09 2.70   +02                                            1121100400025 
 3.52   -09 2.61   +02                                            1121100400026 
 3.64   -09 2.63   +02                                            1121100400027 
 3.77   -09 2.63   +02                                            1121100400028 
 3.90   -09 2.58   +02                                            1121100400029 
 4.02   -09 2.53   +02                                            1121100400030 
 4.17   -09 2.48   +02                                            1121100400031 
 4.30   -09 2.39   +02                                            1121100400032 
 4.36   -09 2.43   +02                                            1121100400033 
 4.46   -09 2.38   +02                                            1121100400034 
 4.51   -09 2.35   +02                                            1121100400035 
 4.68   -09 2.29   +02                                            1121100400036 
 4.84   -09 2.27   +02                                            1121100400037 
 5.03   -09 2.26   +02                                            1121100400038 
 5.24   -09 2.20   +02                                            1121100400039 
 5.43   -09 2.21   +02                                            1121100400040 
 5.91   -09 2.08   +02                                            1121100400041 
 6.14   -09 2.08   +02                                            1121100400042 
 6.42   -09 2.04   +02                                            1121100400043 
 6.64   -09 1.97   +02                                            1121100400044 
 6.68   -09 2.03   +02                                            1121100400045 
 6.95   -09 1.92   +02                                            1121100400046 
 7.29   -09 1.89   +02                                            1121100400047 
 7.60   -09 1.87   +02                                            1121100400048 
 7.99   -09 1.81   +02                                            1121100400049 
 8.40   -09 1.76   +02                                            1121100400050 
 8.79   -09 1.75   +02                                            1121100400051 
 9.21   -09 1.74   +02                                            1121100400052 
 9.79   -09 1.66   +02                                            1121100400053 
 1.03   -08 1.58   +02                                            1121100400054 
 1.08   -08 1.57   +02                                            1121100400055 
 1.15   -08 1.56   +02                                            1121100400056 
 1.16   -08 1.50   +02                                            1121100400057 
 1.19   -08 1.44   +02                                            1121100400058 
 1.25   -08 1.43   +02                                            1121100400059 
 1.31   -08 1.40   +02                                            1121100400060 
 1.36   -08 1.34   +02                                            1121100400061 
 1.43   -08 1.37   +02                                            1121100400062 
 1.51   -08 1.36   +02                                            1121100400063 
 1.59   -08 1.33   +02                                            1121100400064 
 1.66   -08 1.29   +02                                            1121100400065 
 1.75   -08 1.24   +02                                            1121100400066 
 1.86   -08 1.20   +02                                            1121100400067 
 1.93   -08 1.19   +02                                            1121100400068 
 1.97   -08 1.14   +02                                            1121100400069 
 2.02   -08 1.13   +02                                            1121100400070 
 2.17   -08 1.14   +02                                            1121100400071 
 2.29   -08 1.06   +02                                            1121100400072 
 2.44   -08 1.07   +02                                            1121100400073 
 2.58   -08 1.03   +02                                            1121100400074 
 2.76   -08 9.99   +01                                            1121100400075 
 3.20   -08 9.39   +01                                            1121100400076 
 3.41   -08 8.74   +01                                            1121100400077 
 3.68   -08 8.75   +01                                            1121100400078 
 3.92   -08 8.28   +01                                            1121100400079 
ENDDATA             72          0                                 1121100400080 
ENDSUBENT           79          0                                 1121100499999 
SUBENT        11211005   19800820                             00001121100500001 
BIB                  3          3                                 1121100500002 
REACTION   (79-AU-197(N,G)79-AU-198,,SIG)                         1121100500003 
STATUS     (DEP,11211004)                                         1121100500004 
ANALYSIS   FROM FIT TO TOTAL CROSS SECTION                        1121100500005 
ENDBIB               3          0                                 1121100500006 
NOCOMMON             0          0                                 1121100500007 
DATA                 3          1                                 1121100500008 
EN         DATA       DATA-ERR                                    1121100500009 
EV         B          B                                           1121100500010 
 0.0253     98.7       0.6                                        1121100500011 
ENDDATA              3          0                                 1121100500012 
ENDSUBENT           11          0                                 1121100599999 
ENDENTRY             5          0                                 1121199999999 
