ENTRY            11221   19800820                             00001122100000001 
SUBENT        11221001   19800820                             00001122100100001 
BIB                  6          7                                 1122100100002 
INSTITUTE  (1USANRL)                                              1122100100003 
REFERENCE  (J,PR,105,193,57)                                      1122100100004 
AUTHOR     (R.O.BONDELID,K.L.DUNNING,F.L.TALBOTT)                 1122100100005 
TITLE      TOTAL NEUTRON CROSS SECTIONS OF BE, C, F, CO AND GE.   1122100100006 
STATUS     (SCSRS)                                                1122100100007 
HISTORY    (760629T) TRANSLATED FROM SCISRS                       1122100100008 
           (800820A) CONVERTED TO REACTION FORMALISM              1122100100009 
ENDBIB               7          0                                 1122100100010 
NOCOMMON             0          0                                 1122100100011 
ENDSUBENT           10          0                                 1122100199999 
SUBENT        11221002   19800820                             00001122100200001 
BIB                  1          1                                 1122100200002 
REACTION   (4-BE-9(N,TOT),,SIG)                                   1122100200003 
ENDBIB               1          0                                 1122100200004 
NOCOMMON             0          0                                 1122100200005 
DATA                 2         41                                 1122100200006 
EN         DATA                                                   1122100200007 
MEV        B                                                      1122100200008 
 3.78   +00 2.140  +00                                            1122100200009 
 3.91   +00 1.983  +00                                            1122100200010 
 4.05   +00 1.995  +00                                            1122100200011 
 4.17   +00 1.878  +00                                            1122100200012 
 4.30   +00 1.979  +00                                            1122100200013 
 4.42   +00 2.057  +00                                            1122100200014 
 4.53   +00 1.967  +00                                            1122100200015 
 4.65   +00 1.998  +00                                            1122100200016 
 4.77   +00 1.946  +00                                            1122100200017 
 4.88   +00 1.929  +00                                            1122100200018 
 5.01   +00 1.862  +00                                            1122100200019 
 5.12   +00 1.978  +00                                            1122100200020 
 5.23   +00 1.998  +00                                            1122100200021 
 5.34   +00 1.981  +00                                            1122100200022 
 5.45   +00 1.976  +00                                            1122100200023 
 5.55   +00 1.924  +00                                            1122100200024 
 5.66   +00 1.885  +00                                            1122100200025 
 5.76   +00 1.919  +00                                            1122100200026 
 5.87   +00 1.910  +00                                            1122100200027 
 5.98   +00 1.863  +00                                            1122100200028 
 6.08   +00 1.997  +00                                            1122100200029 
 6.18   +00 1.891  +00                                            1122100200030 
 6.28   +00 1.948  +00                                            1122100200031 
 6.37   +00 1.929  +00                                            1122100200032 
 6.49   +00 1.888  +00                                            1122100200033 
 6.59   +00 1.863  +00                                            1122100200034 
 6.69   +00 2.016  +00                                            1122100200035 
 6.79   +00 1.798  +00                                            1122100200036 
 6.89   +00 1.875  +00                                            1122100200037 
 6.99   +00 1.908  +00                                            1122100200038 
 7.10   +00 1.923  +00                                            1122100200039 
 7.19   +00 1.841  +00                                            1122100200040 
 7.29   +00 1.921  +00                                            1122100200041 
 7.40   +00 1.880  +00                                            1122100200042 
 7.50   +00 1.898  +00                                            1122100200043 
 7.59   +00 1.869  +00                                            1122100200044 
 7.69   +00 1.926  +00                                            1122100200045 
 7.79   +00 1.892  +00                                            1122100200046 
 7.89   +00 1.903  +00                                            1122100200047 
 8.00   +00 1.926  +00                                            1122100200048 
 8.09   +00 1.875  +00                                            1122100200049 
ENDDATA             43          0                                 1122100200050 
ENDSUBENT           49          0                                 1122100299999 
SUBENT        11221003   19800820                             00001122100300001 
BIB                  2          2                                 1122100300002 
REACTION   (6-C-0(N,TOT),,SIG)                                    1122100300003 
ERR-ANALYS STATISTICAL ERROR TABULATED.                           1122100300004 
ENDBIB               2          0                                 1122100300005 
COMMON               2          3                                 1122100300006 
EN-RSL     DATA-ERR                                               1122100300007 
MEV        PER-CENT                                               1122100300008 
 0.1        2.0                                                   1122100300009 
ENDCOMMON            3          0                                 1122100300010 
DATA                 2         41                                 1122100300011 
EN         DATA                                                   1122100300012 
MEV        B                                                      1122100300013 
 3.78   +00 2.351  +00                                            1122100300014 
 3.91   +00 2.103  +00                                            1122100300015 
 4.05   +00 1.847  +00                                            1122100300016 
 4.17   +00 1.924  +00                                            1122100300017 
 4.30   +00 2.128  +00                                            1122100300018 
 4.42   +00 1.881  +00                                            1122100300019 
 4.53   +00 1.741  +00                                            1122100300020 
 4.65   +00 1.516  +00                                            1122100300021 
 4.77   +00 1.468  +00                                            1122100300022 
 4.88   +00 1.292  +00                                            1122100300023 
 5.01   +00 1.210  +00                                            1122100300024 
 5.12   +00 1.170  +00                                            1122100300025 
 5.23   +00 1.123  +00                                            1122100300026 
 5.34   +00 1.310  +00                                            1122100300027 
 5.45   +00 1.263  +00                                            1122100300028 
 5.55   +00 1.243  +00                                            1122100300029 
 5.66   +00 1.132  +00                                            1122100300030 
 5.76   +00 1.073  +00                                            1122100300031 
 5.87   +00 1.052  +00                                            1122100300032 
 5.98   +00 1.103  +00                                            1122100300033 
 6.08   +00 1.110  +00                                            1122100300034 
 6.18   +00 1.119  +00                                            1122100300035 
 6.28   +00 1.914  +00                                            1122100300036 
 6.37   +00 1.549  +00                                            1122100300037 
 6.49   +00 1.117  +00                                            1122100300038 
 6.59   +00 8.36   -01                                            1122100300039 
 6.69   +00 9.24   -01                                            1122100300040 
 6.79   +00 8.01   -01                                            1122100300041 
 6.89   +00 8.11   -01                                            1122100300042 
 6.99   +00 7.77   -01                                            1122100300043 
 7.10   +00 7.75   -01                                            1122100300044 
 7.19   +00 8.53   -01                                            1122100300045 
 7.29   +00 1.319  +00                                            1122100300046 
 7.40   +00 1.947  +00                                            1122100300047 
 7.50   +00 1.899  +00                                            1122100300048 
 7.59   +00 1.930  +00                                            1122100300049 
 7.69   +00 2.043  +00                                            1122100300050 
 7.79   +00 2.399  +00                                            1122100300051 
 7.89   +00 2.219  +00                                            1122100300052 
 8.00   +00 2.009  +00                                            1122100300053 
 8.09   +00 2.070  +00                                            1122100300054 
ENDDATA             43          0                                 1122100300055 
ENDSUBENT           54          0                                 1122100399999 
SUBENT        11221004   19800820                             00001122100400001 
BIB                  2          2                                 1122100400002 
REACTION   (9-F-19(N,TOT),,SIG)                                   1122100400003 
ERR-ANALYS STATISTICAL ERROR TABULATED.                           1122100400004 
ENDBIB               2          0                                 1122100400005 
COMMON               1          3                                 1122100400006 
DATA-ERR                                                          1122100400007 
PER-CENT                                                          1122100400008 
 2.                                                               1122100400009 
ENDCOMMON            3          0                                 1122100400010 
DATA                 2         41                                 1122100400011 
EN         DATA                                                   1122100400012 
MEV        B                                                      1122100400013 
 3.78   +00 1.999  +00                                            1122100400014 
 3.91   +00 1.999  +00                                            1122100400015 
 4.05   +00 1.879  +00                                            1122100400016 
 4.17   +00 1.913  +00                                            1122100400017 
 4.30   +00 2.279  +00                                            1122100400018 
 4.42   +00 2.337  +00                                            1122100400019 
 4.53   +00 2.240  +00                                            1122100400020 
 4.65   +00 2.076  +00                                            1122100400021 
 4.77   +00 1.911  +00                                            1122100400022 
 4.88   +00 1.844  +00                                            1122100400023 
 5.01   +00 1.658  +00                                            1122100400024 
 5.12   +00 1.964  +00                                            1122100400025 
 5.23   +00 1.929  +00                                            1122100400026 
 5.34   +00 1.934  +00                                            1122100400027 
 5.45   +00 2.018  +00                                            1122100400028 
 5.55   +00 2.035  +00                                            1122100400029 
 5.66   +00 1.916  +00                                            1122100400030 
 5.76   +00 2.045  +00                                            1122100400031 
 5.87   +00 1.914  +00                                            1122100400032 
 5.98   +00 1.948  +00                                            1122100400033 
 6.08   +00 1.842  +00                                            1122100400034 
 6.18   +00 1.948  +00                                            1122100400035 
 6.28   +00 1.748  +00                                            1122100400036 
 6.37   +00 1.816  +00                                            1122100400037 
 6.49   +00 1.708  +00                                            1122100400038 
 6.59   +00 1.860  +00                                            1122100400039 
 6.69   +00 1.629  +00                                            1122100400040 
 6.79   +00 1.695  +00                                            1122100400041 
 6.89   +00 1.681  +00                                            1122100400042 
 6.99   +00 1.774  +00                                            1122100400043 
 7.10   +00 1.899  +00                                            1122100400044 
 7.19   +00 1.813  +00                                            1122100400045 
 7.29   +00 1.908  +00                                            1122100400046 
 7.40   +00 1.930  +00                                            1122100400047 
 7.50   +00 2.095  +00                                            1122100400048 
 7.59   +00 2.095  +00                                            1122100400049 
 7.69   +00 1.810  +00                                            1122100400050 
 7.79   +00 1.937  +00                                            1122100400051 
 7.89   +00 1.826  +00                                            1122100400052 
 8.00   +00 1.864  +00                                            1122100400053 
 8.09   +00 1.854  +00                                            1122100400054 
ENDDATA             43          0                                 1122100400055 
ENDSUBENT           54          0                                 1122100499999 
SUBENT        11221005   19800820                             00001122100500001 
BIB                  2          2                                 1122100500002 
REACTION   (27-CO-59(N,TOT),,SIG)                                 1122100500003 
ERR-ANALYS ERRORS STATISTICAL ONLY.                               1122100500004 
ENDBIB               2          0                                 1122100500005 
COMMON               2          3                                 1122100500006 
EN-RSL     DATA-ERR                                               1122100500007 
MEV        PER-CENT                                               1122100500008 
 0.1        20.                                                   1122100500009 
ENDCOMMON            3          0                                 1122100500010 
DATA                 2         41                                 1122100500011 
EN         DATA                                                   1122100500012 
MEV        B                                                      1122100500013 
 3.78   +00 3.592  +00                                            1122100500014 
 3.91   +00 3.629  +00                                            1122100500015 
 4.05   +00 3.642  +00                                            1122100500016 
 4.17   +00 3.652  +00                                            1122100500017 
 4.30   +00 3.807  +00                                            1122100500018 
 4.42   +00 3.771  +00                                            1122100500019 
 4.53   +00 3.888  +00                                            1122100500020 
 4.65   +00 3.778  +00                                            1122100500021 
 4.77   +00 3.873  +00                                            1122100500022 
 4.88   +00 3.819  +00                                            1122100500023 
 5.01   +00 3.776  +00                                            1122100500024 
 5.12   +00 3.927  +00                                            1122100500025 
 5.23   +00 3.966  +00                                            1122100500026 
 5.34   +00 3.866  +00                                            1122100500027 
 5.45   +00 3.855  +00                                            1122100500028 
 5.55   +00 3.888  +00                                            1122100500029 
 5.66   +00 3.881  +00                                            1122100500030 
 5.76   +00 3.841  +00                                            1122100500031 
 5.87   +00 3.878  +00                                            1122100500032 
 5.98   +00 3.907  +00                                            1122100500033 
 6.08   +00 3.994  +00                                            1122100500034 
 6.18   +00 3.934  +00                                            1122100500035 
 6.28   +00 3.981  +00                                            1122100500036 
 6.37   +00 4.047  +00                                            1122100500037 
 6.49   +00 3.954  +00                                            1122100500038 
 6.59   +00 3.860  +00                                            1122100500039 
 6.69   +00 3.977  +00                                            1122100500040 
 6.79   +00 3.938  +00                                            1122100500041 
 6.89   +00 3.887  +00                                            1122100500042 
 6.99   +00 3.968  +00                                            1122100500043 
 7.10   +00 3.988  +00                                            1122100500044 
 7.19   +00 3.772  +00                                            1122100500045 
 7.29   +00 3.937  +00                                            1122100500046 
 7.40   +00 3.942  +00                                            1122100500047 
 7.50   +00 3.922  +00                                            1122100500048 
 7.59   +00 3.971  +00                                            1122100500049 
 7.69   +00 3.949  +00                                            1122100500050 
 7.79   +00 3.907  +00                                            1122100500051 
 7.89   +00 3.866  +00                                            1122100500052 
 8.00   +00 3.914  +00                                            1122100500053 
 8.09   +00 3.763  +00                                            1122100500054 
ENDDATA             43          0                                 1122100500055 
ENDSUBENT           54          0                                 1122100599999 
SUBENT        11221006   19800820                             00001122100600001 
BIB                  2          2                                 1122100600002 
REACTION   (32-GE-0(N,TOT),,SIG)                                  1122100600003 
ERR-ANALYS ERROR STATISTICAL ONLY.                                1122100600004 
ENDBIB               2          0                                 1122100600005 
COMMON               2          3                                 1122100600006 
EN-RSL     DATA-ERR                                               1122100600007 
KEV        PER-CENT                                               1122100600008 
 100.       20.                                                   1122100600009 
ENDCOMMON            3          0                                 1122100600010 
DATA                 2         41                                 1122100600011 
EN         DATA                                                   1122100600012 
MEV        B                                                      1122100600013 
 3.78   +00 3.777  +00                                            1122100600014 
 3.91   +00 3.794  +00                                            1122100600015 
 4.05   +00 3.899  +00                                            1122100600016 
 4.17   +00 3.816  +00                                            1122100600017 
 4.30   +00 4.081  +00                                            1122100600018 
 4.42   +00 4.033  +00                                            1122100600019 
 4.53   +00 3.979  +00                                            1122100600020 
 4.65   +00 3.942  +00                                            1122100600021 
 4.77   +00 4.030  +00                                            1122100600022 
 4.88   +00 3.923  +00                                            1122100600023 
 5.01   +00 3.874  +00                                            1122100600024 
 5.12   +00 4.004  +00                                            1122100600025 
 5.23   +00 4.013  +00                                            1122100600026 
 5.34   +00 4.150  +00                                            1122100600027 
 5.45   +00 3.978  +00                                            1122100600028 
 5.55   +00 4.269  +00                                            1122100600029 
 5.66   +00 4.084  +00                                            1122100600030 
 5.76   +00 4.154  +00                                            1122100600031 
 5.87   +00 4.045  +00                                            1122100600032 
 5.98   +00 4.255  +00                                            1122100600033 
 6.08   +00 4.186  +00                                            1122100600034 
 6.18   +00 4.119  +00                                            1122100600035 
 6.28   +00 4.243  +00                                            1122100600036 
 6.37   +00 4.246  +00                                            1122100600037 
 6.49   +00 4.210  +00                                            1122100600038 
 6.59   +00 4.093  +00                                            1122100600039 
 6.69   +00 4.287  +00                                            1122100600040 
 6.79   +00 4.266  +00                                            1122100600041 
 6.89   +00 4.218  +00                                            1122100600042 
 6.99   +00 4.190  +00                                            1122100600043 
 7.10   +00 4.295  +00                                            1122100600044 
 7.19   +00 4.171  +00                                            1122100600045 
 7.29   +00 4.224  +00                                            1122100600046 
 7.40   +00 4.307  +00                                            1122100600047 
 7.50   +00 4.226  +00                                            1122100600048 
 7.59   +00 4.206  +00                                            1122100600049 
 7.69   +00 4.304  +00                                            1122100600050 
 7.79   +00 4.310  +00                                            1122100600051 
 7.89   +00 4.322  +00                                            1122100600052 
 8.00   +00 4.354  +00                                            1122100600053 
 8.09   +00 4.375  +00                                            1122100600054 
ENDDATA             43          0                                 1122100600055 
ENDSUBENT           54          0                                 1122100699999 
ENDENTRY             6          0                                 1122199999999 
