ENTRY            11248   19800820                             00001124800000001 
SUBENT        11248001   19800820                             00001124800100001 
BIB                  6          8                                 1124800100002 
INSTITUTE  (1USAANL)                                              1124800100003 
REFERENCE  (J,PR,71,589,4705)                                     1124800100004 
AUTHOR     (E.FERMI,W.J.STORM,R.G.SACHS)                          1124800100005 
TITLE      THE TRANSMISSION OF SLOW NEUTRONS THROUGH              1124800100006 
           MICROCRYSTALLINE MATERIALS.                            1124800100007 
STATUS     (SCSRS)                                                1124800100008 
HISTORY    (760629T) TRANSLATED FROM SCISRS                       1124800100009 
           (800820A) CONVERTED TO REACTION FORMALISM              1124800100010 
ENDBIB               8          0                                 1124800100011 
NOCOMMON             0          0                                 1124800100012 
ENDSUBENT           11          0                                 1124800199999 
SUBENT        11248002   19800820                             00001124800200001 
BIB                  3          3                                 1124800200002 
REACTION   (4-BE-OXI(N,TOT),,SIG)                                 1124800200003 
FACILITY   MECHANICAL VELOCITY SELECTOR                           1124800200004 
METHOD     (TOF)      TIME-OF-FLIGHT                              1124800200005 
ENDBIB               3          0                                 1124800200006 
NOCOMMON             0          0                                 1124800200007 
DATA                 2         45                                 1124800200008 
EN         DATA                                                   1124800200009 
MEV        B                                                      1124800200010 
 2.69   -09 2.425  +00                                            1124800200011 
 2.951  -09 2.975  +00                                            1124800200012 
 3.236  -09 2.90   +00                                            1124800200013 
 3.589  -09 3.35   +00                                            1124800200014 
 4.074  -09 5.75   +00                                            1124800200015 
 4.266  -09 6.20   +00                                            1124800200016 
 4.467  -09 7.35   +00                                            1124800200017 
 4.670  -09 8.35   +00                                            1124800200018 
 5.012  -09 8.80   +00                                            1124800200019 
 5.012  -09 9.10   +00                                            1124800200020 
 5.495  -09 9.20   +00                                            1124800200021 
 5.754  -09 8.50   +00                                            1124800200022 
 6.166  -09 8.05   +00                                            1124800200023 
 6.531  -09 7.70   +00                                            1124800200024 
 7.079  -09 7.15   +00                                            1124800200025 
 7.499  -09 7.50   +00                                            1124800200026 
 8.913  -09 7.65   +00                                            1124800200027 
 9.550  -09 7.70   +00                                            1124800200028 
 1.012  -08 7.025  +00                                            1124800200029 
 1.026  -08 7.65   +00                                            1124800200030 
 1.047  -08 6.70   +00                                            1124800200031 
 1.122  -08 8.95   +00                                            1124800200032 
 1.202  -08 8.40   +00                                            1124800200033 
 1.288  -08 9.25   +00                                            1124800200034 
 1.365  -08 1.060  +01                                            1124800200035 
 1.479  -08 1.009  +01                                            1124800200036 
 1.567  -08 1.205  +01                                            1124800200037 
 1.698  -08 1.095  +01                                            1124800200038 
 1.788  -08 1.110  +01                                            1124800200039 
 1.995  -08 1.075  +01                                            1124800200040 
 2.317  -08 9.20   +00                                            1124800200041 
 2.570  -08 9.90   +00                                            1124800200042 
 3.126  -08 1.000  +01                                            1124800200043 
 3.428  -08 1.020  +01                                            1124800200044 
 3.802  -08 1.050  +01                                            1124800200045 
 4.266  -08 1.060  +01                                            1124800200046 
 4.898  -08 1.033  +01                                            1124800200047 
 5.623  -08 1.045  +01                                            1124800200048 
 6.457  -08 1.010  +01                                            1124800200049 
 7.413  -08 9.625  +00                                            1124800200050 
 8.913  -08 9.85   +00                                            1124800200051 
 1.109  -07 9.75   +00                                            1124800200052 
 1.274  -07 9.95   +00                                            1124800200053 
 1.641  -07 9.95   +00                                            1124800200054 
 1.995  -07 1.003  +01                                            1124800200055 
ENDDATA             47          0                                 1124800200056 
ENDSUBENT           55          0                                 1124800299999 
SUBENT        11248003   19800820                             00001124800300001 
BIB                  2          2                                 1124800300002 
REACTION   (4-BE-OXI(N,TOT),,SIG)                                 1124800300003 
FACILITY   (SPECC)    CRYSTAL SPECTROMETER                        1124800300004 
ENDBIB               2          0                                 1124800300005 
NOCOMMON             0          0                                 1124800300006 
DATA                 2         12                                 1124800300007 
EN         DATA                                                   1124800300008 
MEV        B                                                      1124800300009 
 2.818  -08 9.75   +00                                            1124800300010 
 3.631  -08 1.035  +01                                            1124800300011 
 3.936  -08 1.050  +01                                            1124800300012 
 5.309  -08 1.025  +01                                            1124800300013 
 6.166  -08 9.95   +00                                            1124800300014 
 7.762  -08 9.95   +00                                            1124800300015 
 1.122  -07 1.002  +01                                            1124800300016 
 1.396  -07 9.95   +00                                            1124800300017 
 1.641  -07 1.005  +01                                            1124800300018 
 1.995  -07 9.975  +00                                            1124800300019 
 2.455  -07 9.75   +00                                            1124800300020 
 5.012  -07 9.60   +00                                            1124800300021 
ENDDATA             14          0                                 1124800300022 
ENDSUBENT           21          0                                 1124800399999 
ENDENTRY             3          0                                 1124899999999 
