ENTRY            11245   19800820                             00001124500000001 
SUBENT        11245001   19800820                             00001124500100001 
BIB                  6          8                                 1124500100002 
INSTITUTE  (1USAORL)                                              1124500100003 
REFERENCE  (J,NP,17,109,6006)                                     1124500100004 
AUTHOR     (H.W.SCHMITT,R.C.BLOCK,R.L.BAILEY)                     1124500100005 
TITLE      TOTAL NEUTRON CROSS SECTION OF B10 IN THE THERMAL      1124500100006 
           NEUTRON ENERGY RANGE.                                  1124500100007 
STATUS     (SCSRS)                                                1124500100008 
HISTORY    (760629T) TRANSLATED FROM SCISRS                       1124500100009 
           (800820A) CONVERTED TO REACTION FORMALISM              1124500100010 
ENDBIB               8          0                                 1124500100011 
NOCOMMON             0          0                                 1124500100012 
ENDSUBENT           11          0                                 1124500199999 
SUBENT        11245002   19800820                             00001124500200001 
BIB                  3          3                                 1124500200002 
REACTION   (5-B-0(N,ABS),,SIG)                                    1124500200003 
ANALYSIS   TOTAL MINUS 4 B ELASTIC.                               1124500200004 
SAMPLE     ANL-BNL STANDARD BORON.                                1124500200005 
ENDBIB               3          0                                 1124500200006 
NOCOMMON             0          0                                 1124500200007 
DATA                 3          1                                 1124500200008 
EN         DATA       DATA-ERR                                    1124500200009 
MEV        B          B                                           1124500200010 
 2.53   -08 7.53   +02 6.     +00                                 1124500200011 
ENDDATA              3          0                                 1124500200012 
ENDSUBENT           11          0                                 1124500299999 
SUBENT        11245003   19800820                             00001124500300001 
BIB                  3          3                                 1124500300002 
REACTION   (5-B-10(N,TOT),,SIG)                                   1124500300003 
FACILITY   (CHOPF) FAST CHOPPER                                   1124500300004 
METHOD     (TOF)      TIME-OF-FLIGHT                              1124500300005 
ENDBIB               3          0                                 1124500300006 
COMMON               1          3                                 1124500300007 
EN-RSL                                                            1124500300008 
MICROSEC/M                                                        1124500300009 
 2.                                                               1124500300010 
ENDCOMMON            3          0                                 1124500300011 
DATA                 3         82                                 1124500300012 
EN         DATA       DATA-ERR                                    1124500300013 
MEV        B          B                                           1124500300014 
 1.85   -08 4.48   +03                                            1124500300015 
 1.86   -08 4.46   +03                                            1124500300016 
 1.88   -08 4.45   +03                                            1124500300017 
 1.89   -08 4.55   +03                                            1124500300018 
 1.90   -08 4.48   +03 7.0    +02                                 1124500300019 
 1.92   -08 4.50   +03                                            1124500300020 
 1.93   -08 4.25   +03                                            1124500300021 
 1.95   -08 4.42   +03                                            1124500300022 
 1.97   -08 4.34   +03                                            1124500300023 
 1.99   -08 4.38   +03                                            1124500300024 
 2.00   -08 4.25   +03                                            1124500300025 
 2.02   -08 4.35   +03                                            1124500300026 
 2.03   -08 4.20   +03                                            1124500300027 
 2.04   -08 4.16   +03                                            1124500300028 
 2.07   -08 4.08   +03                                            1124500300029 
 2.09   -08 4.18   +03                                            1124500300030 
 2.10   -08 4.21   +03                                            1124500300031 
 2.12   -08 4.22   +03                                            1124500300032 
 2.13   -08 4.20   +03                                            1124500300033 
 2.15   -08 4.23   +03                                            1124500300034 
 2.16   -08 4.15   +03                                            1124500300035 
 2.18   -08 4.19   +03                                            1124500300036 
 2.19   -08 4.14   +03                                            1124500300037 
 2.22   -08 4.08   +03                                            1124500300038 
 2.24   -08 4.15   +03                                            1124500300039 
 2.27   -08 3.95   +03                                            1124500300040 
 2.28   -08 4.10   +03                                            1124500300041 
 2.30   -08 4.05   +03                                            1124500300042 
 2.33   -08 3.99   +03                                            1124500300043 
 2.34   -08 3.97   +03                                            1124500300044 
 2.37   -08 3.96   +03                                            1124500300045 
 2.39   -08 4.03   +03                                            1124500300046 
 2.40   -08 3.93   +03                                            1124500300047 
 2.46   -08 3.96   +03                                            1124500300048 
 2.48   -08 3.96   +03                                            1124500300049 
 2.51   -08 3.95   +03                                            1124500300050 
 2.53   -08 3.78   +03                                            1124500300051 
 2.55   -08 3.82   +03                                            1124500300052 
 2.58   -08 3.81   +03                                            1124500300053 
 2.59   -08 3.77   +03                                            1124500300054 
 2.62   -08 3.70   +03                                            1124500300055 
 2.65   -08 3.78   +03                                            1124500300056 
 2.67   -08 3.67   +03                                            1124500300057 
 2.69   -08 3.68   +03                                            1124500300058 
 2.72   -08 3.69   +03                                            1124500300059 
 2.74   -08 3.71   +03                                            1124500300060 
 2.77   -08 3.63   +03                                            1124500300061 
 2.79   -08 3.66   +03                                            1124500300062 
 2.82   -08 3.66   +03                                            1124500300063 
 2.86   -08 3.62   +03                                            1124500300064 
 2.87   -08 3.56   +03 5.0    +02                                 1124500300065 
 2.90   -08 3.64   +03                                            1124500300066 
 2.92   -08 3.51   +03                                            1124500300067 
 2.95   -08 3.54   +03                                            1124500300068 
 2.99   -08 3.57   +03                                            1124500300069 
 3.01   -08 3.49   +03                                            1124500300070 
 3.03   -08 3.50   +03                                            1124500300071 
 3.06   -08 3.51   +03                                            1124500300072 
 3.10   -08 3.54   +03                                            1124500300073 
 3.12   -08 3.42   +03                                            1124500300074 
 3.15   -08 3.46   +03                                            1124500300075 
 3.19   -08 3.54   +03                                            1124500300076 
 3.22   -08 3.42   +03                                            1124500300077 
 3.26   -08 3.33   +03                                            1124500300078 
 3.28   -08 3.39   +03                                            1124500300079 
 3.33   -08 3.41   +03                                            1124500300080 
 3.37   -08 3.30   +03                                            1124500300081 
 3.39   -08 3.32   +03                                            1124500300082 
 3.42   -08 3.24   +03                                            1124500300083 
 3.46   -08 3.24   +03                                            1124500300084 
 3.50   -08 3.29   +03                                            1124500300085 
 3.53   -08 3.27   +03                                            1124500300086 
 3.57   -08 3.23   +03                                            1124500300087 
 3.60   -08 3.19   +03                                            1124500300088 
 3.64   -08 3.19   +03                                            1124500300089 
 3.67   -08 3.12   +03                                            1124500300090 
 3.82   -08 3.13   +03                                            1124500300091 
 3.86   -08 3.11   +03                                            1124500300092 
 3.91   -08 3.10   +03                                            1124500300093 
 3.96   -08 3.04   +03 4.0    +02                                 1124500300094 
 4.01   -08 3.01   +03                                            1124500300095 
 4.04   -08 3.03   +03                                            1124500300096 
ENDDATA             84          0                                 1124500300097 
ENDSUBENT           96          0                                 1124500399999 
SUBENT        11245004   19800820                             00001124500400001 
BIB                  3          3                                 1124500400002 
REACTION   (5-B-10(N,ABS),,SIG)                                   1124500400003 
STATUS     (DEP)       FROM TOTAL MEASUREMENT                     1124500400004 
ANALYSIS   ASSUMED SCATTERING = 4 B.                              1124500400005 
ENDBIB               3          0                                 1124500400006 
NOCOMMON             0          0                                 1124500400007 
DATA                 3          1                                 1124500400008 
EN         DATA       DATA-ERR                                    1124500400009 
EV         B          B                                           1124500400010 
 0.0253     3848.      38.                                        1124500400011 
ENDDATA              3          0                                 1124500400012 
ENDSUBENT           11          0                                 1124500499999 
SUBENT        11245005   19800820                             00001124500500001 
BIB                  2          2                                 1124500500002 
REACTION   (5-B-10(N,TOT),,SIG)                                   1124500500003 
STATUS     (UNOBT) DATA UNAVAILABLE AT CENTER                     1124500500004 
ENDBIB               2          0                                 1124500500005 
COMMON               2          3                                 1124500500006 
EN-MIN     EN-MAX                                                 1124500500007 
EV         EV                                                     1124500500008 
 0.04       0.4                                                   1124500500009 
ENDCOMMON            3          0                                 1124500500010 
NODATA               0          0                                 1124500500011 
ENDSUBENT           10          0                                 1124500599999 
ENDENTRY             5          0                                 1124599999999 
