ENTRY            11250   19800820                             00001125000000001 
SUBENT        11250001   19800820                             00001125000100001 
BIB                  6          8                                 1125000100002 
INSTITUTE  (1USALRC,1USABNW)                                      1125000100003 
REFERENCE  (J,NP/A,125,463,69)                                    1125000100004 
AUTHOR     (D.BOGART,L.L.NICHOLS)                                 1125000100005 
TITLE      MEASUREMENT OF THE B10(N,ALPHA)LI7,LI7*RELATIVE CROSS  1125000100006 
           SECTIONS IN THE KEV REGION.                            1125000100007 
STATUS     (SCSRS)                                                1125000100008 
HISTORY    (760629T) TRANSLATED FROM SCISRS                       1125000100009 
           (800820A) CONVERTED TO REACTION FORMALISM              1125000100010 
ENDBIB               8          0                                 1125000100011 
NOCOMMON             0          0                                 1125000100012 
ENDSUBENT           11          0                                 1125000199999 
SUBENT        11250002   19800820                             00001125000200001 
BIB                  3          3                                 1125000200002 
REACTION   (5-B-10(N,A)3-LI-7,,SIG)                               1125000200003 
DETECTOR   (PROPC)    PROPORTIONAL COUNTER                        1125000200004 
MONITOR    (5-B-10(N,A)3-LI-7,,SIG) NORMALIZED TO 1/V BELOW 80KEV.1125000200005 
ENDBIB               3          0                                 1125000200006 
NOCOMMON             0          0                                 1125000200007 
DATA                 4         27                                 1125000200008 
EN         EN-RSL     DATA       DATA-ERR                         1125000200009 
MEV        MEV        B          B                                1125000200010 
 2.9    -02 6.     -03 3.79   +00 1.3    -01                      1125000200011 
 3.9    -02 7.     -03 3.05   +00 8.     -02                      1125000200012 
 4.4    -02 7.     -03 2.96   +00 9.     -02                      1125000200013 
 5.8    -02 8.     -03 2.43   +00 8.     -02                      1125000200014 
 5.8    -02 8.     -03 2.58   +00 7.     -02                      1125000200015 
 6.7    -02 8.     -03 2.36   +00 7.     -02                      1125000200016 
 7.6    -02 9.     -03 2.23   +00 6.     -02                      1125000200017 
 8.0    -02 9.     -03 2.21   +00 6.     -02                      1125000200018 
 1.05   -01 1.0    -02 2.04   +00 5.     -02                      1125000200019 
 1.05   -01 1.0    -02 1.95   +00 5.     -02                      1125000200020 
 1.20   -01 1.1    -02 1.88   +00 5.     -02                      1125000200021 
 1.24   -01 1.1    -02 2.03   +00 5.     -02                      1125000200022 
 1.24   -01 1.1    -02 1.92   +00 5.     -02                      1125000200023 
 1.24   -01 1.1    -02 1.89   +00 5.     -02                      1125000200024 
 1.41   -01 1.2    -02 1.91   +00 5.     -02                      1125000200025 
 1.41   -01 1.2    -02 1.86   +00 6.     -02                      1125000200026 
 1.53   -01 1.3    -02 1.67   +00 6.     -02                      1125000200027 
 1.58   -01 1.3    -02 1.78   +00 6.     -02                      1125000200028 
 1.69   -01 1.4    -02 1.70   +00 6.     -02                      1125000200029 
 1.81   -01 1.5    -02 1.64   +00 6.     -02                      1125000200030 
 1.83   -01 2.0    -02 1.69   +00 6.     -02                      1125000200031 
 1.93   -01 1.5    -02 1.80   +00 6.     -02                      1125000200032 
 1.94   -01 2.0    -02 1.75   +00 6.     -02                      1125000200033 
 2.17   -01 2.0    -02 1.59   +00 6.     -02                      1125000200034 
 4.42   -01 3.0    -02 1.05   +00 6.     -02                      1125000200035 
 6.48   -01 5.0    -02 6.5    -01 5.     -02                      1125000200036 
 8.17   -01 7.0    -02 5.0    -01 5.     -02                      1125000200037 
ENDDATA             29          0                                 1125000200038 
ENDSUBENT           37          0                                 1125000299999 
ENDENTRY             2          0                                 1125099999999 
