ENTRY            11268   19810428                             00001126800000001 
SUBENT        11268001   19810428                             00001126800100001 
BIB                  7         10                                 1126800100002 
INSTITUTE  (1USATNC)                                              1126800100003 
REFERENCE  (J,BAP,5,246(HA5),6004)                                1126800100004 
           (R,AFSWC-TR-60-30,60)                                  1126800100005 
AUTHOR     (J.H.MC CRARY,I.L.MORGAN)                              1126800100006 
TITLE       (N,2N) CROSS SECTIONS OF N-14, F-19, CU-63, CU-65 AND 1126800100007 
            SB-121 IN THE ENERGY REGION OF 13.5 MEV TO 15.2 MEV.  1126800100008 
METHOD     (ACTIV)                                                1126800100009 
STATUS     (SCSRS)                                                1126800100010 
HISTORY    (761001T) TRANSLATED FROM SCISRS                       1126800100011 
           (810428A) CONVERTED TO REACTION FORMALISM              1126800100012 
ENDBIB              10          0                                 1126800100013 
NOCOMMON             0          0                                 1126800100014 
ENDSUBENT           13          0                                 1126800199999 
SUBENT        11268002   19810428                             00001126800200001 
BIB                  2          2                                 1126800200002 
REACTION   (7-N-14(N,2N)7-N-13,,SIG)                              1126800200003 
PART-DET   (AR) ANNIHILATION RADIATION                            1126800200004 
ENDBIB               2          0                                 1126800200005 
NOCOMMON             0          0                                 1126800200006 
DATA                 3          8                                 1126800200007 
EN         DATA       DATA-ERR                                    1126800200008 
MEV        B          B                                           1126800200009 
 1.320  +01 4.32   -03 4.3    -04                                 1126800200010 
 1.359  +01 5.58   -03 5.6    -04                                 1126800200011 
 1.385  +01 5.52   -03 5.5    -04                                 1126800200012 
 1.414  +01 7.02   -03 7.0    -04                                 1126800200013 
 1.443  +01 7.45   -03 7.5    -04                                 1126800200014 
 1.471  +01 8.34   -03 8.3    -04                                 1126800200015 
 1.495  +01 9.27   -03 9.3    -04                                 1126800200016 
 1.534  +01 1.11   -02 1.1    -03                                 1126800200017 
ENDDATA             10          0                                 1126800200018 
ENDSUBENT           17          0                                 1126800299999 
SUBENT        11268003   19810428                             00001126800300001 
BIB                  2          2                                 1126800300002 
REACTION   (9-F-19(N,2N)9-F-18,,SIG)                              1126800300003 
PART-DET   (AR) ANNIHILATION RADIATION                            1126800300004 
ENDBIB               2          0                                 1126800300005 
NOCOMMON             0          0                                 1126800300006 
DATA                 3          8                                 1126800300007 
EN         DATA       DATA-ERR                                    1126800300008 
MEV        B          B                                           1126800300009 
 1.320  +01 3.87   -02 3.9    -03                                 1126800300010 
 1.359  +01 4.60   -02 4.6    -03                                 1126800300011 
 1.385  +01 4.98   -02 5.0    -03                                 1126800300012 
 1.414  +01 5.64   -02 5.6    -03                                 1126800300013 
 1.443  +01 6.13   -02 6.1    -03                                 1126800300014 
 1.471  +01 6.84   -02 6.8    -03                                 1126800300015 
 1.495  +01 7.51   -02 7.5    -03                                 1126800300016 
 1.534  +01 8.29   -02 8.3    -03                                 1126800300017 
ENDDATA             10          0                                 1126800300018 
ENDSUBENT           17          0                                 1126800399999 
SUBENT        11268004   19810428                             00001126800400001 
BIB                  1          1                                 1126800400002 
REACTION   (29-CU-63(N,2N)29-CU-62,,SIG)                          1126800400003 
ENDBIB               1          0                                 1126800400004 
NOCOMMON             0          0                                 1126800400005 
DATA                 3          8                                 1126800400006 
EN         DATA       DATA-ERR                                    1126800400007 
MEV        B          B                                           1126800400008 
 1.320  +01 4.99   -01 5.0    -02                                 1126800400009 
 1.359  +01 5.85   -01 5.9    -02                                 1126800400010 
 1.385  +01 6.87   -01 6.9    -02                                 1126800400011 
 1.414  +01 6.43   -01 6.4    -02                                 1126800400012 
 1.443  +01 7.00   -01 7.0    -02                                 1126800400013 
 1.471  +01 7.68   -01 7.7    -02                                 1126800400014 
 1.495  +01 9.60   -01 9.6    -02                                 1126800400015 
 1.534  +01 9.45   -01 9.5    -02                                 1126800400016 
ENDDATA             10          0                                 1126800400017 
ENDSUBENT           16          0                                 1126800499999 
SUBENT        11268005   19810428                             00001126800500001 
BIB                  1          1                                 1126800500002 
REACTION   (29-CU-65(N,2N)29-CU-64,,SIG)                          1126800500003 
ENDBIB               1          0                                 1126800500004 
NOCOMMON             0          0                                 1126800500005 
DATA                 3          8                                 1126800500006 
EN         DATA       DATA-ERR                                    1126800500007 
MEV        B          B                                           1126800500008 
 1.320  +01 1.250  +00 1.30   -01                                 1126800500009 
 1.359  +01 1.360  +00 1.40   -01                                 1126800500010 
 1.385  +01 1.420  +00 1.40   -01                                 1126800500011 
 1.414  +01 1.340  +00 1.30   -01                                 1126800500012 
 1.443  +01 1.500  +00 1.50   -01                                 1126800500013 
 1.471  +01 1.710  +00 1.70   -01                                 1126800500014 
 1.495  +01 1.620  +00 1.60   -01                                 1126800500015 
 1.534  +01 1.740  +00 1.70   -01                                 1126800500016 
ENDDATA             10          0                                 1126800500017 
ENDSUBENT           16          0                                 1126800599999 
SUBENT        11268006   19810428                             00001126800600001 
BIB                  1          1                                 1126800600002 
REACTION   (51-SB-121(N,2N)51-SB-120,,SIG)                        1126800600003 
ENDBIB               1          0                                 1126800600004 
NOCOMMON             0          0                                 1126800600005 
DATA                 3          8                                 1126800600006 
EN         DATA       DATA-ERR                                    1126800600007 
MEV        B          B                                           1126800600008 
 1.320  +01 1.29   +00 1.3    -01                                 1126800600009 
 1.359  +01 1.36   +00 1.4    -01                                 1126800600010 
 1.385  +01 1.33   +00 1.3    -01                                 1126800600011 
 1.414  +01 1.31   +00 1.3    -01                                 1126800600012 
 1.443  +01 1.37   +00 1.4    -01                                 1126800600013 
 1.471  +01 1.40   +00 1.4    -01                                 1126800600014 
 1.495  +01 1.45   +00 1.5    -01                                 1126800600015 
 1.534  +01 1.51   +00 1.5    -01                                 1126800600016 
ENDDATA             10          0                                 1126800600017 
ENDSUBENT           16          0                                 1126800699999 
ENDENTRY             6          0                                 1126899999999 
