ENTRY            11267   19810428                             00001126700000001 
SUBENT        11267001   19810428                             00001126700100001 
BIB                  6          8                                 1126700100002 
INSTITUTE  (1USALAS)                                              1126700100003 
REFERENCE  (J,BAP,4,358(J2),5908)                                 1126700100004 
           (W,PHILLIPS,61)                                        1126700100005 
AUTHOR     (E.HADDAD,D.D.PHILLIPS)                                1126700100006 
TITLE      ELASTIC AND INELASTIC SCATTERING OF NEUTRONS FROM C12. 1126700100007 
STATUS     (SCSRS)                                                1126700100008 
HISTORY    (760714T) TRANSLATED FROM SCISRS                       1126700100009 
           (810428A) CONVERTED TO REACTION FORMALISM              1126700100010 
ENDBIB               8          0                                 1126700100011 
NOCOMMON             0          0                                 1126700100012 
ENDSUBENT           11          0                                 1126700199999 
SUBENT        11267002   19860121                             00001126700200001 
BIB                  3          3                                 1126700200002 
REACTION   (6-C-0(N,EL)6-C-0,,SIG)                                1126700200003 
STATUS     (DEP,11267003)                                         1126700200004 
HISTORY    (860121A) REACTION PRODUCT ADDED.                      1126700200005 
ENDBIB               3          0                                 1126700200006 
NOCOMMON             0          0                                 1126700200007 
DATA                 2          3                                 1126700200008 
EN         DATA                                                   1126700200009 
MEV        B                                                      1126700200010 
 6.0    +00 8.1    -01                                            1126700200011 
 6.3    +00 1.24   +00                                            1126700200012 
 7.0    +00 5.2    -01                                            1126700200013 
ENDDATA              5          0                                 1126700200014 
ENDSUBENT           13          0                                 1126700299999 
SUBENT        11267003   19860121                             00001126700300001 
BIB                  5          5                                 1126700300002 
REACTION   (6-C-0(N,EL)6-C-0,,DA)                                 1126700300003 
METHOD     (TOF) TIME-OF-FLIGHT                                   1126700300004 
DETECTOR   (SCIN)     BIASED SCINTILLATOR                         1126700300005 
CORRECTION NOT CORRECTED FOR MULTIPLE SCATTERING.                 1126700300006 
HISTORY    (860121A) REACTION PRODUCT ADDED.                      1126700300007 
ENDBIB               5          0                                 1126700300008 
NOCOMMON             0          0                                 1126700300009 
DATA                 4         30                                 1126700300010 
EN         COS-CM     DATA       DATA-ERR                         1126700300011 
MEV        NO-DIM     MB/SR      MB/SR                            1126700300012 
 6.0    +00 0.92900    1.655  +02 9.5    +00                      1126700300013 
 6.0    +00 0.84400    1.379  +02 7.8    +00                      1126700300014 
 6.0    +00 0.66300    7.73   +01 4.4    +00                      1126700300015 
 6.0    +00 0.43600    3.67   +01 2.2    +00                      1126700300016 
 6.0    +00 0.17900    3.43   +01 2.2    +00                      1126700300017 
 6.0    +00-0.0830     5.24   +01 3.2    +00                      1126700300018 
 6.0    +00-0.3360     7.00   +01 4.0    +00                      1126700300019 
 6.0    +00-0.5620     6.39   +01 3.8    +00                      1126700300020 
 6.0    +00-0.7480     5.04   +01 3.2    +00                      1126700300021 
 6.0    +00-0.8630     3.92   +01 3.0    +00                      1126700300022 
 6.3    +00 0.92900    3.182  +02 1.90   +01                      1126700300023 
 6.3    +00 0.84400    1.920  +02 1.20   +01                      1126700300024 
 6.3    +00 0.66300    6.49   +01 4.0    +00                      1126700300025 
 6.3    +00 0.43600    3.69   +01 2.5    +00                      1126700300026 
 6.3    +00 0.17900    5.39   +01 3.4    +00                      1126700300027 
 6.3    +00-0.0830     8.81   +01 5.3    +00                      1126700300028 
 6.3    +00-0.3360     1.116  +02 6.9    +00                      1126700300029 
 6.3    +00-0.5620     1.088  +02 7.0    +00                      1126700300030 
 6.3    +00-0.7480     7.81   +01 5.0    +00                      1126700300031 
 6.3    +00-0.8630     7.18   +01 4.7    +00                      1126700300032 
 7.0    +00 0.92900    8.95   +01 4.8    +00                      1126700300033 
 7.0    +00 0.84400    7.44   +01 4.1    +00                      1126700300034 
 7.0    +00 0.66300    5.04   +01 2.7    +00                      1126700300035 
 7.0    +00 0.43600    3.87   +01 2.1    +00                      1126700300036 
 7.0    +00 0.17900    3.92   +01 2.2    +00                      1126700300037 
 7.0    +00-0.0830     5.18   +01 3.7    +00                      1126700300038 
 7.0    +00-0.3360     4.24   +01 4.7    +00                      1126700300039 
 7.0    +00-0.5620     3.86   +01 3.2    +00                      1126700300040 
 7.0    +00-0.7480     2.66   +01 3.7    +00                      1126700300041 
 7.0    +00-0.8630     2.13   +01 2.8    +00                      1126700300042 
ENDDATA             32          0                                 1126700300043 
ENDSUBENT           42          0                                 1126700399999 
SUBENT        11267004   19810428                             00001126700400001 
BIB                  2          2                                 1126700400002 
REACTION   (6-C-12(N,INL)6-C-12,PAR,SIG)                          1126700400003 
STATUS     (DEP,11267005)                                         1126700400004 
ENDBIB               2          0                                 1126700400005 
COMMON               1          3                                 1126700400006 
E-LVL                                                             1126700400007 
MEV                                                               1126700400008 
    4.433                                                         1126700400009 
ENDCOMMON            3          0                                 1126700400010 
DATA                 2          3                                 1126700400011 
EN         DATA                                                   1126700400012 
MEV        B                                                      1126700400013 
 6.0    +00 2.40   -01                                            1126700400014 
 6.3    +00 3.50   -01                                            1126700400015 
 7.0    +00 1.70   -01                                            1126700400016 
ENDDATA              5          0                                 1126700400017 
ENDSUBENT           16          0                                 1126700499999 
SUBENT        11267005   19810428                             00001126700500001 
BIB                  3          3                                 1126700500002 
REACTION   (6-C-12(N,INL)6-C-12,PAR,DA)                           1126700500003 
DETECTOR   (SCIN)     BIASED SCINTILLATOR                         1126700500004 
CORRECTION NOT CORRECTED FOR MULTIPLE SCATTERING.                 1126700500005 
ENDBIB               3          0                                 1126700500006 
COMMON               1          3                                 1126700500007 
E-LVL                                                             1126700500008 
MEV                                                               1126700500009 
    4.433                                                         1126700500010 
ENDCOMMON            3          0                                 1126700500011 
DATA                 4         30                                 1126700500012 
EN         COS-CM     DATA       DATA-ERR                         1126700500013 
MEV        NO-DIM     MB/SR      MB/SR                            1126700500014 
 6.0    +00 0.91600    2.56   +01 1.6    +00                      1126700500015 
 6.0    +00 0.81500    2.55   +01 1.5    +00                      1126700500016 
 6.0    +00 0.60700    2.23   +01 1.3    +00                      1126700500017 
 6.0    +00 0.35200    1.84   +01 1.1    +00                      1126700500018 
 6.0    +00 0.07800    1.71   +01 1.2    +00                      1126700500019 
 6.0    +00-0.1890     1.53   +01 1.2    +00                      1126700500020 
 6.0    +00-0.4310     1.68   +01 1.7    +00                      1126700500021 
 6.0    +00-0.6340     1.72   +01 1.3    +00                      1126700500022 
 6.0    +00-0.7950     1.78   +01 1.6    +00                      1126700500023 
 6.0    +00-0.8900     1.75   +01 1.8    +00                      1126700500024 
 6.3    +00 0.91800    3.83   +01 2.3    +00                      1126700500025 
 6.3    +00 0.81900    3.43   +01 2.0    +00                      1126700500026 
 6.3    +00 0.61500    2.92   +01 1.9    +00                      1126700500027 
 6.3    +00 0.36500    2.43   +01 1.4    +00                      1126700500028 
 6.3    +00 0.09400    2.42   +01 1.4    +00                      1126700500029 
 6.3    +00-0.1740     2.14   +01 1.2    +00                      1126700500030 
 6.3    +00-0.4160     2.58   +01 1.8    +00                      1126700500031 
 6.3    +00-0.6240     2.78   +01 2.0    +00                      1126700500032 
 6.3    +00-0.7890     3.16   +01 2.2    +00                      1126700500033 
 6.3    +00-0.8860     3.31   +01 2.4    +00                      1126700500034 
 7.0    +00 0.92100    1.65   +01 1.0    +00                      1126700500035 
 7.0    +00 0.82600    1.70   +01 1.0    +00                      1126700500036 
 7.0    +00 0.62800    1.67   +01 1.0    +00                      1126700500037 
 7.0    +00 0.38300    1.36   +01 9.     -01                      1126700500038 
 7.0    +00 0.11600    9.5    +00 6.     -01                      1126700500039 
 7.0    +00-0.1510     1.20   +01 8.     -01                      1126700500040 
 7.0    +00-0.3960     1.43   +01 1.1    +00                      1126700500041 
 7.0    +00-0.6090     1.79   +01 1.5    +00                      1126700500042 
 7.0    +00-0.7780     1.79   +01 1.5    +00                      1126700500043 
 7.0    +00-0.9010     1.88   +01 1.8    +00                      1126700500044 
ENDDATA             32          0                                 1126700500045 
ENDSUBENT           44          0                                 1126700599999 
ENDENTRY             5          0                                 1126799999999 
