ENTRY            11280   19860417                             00001128000000001 
SUBENT        11280001   19860417                             00001128000100001 
BIB                  6         11                                 1128000100002 
INSTITUTE  (1USAORL)                                              1128000100003 
REFERENCE  (C,66WASH,2,653,6603)                                  1128000100004 
           (J,BAP,11,510(A12),6511)                               1128000100005 
AUTHOR     (J.L.FOWLER,C.H.JOHNSON,R.L.KERNELL)                   1128000100006 
TITLE      DIFFERENTIAL ELASTIC SCATTERING OF NEUTRONS FROM       1128000100007 
           NITROGEN.                                              1128000100008 
STATUS     (SCSRS)                                                1128000100009 
           DATA RECEIVED IN PRIVATE COMM., FOWLER, 69/11.         1128000100010 
HISTORY    (761001T) TRANSLATED FROM SCISRS                       1128000100011 
           (810428A) CONVERTED TO REACTION FORMALISM              1128000100012 
           (860417A) BIB UPDATES.                                 1128000100013 
ENDBIB              11          0                                 1128000100014 
NOCOMMON             0          0                                 1128000100015 
ENDSUBENT           14          0                                 1128000199999 
SUBENT        11280002   19860417                             00001128000200001 
BIB                  3          3                                 1128000200002 
REACTION   (7-N-0(N,EL)7-N-0,,DA)                                 1128000200003 
DETECTOR   (SCIN)     SCINTILLATING CRYSTAL                       1128000200004 
SAMPLE     LIQUID NITROGEN SAMPLE.                                1128000200005 
ENDBIB               3          0                                 1128000200006 
NOCOMMON             0          0                                 1128000200007 
DATA                 5        108                                 1128000200008 
EN         EN-RSL     COS-CM     DATA       DATA-ERR              1128000200009 
MEV        MEV        NO-DIM     MB/SR      MB/SR                 1128000200010 
 1.595  +00 1.5    -02 0.95100    4.24   +02 1.2    +01           1128000200011 
 1.595  +00 1.5    -02 0.91100    4.24   +02 1.0    +01           1128000200012 
 1.595  +00 1.5    -02 0.81900    4.03   +02 9.     +00           1128000200013 
 1.595  +00 1.5    -02 0.63200    3.31   +02 8.     +00           1128000200014 
 1.595  +00 1.5    -02 0.43200    2.80   +02 7.     +00           1128000200015 
 1.595  +00 1.5    -02 0.23000    2.43   +02 7.     +00           1128000200016 
 1.595  +00 1.5    -02 0.03700    2.04   +02 7.     +00           1128000200017 
 1.595  +00 1.5    -02-0.1720     1.85   +02 7.     +00           1128000200018 
 1.595  +00 1.5    -02-0.3710     1.67   +02 8.     +00           1128000200019 
 1.595  +00 1.5    -02-0.5780     1.79   +02 8.     +00           1128000200020 
 1.595  +00 1.5    -02-0.7170     1.27   +02 1.0    +01           1128000200021 
 1.595  +00 1.5    -02-0.8310     1.63   +02 9.     +00           1128000200022 
 1.680  +00 1.5    -02 0.95100    1.89   +02 7.     +00           1128000200023 
 1.680  +00 1.5    -02 0.91100    2.15   +02 5.     +00           1128000200024 
 1.680  +00 1.5    -02 0.81900    1.89   +02 5.     +00           1128000200025 
 1.680  +00 1.5    -02 0.63200    1.74   +02 5.     +00           1128000200026 
 1.680  +00 1.5    -02 0.43200    1.53   +02 5.     +00           1128000200027 
 1.680  +00 1.5    -02 0.23000    1.37   +02 5.     +00           1128000200028 
 1.680  +00 1.5    -02 0.03700    1.44   +02 5.     +00           1128000200029 
 1.680  +00 1.5    -02-0.1720     1.49   +02 5.     +00           1128000200030 
 1.680  +00 1.5    -02-0.3710     1.70   +02 5.     +00           1128000200031 
 1.680  +00 1.5    -02-0.5780     1.59   +02 6.     +00           1128000200032 
 1.680  +00 1.5    -02-0.7170     1.55   +02 5.     +00           1128000200033 
 1.680  +00 1.5    -02-0.8310     1.90   +02 6.     +00           1128000200034 
 1.779  +00 2.1    -02 0.94400    4.12   +02 1.0    +01           1128000200035 
 1.779  +00 2.1    -02 0.90200    3.70   +02 8.     +00           1128000200036 
 1.779  +00 2.1    -02 0.79500    2.94   +02 6.     +00           1128000200037 
 1.779  +00 2.1    -02 0.60000    1.74   +02 5.     +00           1128000200038 
 1.779  +00 2.1    -02 0.39600    1.33   +02 5.     +00           1128000200039 
 1.779  +00 2.1    -02 0.19100    1.08   +02 5.     +00           1128000200040 
 1.779  +00 2.1    -02-0.0020     1.02   +02 5.     +00           1128000200041 
 1.779  +00 2.1    -02-0.1930     1.25   +02 5.     +00           1128000200042 
 1.779  +00 2.1    -02-0.4050     1.41   +02 5.     +00           1128000200043 
 1.779  +00 2.1    -02-0.5950     1.96   +02 6.     +00           1128000200044 
 1.779  +00 2.1    -02-0.7310     2.62   +02 7.     +00           1128000200045 
 1.779  +00 2.1    -02-0.8420     3.29   +02 8.     +00           1128000200046 
 2.000  +00 1.5    -02 0.95100    1.65   +02 8.     +00           1128000200047 
 2.000  +00 1.5    -02 0.90300    1.57   +02 6.     +00           1128000200048 
 2.000  +00 1.5    -02 0.79700    1.51   +02 5.     +00           1128000200049 
 2.000  +00 1.5    -02 0.60300    1.39   +02 5.     +00           1128000200050 
 2.000  +00 1.5    -02 0.39900    1.23   +02 4.     +00           1128000200051 
 2.000  +00 1.5    -02 0.19400    1.17   +02 4.     +00           1128000200052 
 2.000  +00 1.5    -02 0.00100    1.19   +02 4.     +00           1128000200053 
 2.000  +00 1.5    -02-0.1890     1.22   +02 4.     +00           1128000200054 
 2.000  +00 1.5    -02-0.4020     1.38   +02 5.     +00           1128000200055 
 2.000  +00 1.5    -02-0.5920     1.41   +02 6.     +00           1128000200056 
 2.000  +00 1.5    -02-0.7290     1.49   +02 6.     +00           1128000200057 
 2.000  +00 1.5    -02-0.8310     1.47   +02 6.     +00           1128000200058 
 2.250  +00 1.5    -02 0.95100    2.00   +02 8.     +00           1128000200059 
 2.250  +00 1.5    -02 0.90300    2.06   +02 7.     +00           1128000200060 
 2.250  +00 1.5    -02 0.79700    1.88   +02 6.     +00           1128000200061 
 2.250  +00 1.5    -02 0.60300    1.66   +02 6.     +00           1128000200062 
 2.250  +00 1.5    -02 0.39900    1.42   +02 5.     +00           1128000200063 
 2.250  +00 1.5    -02 0.19400    1.27   +02 6.     +00           1128000200064 
 2.250  +00 1.5    -02 0.00100    1.33   +02 6.     +00           1128000200065 
 2.250  +00 1.5    -02-0.1890     1.28   +02 6.     +00           1128000200066 
 2.250  +00 1.5    -02-0.4020     1.33   +02 6.     +00           1128000200067 
 2.250  +00 1.5    -02-0.5920     1.24   +02 7.     +00           1128000200068 
 2.250  +00 1.5    -02-0.7290     1.18   +02 7.     +00           1128000200069 
 2.250  +00 1.5    -02-0.8310     1.14   +02 7.     +00           1128000200070 
 2.540  +00 1.8    -02 0.94800    1.32   +02 8.     +00           1128000200071 
 2.540  +00 1.8    -02 0.90700    1.45   +02 7.     +00           1128000200072 
 2.540  +00 1.8    -02 0.80400    1.20   +02 6.     +00           1128000200073 
 2.540  +00 1.8    -02 0.61100    1.17   +02 6.     +00           1128000200074 
 2.540  +00 1.8    -02 0.40900    1.01   +02 5.     +00           1128000200075 
 2.540  +00 1.8    -02 0.20500    9.0    +01 5.     +00           1128000200076 
 2.540  +00 1.8    -02 0.01200    8.3    +01 5.     +00           1128000200077 
 2.540  +00 1.8    -02-0.1790     9.9    +01 6.     +00           1128000200078 
 2.540  +00 1.8    -02-0.3930     1.08   +02 6.     +00           1128000200079 
 2.540  +00 1.8    -02-0.5840     1.41   +02 7.     +00           1128000200080 
 2.540  +00 1.8    -02-0.7210     1.63   +02 7.     +00           1128000200081 
 2.540  +00 1.8    -02-0.8350     1.52   +02 8.     +00           1128000200082 
 2.742  +00 1.7    -02 0.94800    1.28   +02 9.     +00           1128000200083 
 2.742  +00 1.7    -02 0.90700    1.21   +02 7.     +00           1128000200084 
 2.742  +00 1.7    -02 0.80400    1.19   +02 6.     +00           1128000200085 
 2.742  +00 1.7    -02 0.61100    8.8    +01 5.     +00           1128000200086 
 2.742  +00 1.7    -02 0.40900    6.8    +01 5.     +00           1128000200087 
 2.742  +00 1.7    -02 0.20500    4.5    +01 5.     +00           1128000200088 
 2.742  +00 1.7    -02 0.01200    3.2    +01 5.     +00           1128000200089 
 2.742  +00 1.7    -02-0.1790     5.8    +01 5.     +00           1128000200090 
 2.742  +00 1.7    -02-0.3930     6.8    +01 6.     +00           1128000200091 
 2.742  +00 1.7    -02-0.5840     1.04   +02 7.     +00           1128000200092 
 2.742  +00 1.7    -02-0.7210     1.27   +02 7.     +00           1128000200093 
 2.742  +00 1.7    -02-0.8350     1.46   +02 8.     +00           1128000200094 
 2.950  +00 1.5    -02 0.94800    2.51   +02 1.0    +01           1128000200095 
 2.950  +00 1.5    -02 0.90700    2.25   +02 8.     +00           1128000200096 
 2.950  +00 1.5    -02 0.80400    1.83   +02 7.     +00           1128000200097 
 2.950  +00 1.5    -02 0.61100    1.13   +02 6.     +00           1128000200098 
 2.950  +00 1.5    -02 0.40900    9.0    +01 6.     +00           1128000200099 
 2.950  +00 1.5    -02 0.20500    6.9    +01 6.     +00           1128000200100 
 2.950  +00 1.5    -02 0.01200    5.6    +01 5.     +00           1128000200101 
 2.950  +00 1.5    -02-0.1790     7.3    +01 6.     +00           1128000200102 
 2.950  +00 1.5    -02-0.3930     1.38   +02 7.     +00           1128000200103 
 2.950  +00 1.5    -02-0.5840     1.93   +02 8.     +00           1128000200104 
 2.950  +00 1.5    -02-0.7210     2.17   +02 8.     +00           1128000200105 
 2.950  +00 1.5    -02-0.8350     2.40   +02 9.     +00           1128000200106 
 3.207  +00 1.7    -02 0.94800    3.21   +02 1.3    +01           1128000200107 
 3.207  +00 1.7    -02 0.90700    2.78   +02 1.0    +01           1128000200108 
 3.207  +00 1.7    -02 0.80400    1.95   +02 8.     +00           1128000200109 
 3.207  +00 1.7    -02 0.61100    1.23   +02 7.     +00           1128000200110 
 3.207  +00 1.7    -02 0.40900    7.5    +01 7.     +00           1128000200111 
 3.207  +00 1.7    -02 0.20500    5.0    +01 6.     +00           1128000200112 
 3.207  +00 1.7    -02 0.01200    4.9    +01 7.     +00           1128000200113 
 3.207  +00 1.7    -02-0.1790     6.1    +01 7.     +00           1128000200114 
 3.207  +00 1.7    -02-0.3930     9.0    +01 8.     +00           1128000200115 
 3.207  +00 1.7    -02-0.5840     1.32   +02 9.     +00           1128000200116 
 3.207  +00 1.7    -02-0.7210     1.90   +02 9.     +00           1128000200117 
 3.207  +00 1.7    -02-0.8340     2.57   +02 1.1    +01           1128000200118 
ENDDATA            110          0                                 1128000200119 
ENDSUBENT          118          0                                 1128000299999 
SUBENT        11280003   19810428                             00001128000300001 
BIB                  1          2                                 1128000300002 
REACTION  1(7-N-14(N,0),,EN)                                      1128000300003 
          2(7-N-14(N,TOT),,WID)                                   1128000300004 
ENDBIB               2          0                                 1128000300005 
NOCOMMON             0          0                                 1128000300006 
DATA                 3          2                                 1128000300007 
DATA      1DATA-APRX 2DATA-MAX  2                                 1128000300008 
MEV        KEV        KEV                                         1128000300009 
 2.95                  20.                                        1128000300010 
 3.20       70.                                                   1128000300011 
ENDDATA              4          0                                 1128000300012 
ENDSUBENT           11          0                                 1128000399999 
ENDENTRY             3          0                                 1128099999999 
