ENTRY            11291   20200419                             146611291  0    1 
SUBENT        11291001   20200419                             146611291  1    1 
BIB                 12         21                                 11291  1    2 
INSTITUTE  (1USAORL)                                              11291  1    3 
REFERENCE  (J,NSE,36,280,1969)                                    11291  1    4 
AUTHOR     (J.K.Dickens,F.G.Perey)                                11291  1    5 
TITLE      The N-14(n,X gamma) reaction for E(n) from 5.8 to 8.6  11291  1    6 
           MeV.                                                   11291  1    7 
FACILITY   (VDG,1USAORL) ORNL 6MV Van de Graaff                   11291  1    8 
INC-SOURCE (D-D)                                                  11291  1    9 
SAMPLE     Be(3)-N(2) sample                                      11291  1   10 
METHOD     (TOF)                                                  11291  1   11 
DETECTOR   (GELI)                                                 11291  1   12 
ERR-ANALYS (DATA-ERR,10.,50.) Authors give range of uncertainties 11291  1   13 
            between 10 and 50% for the data of Table II in the    11291  1   14 
            Nucl.Sci.Eng. paper. Compiler assumes that this range 11291  1   15 
            of uncertainties applies to the complete data set.    11291  1   16 
STATUS     (SCSRS)                                                11291  1   17 
            Part of the data are given in Table II,               11291  1   18 
            Nucl.Sci.Eng.36,280,1969                              11291  1   19 
HISTORY    (19760714T) Translated from SCISRS                     11291  1   20 
           (19810428A) Converted to reaction formalism            11291  1   21 
           (20200331U) OS. Added FACILTY, ERR-ANALYS. Converted to11291  1   22 
            lower case, minor BIB changes                         11291  1   23 
ENDBIB              21          0                                 11291  1   24 
NOCOMMON             0          0                                 11291  1   25 
ENDSUBENT           24          0                                 11291  199999 
SUBENT        11291002   20200419                             146611291  2    1 
BIB                  2          4                                 11291  2    2 
REACTION   (7-N-14(N,X)0-G-0,PAR,DA)                              11291  2    3 
FLAG       (1.) Assigned to N-14(n,n'gamma)                       11291  2    4 
           (2.) Assigned to N-14(n,p)C-14                         11291  2    5 
           (3.) Assigned to N-14(n,alpha)B-11                     11291  2    6 
ENDBIB               4          0                                 11291  2    7 
COMMON               1          3                                 11291  2    8 
ANG                                                               11291  2    9 
ADEG                                                              11291  2   10 
  55.                                                             11291  2   11 
ENDCOMMON            3          0                                 11291  2   12 
DATA                 6         75                                 11291  2   13 
E          EN         EN-RSL     DATA       DATA-MAX   FLAG       11291  2   14 
MEV        MEV        MEV        MB/SR      MB/SR      NO-DIM     11291  2   15 
0.728       6.35       0.15       0.26                  1.        11291  2   16 
0.728       6.84       0.15       0.55                  1.        11291  2   17 
0.728       7.42       0.12       1.8                   1.        11291  2   18 
0.728       7.95       0.10       1.9                   1.        11291  2   19 
0.728       8.55       0.10       1.6                   1.        11291  2   20 
1.622       5.80       0.20       3.6                   1.        11291  2   21 
1.622       6.35       0.15       5.1                   1.        11291  2   22 
1.622       6.84       0.15       6.2                   1.        11291  2   23 
1.622       7.42       0.12       6.1                   1.        11291  2   24 
1.622       7.95       0.10       5.0                   1.        11291  2   25 
1.622       8.55       0.10       5.3                   1.        11291  2   26 
2.124       5.80       0.20       1.5                   3.        11291  2   27 
2.124       6.35       0.15       1.7                   3.        11291  2   28 
2.124       6.84       0.15       1.4                   3.        11291  2   29 
2.124       7.42       0.12       2.0                   3.        11291  2   30 
2.124       7.95       0.10       2.3                   3.        11291  2   31 
2.124       8.55       0.10       0.90                  3.        11291  2   32 
2.313       5.80       0.20       3.8                   1.        11291  2   33 
2.313       6.35       0.15       6.1                   1.        11291  2   34 
2.313       6.84       0.15       8.2                   1.        11291  2   35 
2.313       7.42       0.12       9.1                   1.        11291  2   36 
2.313       7.95       0.10       7.4                   1.        11291  2   37 
2.313       8.55       0.10       7.9                   1.        11291  2   38 
2.792       5.80       0.20       0.11                  1.        11291  2   39 
2.792       6.35       0.15       0.45                  1.        11291  2   40 
2.792       6.84       0.15       0.55                  1.        11291  2   41 
2.792       7.42       0.12       0.84                  1.        11291  2   42 
2.792       7.95       0.10       1.0                   1.        11291  2   43 
2.792       8.55       0.10       0.91                  1.        11291  2   44 
3.372       6.35       0.15       0.38                  1.        11291  2   45 
3.372       6.84       0.15       0.61                  1.        11291  2   46 
3.372       7.42       0.12       1.0                   1.        11291  2   47 
3.372       7.95       0.10       1.0                   1.        11291  2   48 
3.372       8.55       0.10       1.0                   1.        11291  2   49 
3.895       7.42       0.12       0.15                  1.        11291  2   50 
3.895       7.95       0.10       0.5                   1.        11291  2   51 
3.895       8.55       0.10       0.4                   1.        11291  2   52 
4.44        5.80       0.20       0.32                  3.        11291  2   53 
4.44        6.35       0.15       0.63                  3.        11291  2   54 
4.44        6.84       0.15       2.6                   3.        11291  2   55 
4.44        7.42       0.12       3.1                   3.        11291  2   56 
4.44        7.95       0.10       3.3                   3.        11291  2   57 
4.44        8.55       0.10       2.7                   3.        11291  2   58 
4.910       5.80       0.20       0.35                  1.        11291  2   59 
4.910       6.35       0.15       1.3                   1.        11291  2   60 
4.910       6.84       0.15       0.72                  1.        11291  2   61 
4.910       7.42       0.12       0.71                  1.        11291  2   62 
4.910       7.95       0.10       0.91                  1.        11291  2   63 
4.910       8.55       0.10       0.25                  1.        11291  2   64 
5.105       5.80       0.20       0.43                  1.        11291  2   65 
5.105       6.35       0.15       1.6                   1.        11291  2   66 
5.105       6.84       0.15       1.6                   1.        11291  2   67 
5.105       7.42       0.12       3.2                   1.        11291  2   68 
5.105       7.95       0.10       3.9                   1.        11291  2   69 
5.105       8.55       0.10       3.0                   1.        11291  2   70 
5.685       6.35       0.15       0.14                  1.        11291  2   71 
5.685       6.84       0.15                  0.1        1.        11291  2   72 
5.685       7.42       0.12       0.17                  1.        11291  2   73 
5.685       7.95       0.10       0.15                  1.        11291  2   74 
5.685       8.55       0.10       0.23                  1.        11291  2   75 
5.833       6.84       0.15       0.12                  1.        11291  2   76 
5.833       7.42       0.12       0.52                  1.        11291  2   77 
5.833       7.95       0.10       0.64                  1.        11291  2   78 
5.833       8.55       0.10       0.40                  1.        11291  2   79 
6.09        7.42       0.12       0.10                  2.        11291  2   80 
6.09        7.95       0.10       0.14                  2.        11291  2   81 
6.09        8.55       0.10                  0.13       2.        11291  2   82 
6.44        7.42       0.12       0.23                  1.        11291  2   83 
6.44        7.95       0.10       0.32                  1.        11291  2   84 
6.44        8.55       0.10       0.49                  1.        11291  2   85 
6.72        7.42       0.12       0.21                  2.        11291  2   86 
6.72        7.95       0.10       0.29                  2.        11291  2   87 
6.72        8.55       0.10       0.60                  2.        11291  2   88 
7.03        7.95       0.10       0.48                  1.        11291  2   89 
7.03        8.55       0.10       0.67                  1.        11291  2   90 
ENDDATA             77          0                                 11291  2   91 
ENDSUBENT           90          0                                 11291  299999 
SUBENT        11291003   20200419                             146611291  3    1 
BIB                  2          4                                 11291  3    2 
REACTION   (7-N-14(N,X)0-G-0,PAR,DA)                              11291  3    3 
FLAG       (1.) Assigned to N-14(n,n'gamma)                       11291  3    4 
           (2.) Assigned to N-14(n,p)C-14                         11291  3    5 
           (3.) Assigned to N-14(n,alpha)B-11                     11291  3    6 
ENDBIB               4          0                                 11291  3    7 
COMMON               1          3                                 11291  3    8 
ANG                                                               11291  3    9 
ADEG                                                              11291  3   10 
  90.                                                             11291  3   11 
ENDCOMMON            3          0                                 11291  3   12 
DATA                 6         77                                 11291  3   13 
E          EN         EN-RSL     DATA       DATA-MAX   FLAG       11291  3   14 
MEV        MEV        MEV        MB/SR      MB/SR      NO-DIM     11291  3   15 
0.728       6.35       0.15       0.18                  1.        11291  3   16 
0.728       6.84       0.15       0.61                  1.        11291  3   17 
0.728       7.42       0.12       2.0                   1.        11291  3   18 
0.728       7.95       0.10       2.3                   1.        11291  3   19 
0.728       8.55       0.10       2.2                   1.        11291  3   20 
0.81        7.42       0.12                  0.15       2.        11291  3   21 
1.622       5.80       0.20       3.6                   1.        11291  3   22 
 1.622      6.35       0.15       4.8                   1.        11291  3   23 
 1.622      6.84       0.15       5.4                   1.        11291  3   24 
 1.622      7.42       0.12       5.8                   1.        11291  3   25 
 1.622      7.95       0.10       5.0                   1.        11291  3   26 
 1.622      8.55       0.10       5.3                   1.        11291  3   27 
2.124       5.80       0.20       1.5                   3.        11291  3   28 
2.124       6.35       0.15       2.0                   3.        11291  3   29 
2.124       6.84       0.15       1.4                   3.        11291  3   30 
2.124       7.42       0.12       2.6                   3.        11291  3   31 
2.124       7.95       0.10       2.4                   3.        11291  3   32 
2.124       8.55       0.10       1.1                   3.        11291  3   33 
2.313       5.80       0.20       4.3                   1.        11291  3   34 
2.313       6.35       0.15       6.3                   1.        11291  3   35 
2.313       6.84       0.15       7.4                   1.        11291  3   36 
2.313       7.42       0.12       9.0                   1.        11291  3   37 
2.313       7.95       0.10       6.9                   1.        11291  3   38 
2.313       8.55       0.10       7.3                   1.        11291  3   39 
2.49        7.42       0.12       0.12                  1.        11291  3   40 
2.49        8.55       0.10       0.35                  1.        11291  3   41 
2.792       5.80       0.20       0.12                  1.        11291  3   42 
2.792       6.35       0.15       0.46                  1.        11291  3   43 
2.792       6.84       0.15       0.65                  1.        11291  3   44 
2.792       7.42       0.12       0.92                  1.        11291  3   45 
2.792       7.95       0.10       1.0                   1.        11291  3   46 
2.792       8.55       0.10       0.91                  1.        11291  3   47 
3.372       6.35       0.15                  0.9        1.        11291  3   48 
3.372       6.84       0.15       0.60                  1.        11291  3   49 
3.372       7.42       0.12       1.1                   1.        11291  3   50 
3.372       7.95       0.10       1.2                   1.        11291  3   51 
3.372       8.55       0.10       1.1                   1.        11291  3   52 
3.895       7.42       0.12       0.3                   1.        11291  3   53 
3.895       7.95       0.10       0.6                   1.        11291  3   54 
3.895       8.55       0.10       0.6                   1.        11291  3   55 
4.44        5.80       0.20       0.24                  3.        11291  3   56 
4.44        6.35       0.15       0.50                  3.        11291  3   57 
4.44        6.84       0.15       1.3                   3.        11291  3   58 
4.44        7.42       0.12       2.8                   3.        11291  3   59 
4.44        7.95       0.10       2.7                   3.        11291  3   60 
4.44        8.55       0.10       2.9                   3.        11291  3   61 
4.910       5.80       0.20       0.38                  1.        11291  3   62 
4.910       6.35       0.15       1.3                   1.        11291  3   63 
4.910       6.84       0.15       0.90                  1.        11291  3   64 
4.910       7.42       0.12       0.85                  1.        11291  3   65 
4.910       7.95       0.10       1.1                   1.        11291  3   66 
4.910       8.55       0.10       0.60                  1.        11291  3   67 
5.105       5.80       0.20       0.49                  1.        11291  3   68 
5.105       6.35       0.15       1.4                   1.        11291  3   69 
5.105       6.84       0.15       1.6                   1.        11291  3   70 
5.105       7.42       0.12       3.5                   1.        11291  3   71 
5.105       7.95       0.10       4.1                   1.        11291  3   72 
5.105       8.55       0.10       3.1                   1.        11291  3   73 
5.685       6.84       0.15       0.18                  1.        11291  3   74 
5.685       7.42       0.12       0.21                  1.        11291  3   75 
5.685       7.95       0.10       0.23                  1.        11291  3   76 
5.685       8.55       0.10       0.44                  1.        11291  3   77 
5.833       6.84       0.15                  0.2        1.        11291  3   78 
5.833       7.42       0.12       0.38                  1.        11291  3   79 
5.833       7.95       0.10       0.63                  1.        11291  3   80 
5.833       8.55       0.10       0.45                  1.        11291  3   81 
6.09        7.42       0.12       0.25                  2.        11291  3   82 
6.09        7.95       0.10       0.3                   2.        11291  3   83 
6.09        8.55       0.10                  0.15       2.        11291  3   84 
6.44        7.42       0.12       0.35                  1.        11291  3   85 
6.44        7.95       0.10       0.23                  1.        11291  3   86 
6.44        8.55       0.10       0.46                  1.        11291  3   87 
6.72        7.42       0.12       0.11                  2.        11291  3   88 
6.72        7.95       0.10       0.28                  2.        11291  3   89 
6.72        8.55       0.10       0.38                  2.        11291  3   90 
7.03        7.95       0.10       0.67                  1.        11291  3   91 
7.03        8.55       0.10       0.81                  1.        11291  3   92 
ENDDATA             79          0                                 11291  3   93 
ENDSUBENT           92          0                                 11291  399999 
SUBENT        11291004   19810428                             00001129100400001 
BIB                  1          1                                 1129100400002 
REACTION   (7-N-14(N,G)7-N-15,,SIG)                               1129100400003 
ENDBIB               1          0                                 1129100400004 
NOCOMMON             0          0                                 1129100400005 
DATA                 3          1                                 1129100400006 
EN-MIN     EN-MAX     DATA-MAX                                    1129100400007 
MEV        MEV        MB                                          1129100400008 
 5.8        8.6        1.                                         1129100400009 
ENDDATA              3          0                                 1129100400010 
ENDSUBENT            9          0                                 1129100499999 
ENDENTRY             4          0                                 1129199999999 
