ENTRY            11317   19810428                             00001131700000001 
SUBENT        11317001   19810428                             00001131700100001 
BIB                  6          8                                 1131700100002 
INSTITUTE  (1USAMTR)                                              1131700100003 
REFERENCE  (J,PR,104,1054,56)                                     1131700100004 
           (W,EVANS,5401) TABULATED DATA FOR CL.                  1131700100005 
AUTHOR     (R.M.BRUGGER,J.E.EVANS,E.G.JOKI,R.S.SHANKLAND)         1131700100006 
TITLE      TOTAL NEUTRON CROSS SECTION OF CHLORINE AND CARBON.    1131700100007 
STATUS     (SCSRS)                                                1131700100008 
HISTORY    (760714T) TRANSLATED FROM SCISRS                       1131700100009 
           (810428A) CONVERTED TO REACTION FORMALISM              1131700100010 
ENDBIB               8          0                                 1131700100011 
NOCOMMON             0          0                                 1131700100012 
ENDSUBENT           11          0                                 1131700199999 
SUBENT        11317002   19810428                             00001131700200001 
BIB                  3          3                                 1131700200002 
REACTION   (6-C-0(N,TOT),,SIG)                                    1131700200003 
FACILITY   (CHOPF) FAST CHOPPER                                   1131700200004 
METHOD     (TOF)      TIME-OF-FLIGHT                              1131700200005 
ENDBIB               3          0                                 1131700200006 
NOCOMMON             0          0                                 1131700200007 
DATA                 2         74                                 1131700200008 
EN         DATA                                                   1131700200009 
MEV        B                                                      1131700200010 
 1.342  -05 4.92   +00                                            1131700200011 
 1.455  -05 5.14   +00                                            1131700200012 
 1.582  -05 5.06   +00                                            1131700200013 
 1.726  -05 4.79   +00                                            1131700200014 
 1.867  -05 4.79   +00                                            1131700200015 
 1.979  -05 4.72   +00                                            1131700200016 
 2.173  -05 4.88   +00                                            1131700200017 
 2.337  -05 4.93   +00                                            1131700200018 
 2.521  -05 4.99   +00                                            1131700200019 
 2.727  -05 4.74   +00                                            1131700200020 
 2.960  -05 4.77   +00                                            1131700200021 
 3.235  -05 4.74   +00                                            1131700200022 
 3.525  -05 4.62   +00                                            1131700200023 
 3.884  -05 4.77   +00                                            1131700200024 
 4.268  -05 4.66   +00                                            1131700200025 
 4.632  -05 4.70   +00                                            1131700200026 
 5.046  -05 4.78   +00                                            1131700200027 
 5.517  -05 4.62   +00                                            1131700200028 
 6.058  -05 4.68   +00                                            1131700200029 
 6.517  -05 4.57   +00                                            1131700200030 
 7.067  -05 4.70   +00                                            1131700200031 
 7.608  -05 4.57   +00                                            1131700200032 
 8.305  -05 4.70   +00                                            1131700200033 
 8.997  -05 4.72   +00                                            1131700200034 
 9.898  -05 4.74   +00                                            1131700200035 
 1.08   -04 4.57   +00                                            1131700200036 
 1.17   -04 4.68   +00                                            1131700200037 
 1.25   -04 4.81   +00                                            1131700200038 
 1.35   -04 4.61   +00                                            1131700200039 
 1.45   -04 4.55   +00                                            1131700200040 
 1.56   -04 4.55   +00                                            1131700200041 
 1.69   -04 4.42   +00                                            1131700200042 
 1.83   -04 4.49   +00                                            1131700200043 
 1.99   -04 4.36   +00                                            1131700200044 
 2.18   -04 4.42   +00                                            1131700200045 
 2.39   -04 4.42   +00                                            1131700200046 
 2.64   -04 4.62   +00                                            1131700200047 
 2.92   -04 4.42   +00                                            1131700200048 
 3.25   -04 4.36   +00                                            1131700200049 
 3.65   -04 4.48   +00                                            1131700200050 
 4.11   -04 4.61   +00                                            1131700200051 
 4.68   -04 4.88   +00                                            1131700200052 
 5.18   -04 4.87   +00                                            1131700200053 
 5.56   -04 5.02   +00                                            1131700200054 
 5.98   -04 5.02   +00                                            1131700200055 
 6.46   -04 4.61   +00                                            1131700200056 
 7.00   -04 4.61   +00                                            1131700200057 
 7.60   -04 4.74   +00                                            1131700200058 
 8.29   -04 4.74   +00                                            1131700200059 
 9.07   -04 5.90   +00                                            1131700200060 
 9.98   -04 4.60   +00                                            1131700200061 
 1.03   -03 4.97   +00                                            1131700200062 
 1.09   -03 4.79   +00                                            1131700200063 
 1.16   -03 4.86   +00                                            1131700200064 
 1.24   -03 4.96   +00                                            1131700200065 
 1.32   -03 4.55   +00                                            1131700200066 
 1.42   -03 4.60   +00                                            1131700200067 
 1.51   -03 4.48   +00                                            1131700200068 
 1.63   -03 4.79   +00                                            1131700200069 
 1.77   -03 4.78   +00                                            1131700200070 
 1.90   -03 4.68   +00                                            1131700200071 
 2.06   -03 4.20   +00                                            1131700200072 
 2.27   -03 4.53   +00                                            1131700200073 
 2.50   -03 4.41   +00                                            1131700200074 
 2.72   -03 4.50   +00                                            1131700200075 
 3.02   -03 4.77   +00                                            1131700200076 
 3.35   -03 4.95   +00                                            1131700200077 
 3.71   -03 4.67   +00                                            1131700200078 
 4.21   -03 4.80   +00                                            1131700200079 
 4.75   -03 4.53   +00                                            1131700200080 
 5.41   -03 4.48   +00                                            1131700200081 
 6.22   -03 4.75   +00                                            1131700200082 
 7.30   -03 4.43   +00                                            1131700200083 
 8.60   -03 5.00   +00                                            1131700200084 
ENDDATA             76          0                                 1131700200085 
ENDSUBENT           84          0                                 1131700299999 
SUBENT        11317003   19810428                             00001131700300001 
BIB                  2          2                                 1131700300002 
REACTION   (17-CL-0(N,TOT),,SIG)                                  1131700300003 
FACILITY   (SPECC)    CRYSTAL SPECTROMETER                        1131700300004 
ENDBIB               2          0                                 1131700300005 
NOCOMMON             0          0                                 1131700300006 
DATA                 4        488                                 1131700300007 
EN         EN-ERR     DATA       DATA-ERR                         1131700300008 
MEV        MEV        B          B                                1131700300009 
 3.068  -08            4.537  +01                                 1131700300010 
 3.108  -08            4.507  +01                                 1131700300011 
 3.149  -08            4.469  +01                                 1131700300012 
 3.191  -08            4.454  +01                                 1131700300013 
 3.234  -08            4.464  +01                                 1131700300014 
 3.278  -08            4.464  +01                                 1131700300015 
 3.322  -08 2.4    -10 4.451  +01 1.3    -01                      1131700300016 
 3.368  -08            4.451  +01                                 1131700300017 
 3.415  -08            4.417  +01                                 1131700300018 
 3.462  -08            4.422  +01                                 1131700300019 
 3.511  -08            4.384  +01                                 1131700300020 
 3.561  -08            4.379  +01                                 1131700300021 
 3.612  -08            4.351  +01                                 1131700300022 
 3.664  -08            4.351  +01                                 1131700300023 
 3.718  -08            4.332  +01                                 1131700300024 
 3.772  -08            4.299  +01                                 1131700300025 
 3.828  -08            4.304  +01                                 1131700300026 
 3.885  -08            4.299  +01                                 1131700300027 
 3.944  -08            4.287  +01                                 1131700300028 
 4.004  -08            4.292  +01                                 1131700300029 
 4.065  -08            4.229  +01                                 1131700300030 
 4.128  -08            4.237  +01                                 1131700300031 
 4.192  -08            4.239  +01                                 1131700300032 
 4.259  -08            4.201  +01                                 1131700300033 
 4.326  -08            4.182  +01                                 1131700300034 
 4.396  -08            4.092  +01                                 1131700300035 
 4.467  -08            4.132  +01                                 1131700300036 
 4.540  -08            4.127  +01                                 1131700300037 
 4.615  -08            4.114  +01                                 1131700300038 
 4.691  -08            4.089  +01                                 1131700300039 
 4.770  -08            4.109  +01                                 1131700300040 
 4.851  -08            3.992  +01                                 1131700300041 
 4.934  -08            4.014  +01                                 1131700300042 
 5.020  -08            4.002  +01                                 1131700300043 
 5.108  -08            4.007  +01                                 1131700300044 
 5.198  -08            3.952  +01                                 1131700300045 
 5.291  -08            3.964  +01                                 1131700300046 
 5.386  -08            3.949  +01                                 1131700300047 
 5.483  -08            3.909  +01                                 1131700300048 
 5.584  -08            3.907  +01                                 1131700300049 
 5.687  -08            3.864  +01                                 1131700300050 
 5.794  -08            3.847  +01                                 1131700300051 
 5.903  -08            3.814  +01                                 1131700300052 
 6.016  -08 5.8    -10 3.834  +01 2.7    -01                      1131700300053 
 6.132  -08            3.807  +01                                 1131700300054 
 6.252  -08            3.782  +01                                 1131700300055 
 6.273  -08            3.672  +01                                 1131700300056 
 6.309  -08            3.767  +01                                 1131700300057 
 6.345  -08            3.714  +01                                 1131700300058 
 6.375  -08            3.772  +01                                 1131700300059 
 6.382  -08            3.707  +01                                 1131700300060 
 6.419  -08            3.712  +01                                 1131700300061 
 6.457  -08            3.714  +01                                 1131700300062 
 6.495  -08            3.727  +01                                 1131700300063 
 6.503  -08            3.752  +01                                 1131700300064 
 6.533  -08            3.692  +01                                 1131700300065 
 6.571  -08            3.699  +01                                 1131700300066 
 6.610  -08            3.699  +01                                 1131700300067 
 6.634  -08            3.749  +01                                 1131700300068 
 6.650  -08            3.717  +01                                 1131700300069 
 6.689  -08            3.699  +01                                 1131700300070 
 6.730  -08            3.692  +01                                 1131700300071 
 6.769  -08            3.717  +01                                 1131700300072 
 6.770  -08            3.697  +01                                 1131700300073 
 6.811  -08            3.614  +01                                 1131700300074 
 6.852  -08            3.624  +01                                 1131700300075 
 6.894  -08            3.683  +01                                 1131700300076 
 6.908  -08            3.687  +01                                 1131700300077 
 6.936  -08            3.674  +01                                 1131700300078 
 6.978  -08            3.602  +01                                 1131700300079 
 7.021  -08            3.619  +01                                 1131700300080 
 7.052  -08            3.647  +01                                 1131700300081 
 7.065  -08            3.594  +01                                 1131700300082 
 7.108  -08            3.630  +01                                 1131700300083 
 7.153  -08            3.654  +01                                 1131700300084 
 7.197  -08            3.634  +01                                 1131700300085 
 7.201  -08            3.669  +01                                 1131700300086 
 7.243  -08            3.609  +01                                 1131700300087 
 7.288  -08            3.632  +01                                 1131700300088 
 7.334  -08            3.609  +01                                 1131700300089 
 7.381  -08            3.604  +01                                 1131700300090 
 7.427  -08            3.600  +01                                 1131700300091 
 7.475  -08            3.602  +01                                 1131700300092 
 7.523  -08            3.596  +01                                 1131700300093 
 7.571  -08            3.599  +01                                 1131700300094 
 7.620  -08            3.577  +01                                 1131700300095 
 7.670  -08            3.604  +01                                 1131700300096 
 7.720  -08            3.604  +01                                 1131700300097 
 7.766  -08            3.599  +01                                 1131700300098 
 7.821  -08            3.567  +01                                 1131700300099 
 7.873  -08            3.542  +01                                 1131700300100 
 7.925  -08            3.579  +01                                 1131700300101 
 7.978  -08            3.582  +01                                 1131700300102 
 8.031  -08            3.562  +01                                 1131700300103 
 8.085  -08            3.529  +01                                 1131700300104 
 8.139  -08            3.529  +01                                 1131700300105 
 8.194  -08            3.504  +01                                 1131700300106 
 8.250  -08            3.534  +01                                 1131700300107 
 8.306  -08            3.529  +01                                 1131700300108 
 8.362  -08            3.454  +01                                 1131700300109 
 8.420  -08            3.467  +01                                 1131700300110 
 8.537  -08            3.457  +01                                 1131700300111 
 8.596  -08            3.469  +01                                 1131700300112 
 8.656  -08            3.429  +01                                 1131700300113 
 8.716  -08            3.457  +01                                 1131700300114 
 8.777  -08            3.434  +01                                 1131700300115 
 8.840  -08            3.449  +01                                 1131700300116 
 8.902  -08            3.437  +01                                 1131700300117 
 8.966  -08            3.437  +01                                 1131700300118 
 9.030  -08            3.427  +01                                 1131700300119 
 9.095  -08            3.459  +01                                 1131700300120 
 9.160  -08            3.387  +01                                 1131700300121 
 9.227  -08            3.417  +01                                 1131700300122 
 9.293  -08            3.417  +01                                 1131700300123 
 9.362  -08            3.422  +01                                 1131700300124 
 9.430  -08            3.404  +01                                 1131700300125 
 9.499  -08            3.587  +01                                 1131700300126 
 9.570  -08            3.364  +01                                 1131700300127 
 9.641  -08            3.379  +01                                 1131700300128 
 9.712  -08            3.357  +01                                 1131700300129 
 9.786  -08            3.349  +01                                 1131700300130 
 9.859  -08            3.344  +01                                 1131700300131 
 9.934  -08            3.347  +01                                 1131700300132 
 1.001  -07            3.339  +01                                 1131700300133 
 1.008  -07            3.324  +01                                 1131700300134 
 1.016  -07            3.342  +01                                 1131700300135 
 1.024  -07            3.309  +01                                 1131700300136 
 1.032  -07            3.337  +01                                 1131700300137 
 1.040  -07            3.319  +01                                 1131700300138 
 1.048  -07            3.304  +01                                 1131700300139 
 1.056  -07            3.312  +01                                 1131700300140 
 1.065  -07            3.264  +01                                 1131700300141 
 1.073  -07            3.264  +01                                 1131700300142 
 1.081  -07            3.229  +01                                 1131700300143 
 1.090  -07            3.284  +01                                 1131700300144 
 1.099  -07            3.272  +01                                 1131700300145 
 1.108  -07            3.254  +01                                 1131700300146 
 1.117  -07            3.257  +01                                 1131700300147 
 1.126  -07            3.242  +01                                 1131700300148 
 1.135  -07            3.202  +01                                 1131700300149 
 1.144  -07            3.227  +01                                 1131700300150 
 1.153  -07            3.229  +01                                 1131700300151 
 1.163  -07            3.244  +01                                 1131700300152 
 1.173  -07            3.224  +01                                 1131700300153 
 1.182  -07            3.229  +01                                 1131700300154 
 1.192  -07            3.214  +01                                 1131700300155 
 1.202  -07            3.189  +01                                 1131700300156 
 1.213  -07            3.167  +01                                 1131700300157 
 1.223  -07            3.177  +01                                 1131700300158 
 1.233  -07            3.157  +01                                 1131700300159 
 1.244  -07            3.162  +01                                 1131700300160 
 1.255  -07            3.183  +01                                 1131700300161 
 1.266  -07            3.157  +01                                 1131700300162 
 1.277  -07            3.154  +01                                 1131700300163 
 1.288  -07            3.127  +01                                 1131700300164 
 1.299  -07            3.114  +01                                 1131700300165 
 1.311  -07            3.107  +01                                 1131700300166 
 1.322  -07            3.144  +01                                 1131700300167 
 1.334  -07            3.094  +01                                 1131700300168 
 1.346  -07            3.092  +01                                 1131700300169 
 1.358  -07            3.082  +01                                 1131700300170 
 1.370  -07            3.067  +01                                 1131700300171 
 1.383  -07            3.080  +01                                 1131700300172 
 1.396  -07            3.049  +01                                 1131700300173 
 1.408  -07            3.074  +01                                 1131700300174 
 1.421  -07            3.042  +01                                 1131700300175 
 1.435  -07            3.052  +01                                 1131700300176 
 1.448  -07            3.077  +01                                 1131700300177 
 1.464  -07            3.032  +01                                 1131700300178 
 1.475  -07            3.047  +01                                 1131700300179 
 1.489  -07            3.002  +01                                 1131700300180 
 1.504  -07            2.977  +01                                 1131700300181 
 1.518  -07            3.021  +01                                 1131700300182 
 1.533  -07            3.017  +01                                 1131700300183 
 1.547  -07            2.967  +01                                 1131700300184 
 1.563  -07            3.002  +01                                 1131700300185 
 1.578  -07            2.979  +01                                 1131700300186 
 1.593  -07            2.979  +01                                 1131700300187 
 1.609  -07            2.962  +01                                 1131700300188 
 1.625  -07            2.954  +01                                 1131700300189 
 1.641  -07            2.927  +01                                 1131700300190 
 1.658  -07            2.944  +01                                 1131700300191 
 1.675  -07            2.927  +01                                 1131700300192 
 1.692  -07            2.937  +01                                 1131700300193 
 1.709  -07            2.959  +01                                 1131700300194 
 1.727  -07            2.942  +01                                 1131700300195 
 1.744  -07            2.884  +01                                 1131700300196 
 1.763  -07            2.884  +01                                 1131700300197 
 1.781  -07            2.894  +01                                 1131700300198 
 1.800  -07            2.862  +01                                 1131700300199 
 1.819  -07            2.929  +01                                 1131700300200 
 1.838  -07            2.894  +01                                 1131700300201 
 1.858  -07            2.854  +01                                 1131700300202 
 1.878  -07            2.854  +01                                 1131700300203 
 1.898  -07            2.814  +01                                 1131700300204 
 1.919  -07            2.867  +01                                 1131700300205 
 1.940  -07            2.822  +01                                 1131700300206 
 1.961  -07            2.809  +01                                 1131700300207 
 1.983  -07            2.899  +01                                 1131700300208 
 2.005  -07            2.829  +01                                 1131700300209 
 2.027  -07 2.2    -09 2.819  +01 2.6    -01                      1131700300210 
 2.050  -07            2.689  +01                                 1131700300211 
 2.073  -07            2.787  +01                                 1131700300212 
 2.097  -07            2.832  +01                                 1131700300213 
 2.116  -07            2.777  +01                                 1131700300214 
 2.146  -07            2.794  +01                                 1131700300215 
 2.171  -07            2.794  +01                                 1131700300216 
 2.196  -07            2.767  +01                                 1131700300217 
 2.217  -07            2.769  +01                                 1131700300218 
 2.248  -07            2.769  +01                                 1131700300219 
 2.275  -07            2.734  +01                                 1131700300220 
 2.302  -07            2.729  +01                                 1131700300221 
 2.330  -07            2.729  +01                                 1131700300222 
 2.358  -07            2.754  +01                                 1131700300223 
 2.393  -07            2.749  +01                                 1131700300224 
 2.417  -07            2.707  +01                                 1131700300225 
 2.447  -07            2.707  +01                                 1131700300226 
 2.477  -07            2.709  +01                                 1131700300227 
 2.508  -07            2.687  +01                                 1131700300228 
 2.540  -07            2.704  +01                                 1131700300229 
 2.572  -07            2.687  +01                                 1131700300230 
 2.605  -07            2.737  +01                                 1131700300231 
 2.639  -07            2.647  +01                                 1131700300232 
 2.673  -07            2.667  +01                                 1131700300233 
 2.708  -07            2.612  +01                                 1131700300234 
 2.744  -07            2.687  +01                                 1131700300235 
 2.773  -07            2.689  +01                                 1131700300236 
 2.817  -07            2.662  +01                                 1131700300237 
 2.855  -07            2.679  +01                                 1131700300238 
 2.894  -07            2.699  +01                                 1131700300239 
 2.933  -07            2.642  +01                                 1131700300240 
 2.973  -07            2.607  +01                                 1131700300241 
 3.014  -07            2.647  +01                                 1131700300242 
 3.056  -07            2.587  +01                                 1131700300243 
 3.099  -07            2.609  +01                                 1131700300244 
 3.143  -07            2.609  +01                                 1131700300245 
 3.188  -07            2.609  +01                                 1131700300246 
 3.234  -07            2.584  +01                                 1131700300247 
 3.280  -07            2.612  +01                                 1131700300248 
 3.328  -07            2.569  +01                                 1131700300249 
 3.377  -07            2.619  +01                                 1131700300250 
 3.422  -07            2.564  +01                                 1131700300251 
 3.478  -07            2.574  +01                                 1131700300252 
 3.530  -07            2.494  +01                                 1131700300253 
 3.584  -07            2.504  +01                                 1131700300254 
 3.638  -07            2.519  +01                                 1131700300255 
 3.694  -07            2.479  +01                                 1131700300256 
 3.752  -07            2.561  +01                                 1131700300257 
 3.810  -07            2.509  +01                                 1131700300258 
 3.870  -07            2.557  +01                                 1131700300259 
 3.932  -07            2.497  +01                                 1131700300260 
 3.995  -07            2.464  +01                                 1131700300261 
 4.046  -07            2.449  +01                                 1131700300262 
 4.112  -07            2.474  +01                                 1131700300263 
 4.193  -07            2.454  +01                                 1131700300264 
 4.263  -07            2.436  +01                                 1131700300265 
 4.334  -07            2.474  +01                                 1131700300266 
 4.407  -07            2.436  +01                                 1131700300267 
 4.482  -07            2.412  +01                                 1131700300268 
 4.558  -07            2.444  +01                                 1131700300269 
 4.637  -07            2.264  +01                                 1131700300270 
 4.718  -07            2.372  +01                                 1131700300271 
 4.801  -07            2.352  +01                                 1131700300272 
 4.887  -07            2.357  +01                                 1131700300273 
 4.974  -07            2.321  +01                                 1131700300274 
 5.065  -07            2.381  +01                                 1131700300275 
 5.158  -07            2.359  +01                                 1131700300276 
 5.254  -07            2.294  +01                                 1131700300277 
 5.352  -07            2.277  +01                                 1131700300278 
 5.556  -07            2.287  +01                                 1131700300279 
 5.661  -07            2.314  +01                                 1131700300280 
 5.772  -07            2.303  +01                                 1131700300281 
 5.883  -07            2.289  +01                                 1131700300282 
 6.001  -07 1.20   -08 2.334  +01 3.6    -01                      1131700300283 
 6.119  -07            2.312  +01                                 1131700300284 
 6.243  -07            2.289  +01                                 1131700300285 
 6.370  -07            2.299  +01                                 1131700300286 
 6.502  -07            2.259  +01                                 1131700300287 
 6.636  -07            2.232  +01                                 1131700300288 
 6.776  -07            2.282  +01                                 1131700300289 
 6.919  -07            2.216  +01                                 1131700300290 
 7.071  -07            2.259  +01                                 1131700300291 
 7.222  -07            2.251  +01                                 1131700300292 
 7.379  -07            2.234  +01                                 1131700300293 
 7.544  -07            2.291  +01                                 1131700300294 
 7.716  -07            2.202  +01                                 1131700300295 
 7.891  -07            2.236  +01                                 1131700300296 
 8.069  -07            2.262  +01                                 1131700300297 
 8.261  -07            2.196  +01                                 1131700300298 
 8.451  -07            2.155  +01                                 1131700300299 
 8.644  -07            2.202  +01                                 1131700300300 
 8.656  -07            2.152  +01                                 1131700300301 
 8.737  -07            2.204  +01                                 1131700300302 
 8.821  -07            2.194  +01                                 1131700300303 
 8.865  -07            2.215  +01                                 1131700300304 
 8.906  -07            2.211  +01                                 1131700300305 
 8.993  -07            2.173  +01                                 1131700300306 
 9.080  -07            2.169  +01                                 1131700300307 
 9.169  -07            2.182  +01                                 1131700300308 
 9.259  -07            2.131  +01                                 1131700300309 
 9.301  -07            2.227  +01                                 1131700300310 
 9.351  -07            2.136  +01                                 1131700300311 
 9.443  -07            2.104  +01                                 1131700300312 
 9.538  -07            2.181  +01                                 1131700300313 
 9.633  -07            2.141  +01                                 1131700300314 
 9.730  -07            2.171  +01                                 1131700300315 
 9.783  -07            2.145  +01                                 1131700300316 
 9.829  -07            2.176  +01                                 1131700300317 
 9.929  -07            2.085  +01                                 1131700300318 
 1.003  -06            2.156  +01                                 1131700300319 
 1.013  -06            2.107  +01                                 1131700300320 
 1.024  -06            2.094  +01                                 1131700300321 
 1.029  -06            2.077  +01                                 1131700300322 
 1.034  -06            2.101  +01                                 1131700300323 
 1.045  -06            2.094  +01                                 1131700300324 
 1.056  -06            2.169  +01                                 1131700300325 
 1.067  -06            2.202  +01                                 1131700300326 
 1.079  -06            2.197  +01                                 1131700300327 
 1.085  -06            2.046  +01                                 1131700300328 
 1.090  -06            2.078  +01                                 1131700300329 
 1.102  -06            2.118  +01                                 1131700300330 
 1.114  -06            2.095  +01                                 1131700300331 
 1.126  -06            2.181  +01                                 1131700300332 
 1.138  -06            2.123  +01                                 1131700300333 
 1.145  -06            2.047  +01                                 1131700300334 
 1.151  -06            1.944  +01                                 1131700300335 
 1.163  -06            2.090  +01                                 1131700300336 
 1.176  -06            2.102  +01                                 1131700300337 
 1.190  -06            2.104  +01                                 1131700300338 
 1.203  -06            2.111  +01                                 1131700300339 
 1.209  -06            2.077  +01                                 1131700300340 
 1.216  -06            2.073  +01                                 1131700300341 
 1.230  -06            2.099  +01                                 1131700300342 
 1.244  -06            2.110  +01                                 1131700300343 
 1.259  -06            2.037  +01                                 1131700300344 
 1.273  -06            2.114  +01                                 1131700300345 
 1.288  -06            2.114  +01                                 1131700300346 
 1.303  -06            2.088  +01                                 1131700300347 
 1.319  -06            2.048  +01                                 1131700300348 
 1.334  -06            2.086  +01                                 1131700300349 
 1.350  -06            2.078  +01                                 1131700300350 
 1.366  -06            2.121  +01                                 1131700300351 
 1.383  -06            2.132  +01                                 1131700300352 
 1.399  -06            2.034  +01                                 1131700300353 
 1.416  -06            2.030  +01                                 1131700300354 
 1.434  -06            2.092  +01                                 1131700300355 
 1.442  -06            2.038  +01                                 1131700300356 
 1.451  -06            2.117  +01                                 1131700300357 
 1.469  -06            2.054  +01                                 1131700300358 
 1.488  -06            2.081  +01                                 1131700300359 
 1.506  -06            2.096  +01                                 1131700300360 
 1.525  -06            2.034  +01                                 1131700300361 
 1.535  -06            2.102  +01                                 1131700300362 
 1.545  -06            2.083  +01                                 1131700300363 
 1.565  -06            1.962  +01                                 1131700300364 
 1.585  -06            2.046  +01                                 1131700300365 
 1.605  -06            1.963  +01                                 1131700300366 
 1.626  -06            1.928  +01                                 1131700300367 
 1.637  -06            1.968  +01                                 1131700300368 
 1.648  -06            1.989  +01                                 1131700300369 
 1.670  -06            2.043  +01                                 1131700300370 
 1.692  -06            2.028  +01                                 1131700300371 
 1.715  -06            2.011  +01                                 1131700300372 
 1.738  -06            1.977  +01                                 1131700300373 
 1.762  -06            2.046  +01                                 1131700300374 
 1.786  -06            2.008  +01                                 1131700300375 
 1.810  -06            1.977  +01                                 1131700300376 
 1.836  -06            1.931  +01                                 1131700300377 
 1.861  -06            1.969  +01                                 1131700300378 
 1.888  -06            1.982  +01                                 1131700300379 
 1.914  -06            1.999  +01                                 1131700300380 
 1.942  -06            2.021  +01                                 1131700300381 
 1.969  -06            1.978  +01                                 1131700300382 
 1.997  -06            1.971  +01                                 1131700300383 
 2.028  -06            1.871  +01                                 1131700300384 
 2.088  -06 7.5    -08 1.987  +01 2.7    -01                      1131700300385 
 2.119  -06            2.042  +01                                 1131700300386 
 2.151  -06            2.011  +01                                 1131700300387 
 2.184  -06            1.965  +01                                 1131700300388 
 2.217  -06            1.905  +01                                 1131700300389 
 2.251  -06            1.982  +01                                 1131700300390 
 2.286  -06            1.991  +01                                 1131700300391 
 2.322  -06            1.997  +01                                 1131700300392 
 2.359  -06            1.919  +01                                 1131700300393 
 2.396  -06            1.940  +01                                 1131700300394 
 2.435  -06            1.939  +01                                 1131700300395 
 2.474  -06            1.945  +01                                 1131700300396 
 2.515  -06            1.948  +01                                 1131700300397 
 2.556  -06            1.932  +01                                 1131700300398 
 2.598  -06            1.914  +01                                 1131700300399 
 2.642  -06            1.965  +01                                 1131700300400 
 2.686  -06            1.877  +01                                 1131700300401 
 2.732  -06            1.918  +01                                 1131700300402 
 2.779  -06            1.801  +01                                 1131700300403 
 2.826  -06            1.906  +01                                 1131700300404 
 2.876  -06            1.895  +01                                 1131700300405 
 2.926  -06            1.942  +01                                 1131700300406 
 2.978  -06            1.841  +01                                 1131700300407 
 3.032  -06            1.874  +01                                 1131700300408 
 3.086  -06            1.922  +01                                 1131700300409 
 3.143  -06            1.852  +01                                 1131700300410 
 3.201  -06            1.946  +01                                 1131700300411 
 3.260  -06            1.951  +01                                 1131700300412 
 3.321  -06            1.866  +01                                 1131700300413 
 3.384  -06            1.944  +01                                 1131700300414 
 3.448  -06            1.858  +01                                 1131700300415 
 3.515  -06            1.851  +01                                 1131700300416 
 3.584  -06            1.865  +01                                 1131700300417 
 3.654  -06            1.757  +01                                 1131700300418 
 3.727  -06            1.867  +01                                 1131700300419 
 3.802  -06            1.843  +01                                 1131700300420 
 3.879  -06            1.811  +01                                 1131700300421 
 3.958  -06            1.924  +01                                 1131700300422 
 4.040  -06            1.993  +01                                 1131700300423 
 4.125  -06            1.736  +01                                 1131700300424 
 4.212  -06            1.750  +01                                 1131700300425 
 4.302  -06            1.808  +01                                 1131700300426 
 4.395  -06            1.759  +01                                 1131700300427 
 4.491  -06            1.778  +01                                 1131700300428 
 4.590  -06            1.688  +01                                 1131700300429 
 4.692  -06            1.680  +01                                 1131700300430 
 4.799  -06            1.683  +01                                 1131700300431 
 4.908  -06            1.788  +01                                 1131700300432 
 5.023  -06            1.811  +01                                 1131700300433 
 5.140  -06            1.705  +01                                 1131700300434 
 5.261  -06            1.911  +01                                 1131700300435 
 5.387  -06            1.731  +01                                 1131700300436 
 5.617  -06            1.761  +01                                 1131700300437 
 5.653  -06            1.793  +01                                 1131700300438 
 5.793  -06            1.826  +01                                 1131700300439 
 5.939  -06            1.779  +01                                 1131700300440 
 6.090  -06 3.80   -07 1.741  +01 3.9    -01                      1131700300441 
 6.247  -06            1.786  +01                                 1131700300442 
 6.410  -06            1.704  +01                                 1131700300443 
 6.580  -06            1.788  +01                                 1131700300444 
 6.756  -06            1.708  +01                                 1131700300445 
 6.940  -06            1.692  +01                                 1131700300446 
 7.131  -06            1.644  +01                                 1131700300447 
 7.330  -06            1.685  +01                                 1131700300448 
 7.538  -06            1.656  +01                                 1131700300449 
 7.755  -06            1.615  +01                                 1131700300450 
 7.982  -06            1.675  +01                                 1131700300451 
 8.218  -06            1.763  +01                                 1131700300452 
 8.465  -06            1.662  +01                                 1131700300453 
 8.723  -06            1.654  +01                                 1131700300454 
 8.994  -06            1.748  +01                                 1131700300455 
 9.277  -06            1.692  +01                                 1131700300456 
 9.573  -06            1.598  +01                                 1131700300457 
 9.884  -06            1.701  +01                                 1131700300458 
 1.021  -05            1.546  +01                                 1131700300459 
 1.055  -05            1.511  +01                                 1131700300460 
 1.091  -05            1.616  +01                                 1131700300461 
 1.129  -05            1.647  +01                                 1131700300462 
 1.169  -05            1.654  +01                                 1131700300463 
 1.212  -05            1.555  +01                                 1131700300464 
 1.256  -05            1.498  +01                                 1131700300465 
 1.303  -05            1.466  +01                                 1131700300466 
 1.352  -05            1.535  +01                                 1131700300467 
 1.405  -05            1.635  +01                                 1131700300468 
 1.460  -05            1.502  +01                                 1131700300469 
 1.519  -05            1.632  +01                                 1131700300470 
 1.582  -05            1.601  +01                                 1131700300471 
 1.649  -05            1.581  +01                                 1131700300472 
 1.720  -05            1.408  +01                                 1131700300473 
 1.795  -05            1.544  +01                                 1131700300474 
 1.876  -05            1.572  +01                                 1131700300475 
 1.962  -05            1.498  +01                                 1131700300476 
 2.054  -05 2.30   -06 1.487  +01 4.9    -01                      1131700300477 
 2.153  -05            1.382  +01                                 1131700300478 
 2.260  -05            1.209  +01                                 1131700300479 
 2.374  -05            1.409  +01                                 1131700300480 
 2.497  -05            1.403  +01                                 1131700300481 
 2.630  -05            1.373  +01                                 1131700300482 
 2.774  -05            1.393  +01                                 1131700300483 
 2.924  -05            1.283  +01                                 1131700300484 
 3.100  -05            1.418  +01                                 1131700300485 
 3.285  -05            1.216  +01                                 1131700300486 
 3.488  -05            1.210  +01                                 1131700300487 
 3.709  -05            1.188  +01                                 1131700300488 
 3.952  -05            1.148  +01                                 1131700300489 
 4.220  -05            1.113  +01                                 1131700300490 
 4.516  -05            1.160  +01                                 1131700300491 
 4.844  -05            1.175  +01                                 1131700300492 
 5.210  -05            1.162  +01                                 1131700300493 
 5.618  -05            9.91   +00                                 1131700300494 
 6.08   -05 1.20   -05 9.0    +00 1.9    +00                      1131700300495 
 6.593  -05            1.203  +01                                 1131700300496 
 7.179  -05            1.006  +01                                 1131700300497 
ENDDATA            490          0                                 1131700300498 
ENDSUBENT          497          0                                 1131700399999 
SUBENT        11317004   19810428                             00001131700400001 
BIB                  3          3                                 1131700400002 
REACTION   (17-CL-0(N,TOT),,SIG)                                  1131700400003 
FACILITY   (CHOPF) FAST CHOPPER                                   1131700400004 
METHOD     (TOF)      TIME-OF-FLIGHT                              1131700400005 
ENDBIB               3          0                                 1131700400006 
NOCOMMON             0          0                                 1131700400007 
DATA                 2        144                                 1131700400008 
EN         DATA                                                   1131700400009 
MEV        B                                                      1131700400010 
 1.67   -05 1.51   +01                                            1131700400011 
 1.78   -05 1.44   +01                                            1131700400012 
 1.90   -05 1.42   +01                                            1131700400013 
 2.02   -05 1.41   +01                                            1131700400014 
 2.22   -05 1.36   +01                                            1131700400015 
 2.45   -05 1.32   +01                                            1131700400016 
 2.59   -05 1.32   +01                                            1131700400017 
 2.68   -05 1.26   +01                                            1131700400018 
 3.01   -05 1.19   +01                                            1131700400019 
 3.28   -05 1.21   +01                                            1131700400020 
 3.58   -05 1.18   +01                                            1131700400021 
 3.90   -05 1.15   +01                                            1131700400022 
 4.32   -05 1.14   +01                                            1131700400023 
 4.87   -05 1.06   +01                                            1131700400024 
 5.34   -05 1.05   +01                                            1131700400025 
 6.00   -05 9.80   +00                                            1131700400026 
 6.70   -05 9.80   +00                                            1131700400027 
 6.95   -05 9.88   +00                                            1131700400028 
 7.22   -05 9.75   +00                                            1131700400029 
 7.33   -05 9.29   +00                                            1131700400030 
 7.49   -05 8.50   +00                                            1131700400031 
 7.69   -05 8.80   +00                                            1131700400032 
 7.90   -05 8.21   +00                                            1131700400033 
 8.12   -05 9.08   +00                                            1131700400034 
 8.35   -05 9.18   +00                                            1131700400035 
 8.59   -05 7.86   +00                                            1131700400036 
 8.84   -05 7.68   +00                                            1131700400037 
 9.10   -05 8.01   +00                                            1131700400038 
 9.38   -05 7.53   +00                                            1131700400039 
 9.66   -05 7.70   +00                                            1131700400040 
 9.96   -05 7.68   +00                                            1131700400041 
 1.027  -04 7.68   +00                                            1131700400042 
 1.060  -04 7.80   +00                                            1131700400043 
 1.090  -04 6.85   +00                                            1131700400044 
 1.130  -04 6.87   +00                                            1131700400045 
 1.168  -04 6.73   +00                                            1131700400046 
 1.208  -04 6.48   +00                                            1131700400047 
 1.250  -04 6.66   +00                                            1131700400048 
 1.294  -04 6.67   +00                                            1131700400049 
 1.340  -04 6.43   +00                                            1131700400050 
 1.389  -04 6.38   +00                                            1131700400051 
 1.441  -04 6.53   +00                                            1131700400052 
 1.496  -04 6.15   +00                                            1131700400053 
 1.554  -04 6.25   +00                                            1131700400054 
 1.615  -04 6.12   +00                                            1131700400055 
 1.68   -04 5.61   +00                                            1131700400056 
 1.75   -04 5.24   +00                                            1131700400057 
 1.82   -04 5.24   +00                                            1131700400058 
 1.90   -04 5.48   +00                                            1131700400059 
 1.98   -04 5.19   +00                                            1131700400060 
 2.07   -04 4.76   +00                                            1131700400061 
 2.17   -04 4.89   +00                                            1131700400062 
 2.27   -04 4.91   +00                                            1131700400063 
 2.38   -04 4.54   +00                                            1131700400064 
 2.49   -04 4.11   +00                                            1131700400065 
 2.62   -04 4.55   +00                                            1131700400066 
 2.76   -04 4.23   +00                                            1131700400067 
 2.90   -04 3.78   +00                                            1131700400068 
 3.06   -04 3.80   +00                                            1131700400069 
 3.23   -04 3.70   +00                                            1131700400070 
 3.42   -04 3.75   +00                                            1131700400071 
 3.62   -04 3.50   +00                                            1131700400072 
 3.67   -04 3.62   +00                                            1131700400073 
 3.72   -04 3.57   +00                                            1131700400074 
 3.78   -04 3.48   +00                                            1131700400075 
 3.84   -04 3.79   +00                                            1131700400076 
 3.88   -04 4.47   +00                                            1131700400077 
 3.92   -04 4.52   +00                                            1131700400078 
 3.97   -04 5.32   +00                                            1131700400079 
 4.00   -04 1.04   +01                                            1131700400080 
 4.02   -04 1.18   +01                                            1131700400081 
 4.05   -04 1.98   +01                                            1131700400082 
 4.08   -04 1.70   +01                                            1131700400083 
 4.10   -04 1.57   +01                                            1131700400084 
 4.18   -04 3.56   +00                                            1131700400085 
 4.26   -04 3.32   +00                                            1131700400086 
 4.35   -04 3.01   +00                                            1131700400087 
 4.64   -04 3.25   +00                                            1131700400088 
 4.97   -04 2.96   +00                                            1131700400089 
 5.32   -04 2.92   +00                                            1131700400090 
 5.72   -04 2.38   +00                                            1131700400091 
 6.17   -04 2.46   +00                                            1131700400092 
 6.67   -04 2.67   +00                                            1131700400093 
 7.23   -04 2.79   +00                                            1131700400094 
 7.87   -04 2.55   +00                                            1131700400095 
 8.59   -04 2.14   +00                                            1131700400096 
 9.42   -04 2.41   +00                                            1131700400097 
 1.036  -03 2.42   +00                                            1131700400098 
 1.14   -03 2.17   +00                                            1131700400099 
 1.27   -03 1.88   +00                                            1131700400100 
 1.42   -03 1.83   +00                                            1131700400101 
 1.59   -03 1.82   +00                                            1131700400102 
 1.63   -03 1.96   +00                                            1131700400103 
 1.68   -03 2.09   +00                                            1131700400104 
 1.72   -03 1.90   +00                                            1131700400105 
 1.77   -03 1.51   +00                                            1131700400106 
 1.81   -03 1.59   +00                                            1131700400107 
 1.86   -03 1.75   +00                                            1131700400108 
 1.91   -03 2.13   +00                                            1131700400109 
 1.96   -03 1.98   +00                                            1131700400110 
 2.02   -03 1.31   +00                                            1131700400111 
 2.07   -03 1.04   +00                                            1131700400112 
 2.13   -03 2.25   +00                                            1131700400113 
 2.19   -03 1.76   +00                                            1131700400114 
 2.26   -03 1.24   +00                                            1131700400115 
 2.33   -03 1.25   +00                                            1131700400116 
 2.39   -03 1.46   +00                                            1131700400117 
 2.47   -03 1.87   +00                                            1131700400118 
 2.55   -03 1.29   +00                                            1131700400119 
 2.62   -03 1.83   +00                                            1131700400120 
 2.70   -03 1.43   +00                                            1131700400121 
 2.80   -03 1.17   +00                                            1131700400122 
 2.89   -03 1.30   +00                                            1131700400123 
 2.99   -03 1.10   +00                                            1131700400124 
 3.10   -03 2.34   +00                                            1131700400125 
 3.21   -03 1.57   +00                                            1131700400126 
 3.32   -03 1.31   +00                                            1131700400127 
 3.44   -03 1.47   +00                                            1131700400128 
 3.57   -03 1.15   +00                                            1131700400129 
 3.70   -03 1.57   +00                                            1131700400130 
 3.84   -03 1.13   +00                                            1131700400131 
 3.99   -03 1.36   +00                                            1131700400132 
 4.15   -03 1.08   +00                                            1131700400133 
 4.38   -03 1.25   +00                                            1131700400134 
 4.50   -03 1.25   +00                                            1131700400135 
 4.75   -03 1.55   +00                                            1131700400136 
 4.90   -03 1.36   +00                                            1131700400137 
 5.60   -03 1.70   +00                                            1131700400138 
 6.20   -03 1.09   +00                                            1131700400139 
 6.50   -03 1.04   +00                                            1131700400140 
 6.80   -03 1.73   +00                                            1131700400141 
 7.20   -03 1.16   +00                                            1131700400142 
 7.50   -03 1.47   +00                                            1131700400143 
 8.00   -03 1.78   +00                                            1131700400144 
 8.40   -03 3.35   +00                                            1131700400145 
 8.90   -03 3.19   +00                                            1131700400146 
 9.50   -03 1.43   +00                                            1131700400147 
 1.00   -02 1.77   +00                                            1131700400148 
 1.07   -02 1.62   +00                                            1131700400149 
 1.14   -02 1.40   +00                                            1131700400150 
 1.22   -02 1.82   +00                                            1131700400151 
 1.31   -02 2.63   +00                                            1131700400152 
 1.40   -02 2.63   +00                                            1131700400153 
 1.50   -02 2.72   +00                                            1131700400154 
ENDDATA            146          0                                 1131700400155 
ENDSUBENT          154          0                                 1131700499999 
SUBENT        11317005   19810428                             00001131700500001 
BIB                  2          5                                 1131700500002 
REACTION  1(17-CL-35(N,0),,EN)                                    1131700500003 
          2(17-CL-35(N,TOT),,SIG,,RES)                            1131700500004 
          3(17-CL-35(N,TOT),,WID)                                 1131700500005 
          4(17-CL-35(N,EL),,WID)                                  1131700500006 
ANALYSIS   (AREA).                                                1131700500007 
ENDBIB               5          0                                 1131700500008 
NOCOMMON             0          0                                 1131700500009 
DATA                 5          1                                 1131700500010 
DATA      1DATA-ERR  1DATA-MIN  2DATA-MAX  3DATA      4           1131700500011 
EV         EV         B          EV         EV                    1131700500012 
 405.       6.         580.       0.6        0.14                 1131700500013 
ENDDATA              3          0                                 1131700500014 
ENDSUBENT           13          0                                 1131700599999 
SUBENT        11317006   19810428                             00001131700600001 
BIB                  1          4                                 1131700600002 
REACTION  1(17-CL-35(N,0),,EN)                                    1131700600003 
          2(17-CL-35(N,G),,WID)                                   1131700600004 
          3(17-CL-35(N,EL),,WID/RED)                              1131700600005 
          4(17-CL-35(N,0),,J)                                     1131700600006 
ENDBIB               4          0                                 1131700600007 
NOCOMMON             0          0                                 1131700600008 
DATA                 8          1                                 1131700600009 
DATA      1DATA-ERR  1DATA      2DATA-ERR  2DATA      3DATA-ERR  31131700600010 
MOMENTUM L DATA      4                                            1131700600011 
EV         EV         EV         EV         EV         EV         1131700600012 
NO-DIM     NO-DIM                                                 1131700600013 
-140.       5.         0.48       0.02       0.72       0.05      1131700600014 
 0.         2.                                                    1131700600015 
ENDDATA              6          0                                 1131700600016 
ENDSUBENT           15          0                                 1131700699999 
SUBENT        11317007   19810428                             00001131700700001 
BIB                  1          2                                 1131700700002 
REACTION  1(17-CL-37(N,0),,EN)                                    1131700700003 
          2(17-CL-37(N,TOT),,WID)                                 1131700700004 
ENDBIB               2          0                                 1131700700005 
NOCOMMON             0          0                                 1131700700006 
DATA                 3          1                                 1131700700007 
DATA      1DATA-ERR  1DATA-MAX  2                                 1131700700008 
MEV        MEV        MILLI-EV                                    1131700700009 
 8.7    -03 5.     -04 8.00   +05                                 1131700700010 
ENDDATA              3          0                                 1131700700011 
ENDSUBENT           10          0                                 1131700799999 
ENDENTRY             7          0                                 1131799999999 
