ENTRY            11327   19820324                             00001132700000001 
SUBENT        11327001   19820324                             00001132700100001 
BIB                  7          9                                 1132700100002 
INSTITUTE  (1USADKE)                                              1132700100003 
REFERENCE  (J,PR,121,1150,61)                                     1132700100004 
AUTHOR     (R.M.WILENZICK,G.E.MITCHELL,K.K.SETH,H.W.LEWIS)        1132700100005 
TITLE      MEASUREMENT AND INTERPRETATION OF NEUTRON TOTAL CROSS  1132700100006 
           SECTIONS OF CARBON, CALCIUM AND LEAD.                  1132700100007 
METHOD     (TOF) TIME-OF-FLIGHT                                   1132700100008 
STATUS     (SCSRS)                                                1132700100009 
HISTORY    (761014T) TRANSLATED FROM SCISRS                       1132700100010 
           (820324A) CONVERTED TO REACTION FORMALISM              1132700100011 
ENDBIB               9          0                                 1132700100012 
NOCOMMON             0          0                                 1132700100013 
ENDSUBENT           12          0                                 1132700199999 
SUBENT        11327002   19820324                             00001132700200001 
BIB                  1          1                                 1132700200002 
REACTION   (6-C-12(N,TOT),,SIG)                                   1132700200003 
ENDBIB               1          0                                 1132700200004 
COMMON               2          3                                 1132700200005 
EN-RSL     DATA-ERR                                               1132700200006 
MEV        PER-CENT                                               1132700200007 
 5.     -03 5.0                                                   1132700200008 
ENDCOMMON            3          0                                 1132700200009 
DATA                 2        103                                 1132700200010 
EN         DATA                                                   1132700200011 
MEV        B                                                      1132700200012 
 1.85   -01 4.19   +00                                            1132700200013 
 1.90   -01 4.17   +00                                            1132700200014 
 1.95   -01 4.13   +00                                            1132700200015 
 2.00   -01 4.14   +00                                            1132700200016 
 2.05   -01 4.16   +00                                            1132700200017 
 2.10   -01 4.16   +00                                            1132700200018 
 2.15   -01 4.11   +00                                            1132700200019 
 2.20   -01 4.05   +00                                            1132700200020 
 2.25   -01 4.02   +00                                            1132700200021 
 2.30   -01 4.04   +00                                            1132700200022 
 2.35   -01 4.02   +00                                            1132700200023 
 2.40   -01 4.07   +00                                            1132700200024 
 2.45   -01 4.01   +00                                            1132700200025 
 2.50   -01 4.01   +00                                            1132700200026 
 2.55   -01 4.00   +00                                            1132700200027 
 2.60   -01 3.98   +00                                            1132700200028 
 2.65   -01 3.98   +00                                            1132700200029 
 2.70   -01 3.92   +00                                            1132700200030 
 2.75   -01 3.91   +00                                            1132700200031 
 2.80   -01 3.84   +00                                            1132700200032 
 2.85   -01 3.91   +00                                            1132700200033 
 2.90   -01 3.97   +00                                            1132700200034 
 2.95   -01 3.96   +00                                            1132700200035 
 3.00   -01 3.93   +00                                            1132700200036 
 3.05   -01 3.87   +00                                            1132700200037 
 3.10   -01 3.87   +00                                            1132700200038 
 3.15   -01 3.81   +00                                            1132700200039 
 3.20   -01 3.75   +00                                            1132700200040 
 3.25   -01 3.70   +00                                            1132700200041 
 3.30   -01 3.78   +00                                            1132700200042 
 3.35   -01 3.76   +00                                            1132700200043 
 3.40   -01 3.76   +00                                            1132700200044 
 3.45   -01 3.70   +00                                            1132700200045 
 3.50   -01 3.70   +00                                            1132700200046 
 3.55   -01 3.71   +00                                            1132700200047 
 3.60   -01 3.61   +00                                            1132700200048 
 3.65   -01 3.54   +00                                            1132700200049 
 3.70   -01 3.48   +00                                            1132700200050 
 3.75   -01 3.55   +00                                            1132700200051 
 3.80   -01 3.56   +00                                            1132700200052 
 3.85   -01 3.54   +00                                            1132700200053 
 3.90   -01 3.47   +00                                            1132700200054 
 3.95   -01 3.42   +00                                            1132700200055 
 4.00   -01 3.41   +00                                            1132700200056 
 4.05   -01 3.48   +00                                            1132700200057 
 4.10   -01 3.50   +00                                            1132700200058 
 4.15   -01 3.51   +00                                            1132700200059 
 4.20   -01 3.48   +00                                            1132700200060 
 4.25   -01 3.48   +00                                            1132700200061 
 4.30   -01 3.48   +00                                            1132700200062 
 4.35   -01 3.48   +00                                            1132700200063 
 4.40   -01 3.47   +00                                            1132700200064 
 4.45   -01 3.45   +00                                            1132700200065 
 4.50   -01 3.40   +00                                            1132700200066 
 4.55   -01 3.41   +00                                            1132700200067 
 4.60   -01 3.39   +00                                            1132700200068 
 4.65   -01 3.33   +00                                            1132700200069 
 4.70   -01 3.31   +00                                            1132700200070 
 4.75   -01 3.32   +00                                            1132700200071 
 4.80   -01 3.30   +00                                            1132700200072 
 4.85   -01 3.20   +00                                            1132700200073 
 4.90   -01 3.16   +00                                            1132700200074 
 4.95   -01 3.17   +00                                            1132700200075 
 5.00   -01 3.24   +00                                            1132700200076 
 5.05   -01 3.21   +00                                            1132700200077 
 5.10   -01 3.20   +00                                            1132700200078 
 5.15   -01 3.19   +00                                            1132700200079 
 5.20   -01 3.22   +00                                            1132700200080 
 5.25   -01 3.20   +00                                            1132700200081 
 5.30   -01 3.23   +00                                            1132700200082 
 5.35   -01 3.20   +00                                            1132700200083 
 5.40   -01 3.25   +00                                            1132700200084 
 5.45   -01 3.15   +00                                            1132700200085 
 5.50   -01 3.13   +00                                            1132700200086 
 5.55   -01 3.10   +00                                            1132700200087 
 5.60   -01 3.16   +00                                            1132700200088 
 5.65   -01 3.16   +00                                            1132700200089 
 5.70   -01 3.13   +00                                            1132700200090 
 5.75   -01 3.14   +00                                            1132700200091 
 5.80   -01 3.17   +00                                            1132700200092 
 5.85   -01 3.15   +00                                            1132700200093 
 5.90   -01 3.09   +00                                            1132700200094 
 5.95   -01 3.00   +00                                            1132700200095 
 6.00   -01 2.96   +00                                            1132700200096 
 6.05   -01 2.95   +00                                            1132700200097 
 6.10   -01 2.98   +00                                            1132700200098 
 6.15   -01 2.99   +00                                            1132700200099 
 6.20   -01 2.97   +00                                            1132700200100 
 6.25   -01 2.96   +00                                            1132700200101 
 6.30   -01 2.98   +00                                            1132700200102 
 6.35   -01 2.92   +00                                            1132700200103 
 6.40   -01 2.85   +00                                            1132700200104 
 6.45   -01 2.82   +00                                            1132700200105 
 6.50   -01 2.82   +00                                            1132700200106 
 6.55   -01 2.85   +00                                            1132700200107 
 6.60   -01 2.82   +00                                            1132700200108 
 6.65   -01 2.80   +00                                            1132700200109 
 6.70   -01 2.79   +00                                            1132700200110 
 6.75   -01 2.81   +00                                            1132700200111 
 6.80   -01 2.81   +00                                            1132700200112 
 6.85   -01 2.75   +00                                            1132700200113 
 6.90   -01 2.71   +00                                            1132700200114 
 6.95   -01 2.71   +00                                            1132700200115 
ENDDATA            105          0                                 1132700200116 
ENDSUBENT          115          0                                 1132700299999 
SUBENT        11327003   19820324                             00001132700300001 
BIB                  1          1                                 1132700300002 
REACTION   (20-CA-0(N,TOT),,SIG)                                  1132700300003 
ENDBIB               1          0                                 1132700300004 
COMMON               2          3                                 1132700300005 
EN-RSL     DATA-ERR                                               1132700300006 
KEV        PER-CENT                                               1132700300007 
 3.         5.0                                                   1132700300008 
ENDCOMMON            3          0                                 1132700300009 
DATA                 2        154                                 1132700300010 
EN         DATA                                                   1132700300011 
MEV        B                                                      1132700300012 
 2.20   -01 4.02   +00                                            1132700300013 
 2.25   -01 6.03   +00                                            1132700300014 
 2.30   -01 2.47   +00                                            1132700300015 
 2.35   -01 1.61   +00                                            1132700300016 
 2.40   -01 1.63   +00                                            1132700300017 
 2.45   -01 3.33   +00                                            1132700300018 
 2.50   -01 4.66   +00                                            1132700300019 
 2.55   -01 1.060  +01                                            1132700300020 
 2.60   -01 8.48   +00                                            1132700300021 
 2.65   -01 6.05   +00                                            1132700300022 
 2.70   -01 4.35   +00                                            1132700300023 
 2.75   -01 4.33   +00                                            1132700300024 
 2.80   -01 2.83   +00                                            1132700300025 
 2.85   -01 1.89   +00                                            1132700300026 
 2.90   -01 1.67   +00                                            1132700300027 
 2.95   -01 1.50   +00                                            1132700300028 
 3.00   -01 4.49   +00                                            1132700300029 
 3.05   -01 2.22   +00                                            1132700300030 
 3.10   -01 1.37   +00                                            1132700300031 
 3.15   -01 1.10   +00                                            1132700300032 
 3.20   -01 1.15   +00                                            1132700300033 
 3.25   -01 7.6    -01                                            1132700300034 
 3.30   -01 1.55   +00                                            1132700300035 
 3.35   -01 3.98   +00                                            1132700300036 
 3.40   -01 6.80   +00                                            1132700300037 
 3.45   -01 5.30   +00                                            1132700300038 
 3.50   -01 3.77   +00                                            1132700300039 
 3.55   -01 2.43   +00                                            1132700300040 
 3.60   -01 2.64   +00                                            1132700300041 
 3.65   -01 4.52   +00                                            1132700300042 
 3.70   -01 2.79   +00                                            1132700300043 
 3.75   -01 2.42   +00                                            1132700300044 
 3.80   -01 2.81   +00                                            1132700300045 
 3.85   -01 1.71   +00                                            1132700300046 
 3.90   -01 1.76   +00                                            1132700300047 
 3.95   -01 1.69   +00                                            1132700300048 
 4.00   -01 1.50   +00                                            1132700300049 
 4.05   -01 1.42   +00                                            1132700300050 
 4.10   -01 1.35   +00                                            1132700300051 
 4.15   -01 1.54   +00                                            1132700300052 
 4.20   -01 1.25   +00                                            1132700300053 
 4.25   -01 1.14   +00                                            1132700300054 
 4.30   -01 8.9    -01                                            1132700300055 
 4.35   -01 1.11   +00                                            1132700300056 
 4.40   -01 2.14   +00                                            1132700300057 
 4.45   -01 2.82   +00                                            1132700300058 
 4.50   -01 5.50   +00                                            1132700300059 
 4.55   -01 4.58   +00                                            1132700300060 
 4.60   -01 2.90   +00                                            1132700300061 
 4.65   -01 1.96   +00                                            1132700300062 
 4.70   -01 1.55   +00                                            1132700300063 
 4.75   -01 1.58   +00                                            1132700300064 
 4.80   -01 1.36   +00                                            1132700300065 
 4.85   -01 1.49   +00                                            1132700300066 
 4.90   -01 1.26   +00                                            1132700300067 
 4.95   -01 9.4    -01                                            1132700300068 
 5.00   -01 1.09   +00                                            1132700300069 
 5.05   -01 2.15   +00                                            1132700300070 
 5.10   -01 4.46   +00                                            1132700300071 
 5.15   -01 2.90   +00                                            1132700300072 
 5.20   -01 2.12   +00                                            1132700300073 
 5.25   -01 1.67   +00                                            1132700300074 
 5.30   -01 1.70   +00                                            1132700300075 
 5.35   -01 1.30   +00                                            1132700300076 
 5.40   -01 1.13   +00                                            1132700300077 
 5.45   -01 1.56   +00                                            1132700300078 
 5.50   -01 1.11   +00                                            1132700300079 
 5.55   -01 8.6    -01                                            1132700300080 
 5.60   -01 9.7    -01                                            1132700300081 
 5.65   -01 1.29   +00                                            1132700300082 
 5.70   -01 1.02   +00                                            1132700300083 
 5.75   -01 9.0    -01                                            1132700300084 
 5.80   -01 1.11   +00                                            1132700300085 
 5.85   -01 1.53   +00                                            1132700300086 
 5.90   -01 2.76   +00                                            1132700300087 
 5.95   -01 3.47   +00                                            1132700300088 
 6.00   -01 4.50   +00                                            1132700300089 
 6.05   -01 4.27   +00                                            1132700300090 
 6.10   -01 4.25   +00                                            1132700300091 
 6.15   -01 3.88   +00                                            1132700300092 
 6.20   -01 3.12   +00                                            1132700300093 
 6.25   -01 2.91   +00                                            1132700300094 
 6.30   -01 2.44   +00                                            1132700300095 
 6.35   -01 2.32   +00                                            1132700300096 
 6.40   -01 3.50   +00                                            1132700300097 
 6.45   -01 3.14   +00                                            1132700300098 
 6.50   -01 2.33   +00                                            1132700300099 
 6.70   -01 1.44   +00                                            1132700300100 
 6.75   -01 1.39   +00                                            1132700300101 
 6.80   -01 2.39   +00                                            1132700300102 
 6.85   -01 1.96   +00                                            1132700300103 
 6.90   -01 1.76   +00                                            1132700300104 
 6.95   -01 2.00   +00                                            1132700300105 
 7.00   -01 1.81   +00                                            1132700300106 
 7.05   -01 1.81   +00                                            1132700300107 
 7.10   -01 1.68   +00                                            1132700300108 
 7.15   -01 1.50   +00                                            1132700300109 
 7.20   -01 1.39   +00                                            1132700300110 
 7.25   -01 1.38   +00                                            1132700300111 
 7.30   -01 1.15   +00                                            1132700300112 
 7.35   -01 1.36   +00                                            1132700300113 
 7.40   -01 1.83   +00                                            1132700300114 
 7.45   -01 1.76   +00                                            1132700300115 
 7.50   -01 2.44   +00                                            1132700300116 
 7.55   -01 1.98   +00                                            1132700300117 
 7.60   -01 2.18   +00                                            1132700300118 
 7.65   -01 1.44   +00                                            1132700300119 
 7.70   -01 1.64   +00                                            1132700300120 
 7.75   -01 2.15   +00                                            1132700300121 
 7.80   -01 2.95   +00                                            1132700300122 
 7.85   -01 2.66   +00                                            1132700300123 
 7.90   -01 2.17   +00                                            1132700300124 
 7.95   -01 1.49   +00                                            1132700300125 
 8.00   -01 2.43   +00                                            1132700300126 
 8.05   -01 2.28   +00                                            1132700300127 
 8.10   -01 1.88   +00                                            1132700300128 
 8.15   -01 8.2    -01                                            1132700300129 
 8.20   -01 1.40   +00                                            1132700300130 
 8.25   -01 7.6    -01                                            1132700300131 
 8.30   -01 1.75   +00                                            1132700300132 
 8.35   -01 1.89   +00                                            1132700300133 
 8.40   -01 1.73   +00                                            1132700300134 
 8.45   -01 1.45   +00                                            1132700300135 
 8.50   -01 1.53   +00                                            1132700300136 
 8.55   -01 1.41   +00                                            1132700300137 
 8.60   -01 1.53   +00                                            1132700300138 
 8.65   -01 2.00   +00                                            1132700300139 
 8.70   -01 2.23   +00                                            1132700300140 
 8.75   -01 2.65   +00                                            1132700300141 
 8.80   -01 1.20   +00                                            1132700300142 
 8.85   -01 1.65   +00                                            1132700300143 
 8.90   -01 2.24   +00                                            1132700300144 
 8.95   -01 2.87   +00                                            1132700300145 
 9.00   -01 3.03   +00                                            1132700300146 
 9.05   -01 3.32   +00                                            1132700300147 
 9.10   -01 2.64   +00                                            1132700300148 
 9.15   -01 3.54   +00                                            1132700300149 
 9.20   -01 3.08   +00                                            1132700300150 
 9.25   -01 3.12   +00                                            1132700300151 
 9.30   -01 3.15   +00                                            1132700300152 
 9.35   -01 2.05   +00                                            1132700300153 
 9.40   -01 2.61   +00                                            1132700300154 
 9.45   -01 2.47   +00                                            1132700300155 
 9.50   -01 2.86   +00                                            1132700300156 
 9.55   -01 2.12   +00                                            1132700300157 
 9.60   -01 1.72   +00                                            1132700300158 
 9.65   -01 1.88   +00                                            1132700300159 
 9.70   -01 1.45   +00                                            1132700300160 
 9.75   -01 2.00   +00                                            1132700300161 
 9.80   -01 2.11   +00                                            1132700300162 
 9.85   -01 2.62   +00                                            1132700300163 
 9.90   -01 1.80   +00                                            1132700300164 
 9.95   -01 2.02   +00                                            1132700300165 
 1.000  +00 1.73   +00                                            1132700300166 
ENDDATA            156          0                                 1132700300167 
ENDSUBENT          166          0                                 1132700399999 
SUBENT        11327004   19820324                             00001132700400001 
BIB                  3          6                                 1132700400002 
REACTION  1(20-CA-40(N,0),,EN)                                    1132700400003 
          2(20-CA-40(N,EL),,WID)                                  1132700400004 
          3(20-CA-40(N,EL),,WID/RED)                              1132700400005 
          4(20-CA-40(N,EL),,WID)                                  1132700400006 
ANALYSIS   (MLA)      MULTI-LEVEL ANALYSIS                        1132700400007 
HISTORY    (820112A) SUBENTRIES 4,5 COMBINED. ERROR CORRECTED.    1132700400008 
ENDBIB               6          0                                 1132700400009 
COMMON               1          3                                 1132700400010 
MOMENTUM L                                                        1132700400011 
NO-DIM                                                            1132700400012 
 0.                                                               1132700400013 
ENDCOMMON            3          0                                 1132700400014 
DATA                 8          7                                 1132700400015 
DATA      1DATA-ERR  1DATA      2DATA-ERR  2DATA      3DATA-ERR  31132700400016 
DATA      4DATA-ERR  4                                            1132700400017 
MEV        MEV        MILLI-EV   MILLI-EV   MILLI-EV   MILLI-EV   1132700400018 
KEV        KEV                                                    1132700400019 
 2.54   -01 1.     -03 2.27   +07 2.0    +06 4.5    +04 5.     +031132700400020 
 2.1    +01 2.                                                    1132700400021 
 2.99   -01 2.     -03 2.19   +06 5.0    +05 4.     +03 1.     +031132700400022 
 3.         2.                                                    1132700400023 
 3.375  -01 1.     -04 1.365  +07 1.20   +06 2.35   +04 2.0    +031132700400024 
 1.55   +01 2.                                                    1132700400025 
 3.60   -01 2.     -03 1.5    +06 6.     +05 2.5    +03 1.0    +031132700400026 
 3.         2.                                                    1132700400027 
 4.475  -01 2.     -04 1.338  +07 1.50   +06 2.0    +04 2.     +031132700400028 
 1.5    +01 3.                                                    1132700400029 
 5.04   -01 2.     -03 1.065  +07 2.00   +06 1.5    +04 3.     +031132700400030 
 1.3    +01 3.                                                    1132700400031 
 5.95   -01 2.     -03 5.786  +07 4.00   +06 7.5    +04 5.     +031132700400032 
 7.0    +0115.                                                    1132700400033 
ENDDATA             18          0                                 1132700400034 
ENDSUBENT           33          0                                 1132700499999 
NOSUBENT      11327005   19820323                             00001132700500001 
SUBENT        11327006   19820324                             00001132700600001 
BIB                  2          2                                 1132700600002 
REACTION   (82-PB-0(N,TOT),,SIG)                                  1132700600003 
SAMPLE     SAMPLE THICKNESS .127ATOMS/B.                          1132700600004 
ENDBIB               2          0                                 1132700600005 
COMMON               2          3                                 1132700600006 
EN-RSL     DATA-ERR                                               1132700600007 
KEV        PER-CENT                                               1132700600008 
 2.         5.0                                                   1132700600009 
ENDCOMMON            3          0                                 1132700600010 
DATA                 2        153                                 1132700600011 
EN         DATA                                                   1132700600012 
MEV        B                                                      1132700600013 
 3.00   -01 6.19   +00                                            1132700600014 
 3.00   -01 6.23   +00                                            1132700600015 
 3.05   -01 6.66   +00                                            1132700600016 
 3.05   -01 6.82   +00                                            1132700600017 
 3.10   -01 5.81   +00                                            1132700600018 
 3.10   -01 6.81   +00                                            1132700600019 
 3.15   -01 6.16   +00                                            1132700600020 
 3.15   -01 6.72   +00                                            1132700600021 
 3.20   -01 6.34   +00                                            1132700600022 
 3.20   -01 7.14   +00                                            1132700600023 
 3.25   -01 6.25   +00                                            1132700600024 
 3.25   -01 6.35   +00                                            1132700600025 
 3.30   -01 5.98   +00                                            1132700600026 
 3.30   -01 6.03   +00                                            1132700600027 
 3.35   -01 5.32   +00                                            1132700600028 
 3.35   -01 5.88   +00                                            1132700600029 
 3.40   -01 5.38   +00                                            1132700600030 
 3.40   -01 5.77   +00                                            1132700600031 
 3.45   -01 6.04   +00                                            1132700600032 
 3.45   -01 7.02   +00                                            1132700600033 
 3.50   -01 8.66   +00                                            1132700600034 
 3.50   -01 1.070  +01                                            1132700600035 
 3.55   -01 8.64   +00                                            1132700600036 
 3.55   -01 9.72   +00                                            1132700600037 
 3.60   -01 7.57   +00                                            1132700600038 
 3.60   -01 7.85   +00                                            1132700600039 
 3.65   -01 6.52   +00                                            1132700600040 
 3.65   -01 6.66   +00                                            1132700600041 
 3.70   -01 6.63   +00                                            1132700600042 
 3.70   -01 6.99   +00                                            1132700600043 
 3.75   -01 5.89   +00                                            1132700600044 
 3.75   -01 6.19   +00                                            1132700600045 
 3.80   -01 5.55   +00                                            1132700600046 
 3.80   -01 5.59   +00                                            1132700600047 
 3.85   -01 5.45   +00                                            1132700600048 
 3.85   -01 6.22   +00                                            1132700600049 
 3.90   -01 4.68   +00                                            1132700600050 
 3.90   -01 5.54   +00                                            1132700600051 
 3.95   -01 5.26   +00                                            1132700600052 
 3.95   -01 6.19   +00                                            1132700600053 
 4.00   -01 6.41   +00                                            1132700600054 
 4.05   -01 5.82   +00                                            1132700600055 
 4.05   -01 6.90   +00                                            1132700600056 
 4.10   -01 4.89   +00                                            1132700600057 
 4.10   -01 5.71   +00                                            1132700600058 
 4.15   -01 4.74   +00                                            1132700600059 
 4.15   -01 4.93   +00                                            1132700600060 
 4.20   -01 5.16   +00                                            1132700600061 
 4.20   -01 5.54   +00                                            1132700600062 
 4.25   -01 5.40   +00                                            1132700600063 
 4.25   -01 5.61   +00                                            1132700600064 
 4.30   -01 4.54   +00                                            1132700600065 
 4.30   -01 5.85   +00                                            1132700600066 
 4.35   -01 3.83   +00                                            1132700600067 
 4.35   -01 4.80   +00                                            1132700600068 
 4.40   -01 4.30   +00                                            1132700600069 
 4.40   -01 4.51   +00                                            1132700600070 
 4.45   -01 3.65   +00                                            1132700600071 
 4.45   -01 4.82   +00                                            1132700600072 
 4.50   -01 4.58   +00                                            1132700600073 
 4.50   -01 5.18   +00                                            1132700600074 
 4.55   -01 4.47   +00                                            1132700600075 
 4.55   -01 5.12   +00                                            1132700600076 
 4.60   -01 3.61   +00                                            1132700600077 
 4.60   -01 4.70   +00                                            1132700600078 
 4.65   -01 3.97   +00                                            1132700600079 
 4.65   -01 4.74   +00                                            1132700600080 
 4.70   -01 4.54   +00                                            1132700600081 
 4.70   -01 5.48   +00                                            1132700600082 
 4.75   -01 3.59   +00                                            1132700600083 
 4.75   -01 3.71   +00                                            1132700600084 
 4.80   -01 3.61   +00                                            1132700600085 
 4.80   -01 4.27   +00                                            1132700600086 
 4.85   -01 3.62   +00                                            1132700600087 
 4.85   -01 3.99   +00                                            1132700600088 
 4.90   -01 3.36   +00                                            1132700600089 
 4.90   -01 3.81   +00                                            1132700600090 
 4.95   -01 3.00   +00                                            1132700600091 
 4.95   -01 3.35   +00                                            1132700600092 
 5.00   -01 3.51   +00                                            1132700600093 
 5.00   -01 3.87   +00                                            1132700600094 
 5.05   -01 2.75   +00                                            1132700600095 
 5.05   -01 3.81   +00                                            1132700600096 
 5.10   -01 3.43   +00                                            1132700600097 
 5.10   -01 3.52   +00                                            1132700600098 
 5.15   -01 3.62   +00                                            1132700600099 
 5.15   -01 3.74   +00                                            1132700600100 
 5.20   -01 3.72   +00                                            1132700600101 
 5.20   -01 5.00   +00                                            1132700600102 
 5.25   -01 7.15   +00                                            1132700600103 
 5.25   -01 8.10   +00                                            1132700600104 
 5.30   -01 6.10   +00                                            1132700600105 
 5.30   -01 7.30   +00                                            1132700600106 
 5.35   -01 5.51   +00                                            1132700600107 
 5.35   -01 5.55   +00                                            1132700600108 
 5.40   -01 4.90   +00                                            1132700600109 
 5.40   -01 5.22   +00                                            1132700600110 
 5.45   -01 4.82   +00                                            1132700600111 
 5.45   -01 5.15   +00                                            1132700600112 
 5.50   -01 4.58   +00                                            1132700600113 
 5.50   -01 4.60   +00                                            1132700600114 
 5.55   -01 4.73   +00                                            1132700600115 
 5.60   -01 5.28   +00                                            1132700600116 
 5.65   -01 4.87   +00                                            1132700600117 
 5.70   -01 5.43   +00                                            1132700600118 
 5.75   -01 4.78   +00                                            1132700600119 
 5.80   -01 5.25   +00                                            1132700600120 
 5.85   -01 4.46   +00                                            1132700600121 
 5.90   -01 5.02   +00                                            1132700600122 
 5.95   -01 5.13   +00                                            1132700600123 
 6.00   -01 5.01   +00                                            1132700600124 
 6.05   -01 5.20   +00                                            1132700600125 
 6.10   -01 5.42   +00                                            1132700600126 
 6.15   -01 4.87   +00                                            1132700600127 
 6.20   -01 5.16   +00                                            1132700600128 
 6.25   -01 5.25   +00                                            1132700600129 
 6.30   -01 5.30   +00                                            1132700600130 
 6.35   -01 5.14   +00                                            1132700600131 
 6.40   -01 5.17   +00                                            1132700600132 
 6.45   -01 4.92   +00                                            1132700600133 
 6.50   -01 5.26   +00                                            1132700600134 
 6.55   -01 4.84   +00                                            1132700600135 
 6.60   -01 4.51   +00                                            1132700600136 
 6.65   -01 4.91   +00                                            1132700600137 
 6.70   -01 4.96   +00                                            1132700600138 
 6.75   -01 3.91   +00                                            1132700600139 
 6.80   -01 4.47   +00                                            1132700600140 
 6.80   -01 4.76   +00                                            1132700600141 
 6.85   -01 4.55   +00                                            1132700600142 
 6.85   -01 4.66   +00                                            1132700600143 
 6.90   -01 4.59   +00                                            1132700600144 
 6.90   -01 4.82   +00                                            1132700600145 
 6.95   -01 4.57   +00                                            1132700600146 
 6.95   -01 4.60   +00                                            1132700600147 
 7.00   -01 4.56   +00                                            1132700600148 
 7.00   -01 4.82   +00                                            1132700600149 
 7.05   -01 3.83   +00                                            1132700600150 
 7.05   -01 4.41   +00                                            1132700600151 
 7.10   -01 4.12   +00                                            1132700600152 
 7.10   -01 4.68   +00                                            1132700600153 
 7.15   -01 4.96   +00                                            1132700600154 
 7.15   -01 7.41   +00                                            1132700600155 
 7.20   -01 6.50   +00                                            1132700600156 
 7.20   -01 8.35   +00                                            1132700600157 
 7.25   -01 5.01   +00                                            1132700600158 
 7.25   -01 5.26   +00                                            1132700600159 
 7.30   -01 4.66   +00                                            1132700600160 
 7.30   -01 4.69   +00                                            1132700600161 
 7.35   -01 5.03   +00                                            1132700600162 
 7.35   -01 5.46   +00                                            1132700600163 
 7.40   -01 4.08   +00                                            1132700600164 
 7.40   -01 4.62   +00                                            1132700600165 
 7.45   -01 4.65   +00                                            1132700600166 
ENDDATA            155          0                                 1132700600167 
ENDSUBENT          166          0                                 1132700699999 
SUBENT        11327007   19820324                             00001132700700001 
BIB                  2          5                                 1132700700002 
REACTION  1(82-PB-208(N,0),,EN)                                   1132700700003 
          2(82-PB-208(N,EL),,WID)                                 1132700700004 
          3(82-PB-208(N,EL),,WID/RED)                             1132700700005 
ANALYSIS   (AREA) AREA ANALYSIS. POSTULATED LEVEL NEAR 520 KEV    1132700700006 
            AND VARIED ITS PARAMETER TO OBTAIN FIT TO PB DATA.    1132700700007 
ENDBIB               5          0                                 1132700700008 
NOCOMMON             0          0                                 1132700700009 
DATA                 4          4                                 1132700700010 
DATA      1DATA      2DATA      3MOMENTUM L                       1132700700011 
KEV        KEV        EV         NO-DIM                           1132700700012 
 352.        6.96      21.1       1.                              1132700700013 
 515.      100.       141.        0.                              1132700700014 
 526.        6.15      13.0       1.                              1132700700015 
 718.        4.86       8.0       1.                              1132700700016 
ENDDATA              6          0                                 1132700700017 
ENDSUBENT           16          0                                 1132700799999 
ENDENTRY             7          0                                 1132799999999 
