ENTRY            11348   19820324                             00001134800000001 
SUBENT        11348001   19820324                             00001134800100001 
BIB                  6          8                                 1134800100002 
INSTITUTE  (1USABRN)                                              1134800100003 
REFERENCE  (J,NP/A,110,609,68)                                    1134800100004 
           (W,MURPHY,6711) TABULATED DATA                         1134800100005 
AUTHOR     (D.R.MAXSON,R.D.MURPHY,M.R.ZATZICK)                    1134800100006 
TITLE      N14(N,ALPHA)B11 REACTION AT 14.1 MEV.                  1134800100007 
STATUS     (SCSRS)                                                1134800100008 
HISTORY    (761014T) TRANSLATED FROM SCISRS                       1134800100009 
           (820324A) CONVERTED TO REACTION FORMALISM              1134800100010 
ENDBIB               8          0                                 1134800100011 
NOCOMMON             0          0                                 1134800100012 
ENDSUBENT           11          0                                 1134800199999 
SUBENT        11348002   19820324                             00001134800200001 
BIB                  2          2                                 1134800200002 
REACTION   (7-N-14(N,A)5-B-11,PAR,DA)                             1134800200003 
DETECTOR   (TELES)    COUNTER TELESCOPE                           1134800200004 
ENDBIB               2          0                                 1134800200005 
COMMON               2          3                                 1134800200006 
EN         E-LVL                                                  1134800200007 
MEV        MEV                                                    1134800200008 
 1.41   +01    0.                                                 1134800200009 
ENDCOMMON            3          0                                 1134800200010 
DATA                 6         20                                 1134800200011 
ANG-CM     +ANG-RSL   -ANG-RSL   DATA-CM    +DATA-ERR  -DATA-ERR  1134800200012 
ADEG       ADEG       ADEG       MB/SR      MB/SR      MB/SR      1134800200013 
 10.1       6.4        6.0        5.83       0.84       0.84      1134800200014 
 13.5       6.2        6.5        4.80       0.30       0.30      1134800200015 
 16.2       9.4        8.6        4.22       0.30       0.30      1134800200016 
 26.4      10.4       12.1        3.64       0.28       0.28      1134800200017 
 36.6      10.4       10.5        2.24       0.34       0.34      1134800200018 
 47.6       9.8        9.5        1.00       0.32       0.32      1134800200019 
 59.2       9.0        9.3        0.42       0.33       0.33      1134800200020 
 70.0       8.2        8.4        0.92       0.42       0.42      1134800200021 
 80.5       7.0        6.7        0.0        0.93       0.0       1134800200022 
 90.5       6.1        5.7        0.0        1.20       0.0       1134800200023 
100.1       5.0        5.0        2.13       1.43       1.43      1134800200024 
100.1       6.0        6.1        1.84       0.72       0.72      1134800200025 
109.2       6.5        6.6        0.0        0.90       0.0       1134800200026 
109.5       5.3        6.0        2.08       1.56       1.56      1134800200027 
118.3       7.0        7.1        0.0        1.10       0.0       1134800200028 
128.2       5.8        6.9        0.0        2.09       0.0       1134800200029 
138.6       6.0        6.6        0.89       1.47       0.89      1134800200030 
142.0       7.6        6.7        0.11       1.70       0.11      1134800200031 
146.2       5.9        6.4        1.19       1.84       1.19      1134800200032 
154.9       5.7        6.7        1.56       2.14       1.56      1134800200033 
ENDDATA             22          0                                 1134800200034 
ENDSUBENT           33          0                                 1134800299999 
SUBENT        11348003   19820324                             00001134800300001 
BIB                  2          2                                 1134800300002 
REACTION   (7-N-14(N,A)5-B-11,PAR,DA)                             1134800300003 
DETECTOR   (TELES)    COUNTER TELESCOPE                           1134800300004 
ENDBIB               2          0                                 1134800300005 
COMMON               2          3                                 1134800300006 
EN         E-LVL                                                  1134800300007 
MEV        MEV                                                    1134800300008 
 1.41   +01    2.14                                               1134800300009 
ENDCOMMON            3          0                                 1134800300010 
DATA                 6          7                                 1134800300011 
ANG        +ANG-RSL   -ANG-RSL   DATA-CM    +DATA-ERR  -DATA-ERR  1134800300012 
ADEG       ADEG       ADEG       MB/SR      MB/SR      MB/SR      1134800300013 
 13.5       6.2        6.5        2.24       0.36       0.36      1134800300014 
 16.2       9.4        8.6        1.62       0.36       0.36      1134800300015 
 26.4      10.4        8.1        1.00       0.36       0.36      1134800300016 
 36.6      10.4       10.5        0.0        0.51       0.0       1134800300017 
 47.6       9.8        9.5        0.46       0.57       0.46      1134800300018 
 59.2       9.0        9.3        1.31       0.69       0.69      1134800300019 
 70.0       8.2        8.4        1.25       0.75       0.75      1134800300020 
ENDDATA              9          0                                 1134800300021 
ENDSUBENT           20          0                                 1134800399999 
ENDENTRY             3          0                                 1134899999999 
