ENTRY            11357   19860120                             00001135700000001 
SUBENT        11357001   19860120                             00001135700100001 
BIB                  8         12                                 1135700100002 
INSTITUTE  (1USATNC)                                              1135700100003 
REFERENCE  (R,WADC-TR-57-446,5709)                                1135700100004 
AUTHOR     (N.A.BOSTROM,I.L.MORGAN,J.T.PRUD'HOMME,A.R.SATTAR)     1135700100005 
TITLE      THE ELASTIC SCATTERING OF FAST NEUTRONS FROM OXYGEN    1135700100006 
           AND NITROGEN.                                          1135700100007 
METHOD     RING GEOMETRY                                          1135700100008 
CORRECTION NOT CORRECTED FOR MULTIPLE SCATTERING. ESTIMATED SMALL.1135700100009 
STATUS     (SCSRS)                                                1135700100010 
HISTORY    (760714T) TRANSLATED FROM SCISRS                       1135700100011 
           (820324A) CONVERTED TO REACTION FORMALISM              1135700100012 
           (830811U) BIB CORRECTIONS.                             1135700100013 
           (860120A) REACTION PRODUCT ADDED.                      1135700100014 
ENDBIB              12          0                                 1135700100015 
NOCOMMON             0          0                                 1135700100016 
ENDSUBENT           15          0                                 1135700199999 
SUBENT        11357002   19860120                             00001135700200001 
BIB                  3          3                                 1135700200002 
REACTION   (7-N-0(N,EL)7-N-0,,DA)                                 1135700200003 
ERR-ANALYS (ERR-S) STATISTICAL ERROR                              1135700200004 
DETECTOR   (SCIN)  BIASED SCINTILLATOR. HIGH BIAS.                1135700200005 
ENDBIB               3          0                                 1135700200006 
NOCOMMON             0          0                                 1135700200007 
DATA                 4         65                                 1135700200008 
EN         COS-CM     DATA-CM    ERR-S                            1135700200009 
MEV        NO-DIM     MB/SR      MB/SR                            1135700200010 
 3.07   +00 0.90910    4.97   +02                                 1135700200011 
 3.07   +00 0.84760    2.42   +02                                 1135700200012 
 3.07   +00 0.73570    1.39   +02   45.                           1135700200013 
 3.07   +00 0.59990    1.21   +02                                 1135700200014 
 3.07   +00 0.44550    9.4    +01   51.                           1135700200015 
 3.07   +00 0.27820    9.6    +01                                 1135700200016 
 3.07   +00 0.10400    5.8    +01                                 1135700200017 
 3.07   +00-0.0714     6.9    +01   45.                           1135700200018 
 3.07   +00-0.2425     8.9    +01                                 1135700200019 
 3.07   +00-0.4043     1.19   +02                                 1135700200020 
 3.07   +00-0.5526     1.24   +02   33.                           1135700200021 
 3.07   +00-0.6837     1.30   +02                                 1135700200022 
 3.07   +00-0.7947     1.43   +02                                 1135700200023 
 3.07   +00-0.8833     1.92   +02                                 1135700200024 
 3.51   +00 0.90910    4.84   +02                                 1135700200025 
 3.51   +00 0.73570    1.35   +02   44.                           1135700200026 
 3.51   +00 0.59990    1.59   +02                                 1135700200027 
 3.51   +00 0.44550    1.04   +02   50.                           1135700200028 
 3.51   +00 0.27820    2.0    +01                                 1135700200029 
 3.51   +00 0.10400    6.7    +01                                 1135700200030 
 3.51   +00-0.0714     4.09   +01   45.                           1135700200031 
 3.51   +00-0.2425     4.32   +01                                 1135700200032 
 3.51   +00-0.4043     6.3    +01                                 1135700200033 
 3.51   +00-0.5526     1.33   +02   33.                           1135700200034 
 3.51   +00-0.6837     1.64   +02                                 1135700200035 
 3.51   +00-0.7947     4.10   +02                                 1135700200036 
 4.85   +00 0.84760    2.68   +02                                 1135700200037 
 4.85   +00 0.73570    1.66   +02   51.                           1135700200038 
 4.85   +00 0.59990    1.31   +02                                 1135700200039 
 4.85   +00 0.44550    6.6    +01                                 1135700200040 
 4.85   +00 0.27820    2.8    +01                                 1135700200041 
 4.85   +00 0.10400    2.0    +01                                 1135700200042 
 4.85   +00-0.0714     4.7    +01   38.                           1135700200043 
 4.85   +00-0.2425     6.2    +01                                 1135700200044 
 4.85   +00-0.4043     6.65   +01                                 1135700200045 
 4.85   +00-0.5526     5.1    +01                                 1135700200046 
 4.85   +00-0.6837     3.5    +01                                 1135700200047 
 4.85   +00-0.8833     3.25   +01                                 1135700200048 
 5.15   +00 0.84760    2.22   +02   50.                           1135700200049 
 5.15   +00 0.73570    1.33   +02                                 1135700200050 
 5.15   +00 0.59990    1.06   +02   18.                           1135700200051 
 5.15   +00 0.44550    6.75   +01                                 1135700200052 
 5.15   +00 0.27820    4.25   +01   26.                           1135700200053 
 5.15   +00 0.10400    5.25   +01                                 1135700200054 
 5.15   +00-0.0714     4.2    +01    8.0                          1135700200055 
 5.15   +00-0.2425     7.2    +01                                 1135700200056 
 5.15   +00-0.4043     7.45   +01                                 1135700200057 
 5.15   +00-0.5526     4.55   +01                                 1135700200058 
 5.15   +00-0.6837     6.95   +01   40.                           1135700200059 
 5.15   +00-0.7947     8.7    +01                                 1135700200060 
 5.15   +00-0.8833     1.06   +02   63.                           1135700200061 
 7.11   +00 0.90910    4.53   +02                                 1135700200062 
 7.11   +00 0.84760    1.92   +02                                 1135700200063 
 7.11   +00 0.73570    9.37   +01   71.                           1135700200064 
 7.11   +00 0.59990    1.79   +02                                 1135700200065 
 7.11   +00 0.44550    6.0    +01                                 1135700200066 
 7.11   +00 0.27820    6.51   +01   19.                           1135700200067 
 7.11   +00 0.10400    5.4    +01                                 1135700200068 
 7.11   +00-0.0714     1.91   +01                                 1135700200069 
 7.11   +00-0.2425     3.51   +01   41.                           1135700200070 
 7.11   +00-0.4043     4.65   +01   18.                           1135700200071 
 7.11   +00-0.5526     3.45   +01                                 1135700200072 
 7.11   +00-0.6837     3.1    +01   14.                           1135700200073 
 7.11   +00-0.7947     2.36   +01   24.                           1135700200074 
 7.11   +00-0.8833     3.64   +01   48.                           1135700200075 
ENDDATA             67          0                                 1135700200076 
ENDSUBENT           75          0                                 1135700299999 
SUBENT        11357003   19860120                             00001135700300001 
BIB                  3          3                                 1135700300002 
REACTION   (7-N-0(N,EL)7-N-0,,DA)                                 1135700300003 
ERR-ANALYS (ERR-S) STATISTICAL ERROR TABULATED.                   1135700300004 
DETECTOR   (SCIN)  BIASED SCINTILLATOR. LOW BIAS.                 1135700300005 
ENDBIB               3          0                                 1135700300006 
NOCOMMON             0          0                                 1135700300007 
DATA                 4        117                                 1135700300008 
EN         COS-CM     DATA-CM    ERR-S                            1135700300009 
MEV        NO-DIM     MB/SR      PER-CENT                         1135700300010 
 3.07   +00 0.90910    3.67   +02                                 1135700300011 
 3.07   +00 0.84760    3.49   +02                                 1135700300012 
 3.07   +00 0.73570    1.85   +02   34.                           1135700300013 
 3.07   +00 0.59990    1.43   +02                                 1135700300014 
 3.07   +00 0.44550    1.09   +02                                 1135700300015 
 3.07   +00 0.27820    7.6    +01                                 1135700300016 
 3.07   +00 0.10400    6.9    +01                                 1135700300017 
 3.07   +00-0.0714     6.04   +01   34.                           1135700300018 
 3.07   +00-0.2425     4.85   +01                                 1135700300019 
 3.07   +00-0.4043     6.23   +01                                 1135700300020 
 3.07   +00-0.5526     1.21   +02                                 1135700300021 
 3.07   +00-0.6837     1.55   +02                                 1135700300022 
 3.07   +00-0.7947     1.65   +02                                 1135700300023 
 3.07   +00-0.8833     2.48   +02   14.                           1135700300024 
 3.51   +00 0.90910    3.41   +02                                 1135700300025 
 3.51   +00 0.73570    1.56   +02   41.                           1135700300026 
 3.51   +00 0.59990    1.49   +02                                 1135700300027 
 3.51   +00 0.44550    6.0    +01   35.                           1135700300028 
 3.51   +00 0.10400    4.1    +01                                 1135700300029 
 3.51   +00-0.0714     6.0    +01   21.                           1135700300030 
 3.51   +00-0.2425     6.8    +01                                 1135700300031 
 3.51   +00-0.4043     6.2    +01                                 1135700300032 
 3.51   +00-0.5526     1.04   +02   32.                           1135700300033 
 3.51   +00-0.7947     2.87   +02                                 1135700300034 
 4.05   +00 0.84760    3.19   +02   27.                           1135700300035 
 4.05   +00 0.73570    3.16   +02   14.                           1135700300036 
 4.05   +00 0.59990    1.46   +02                                 1135700300037 
 4.05   +00 0.44550    6.1    +01                                 1135700300038 
 4.05   +00 0.27820    7.2    +01   15.                           1135700300039 
 4.05   +00 0.10400    4.6    +01   15.                           1135700300040 
 4.05   +00-0.0714     1.6    +01                                 1135700300041 
 4.05   +00-0.2425     3.1    +01   21.                           1135700300042 
 4.05   +00-0.4043     6.75   +01                                 1135700300043 
 4.05   +00-0.5526     1.12   +02   13.                           1135700300044 
 4.05   +00-0.6837     1.18   +02                                 1135700300045 
 4.05   +00-0.7947     1.30   +02                                 1135700300046 
 4.05   +00-0.8833     1.93   +02   29.                           1135700300047 
 4.50   +00 0.84760    3.40   +02   18.                           1135700300048 
 4.50   +00 0.73570    2.34   +02                                 1135700300049 
 4.50   +00 0.59990    1.69   +02    9.5                          1135700300050 
 4.50   +00 0.44550    7.65   +01                                 1135700300051 
 4.50   +00 0.27820    6.64   +01   15.                           1135700300052 
 4.50   +00 0.10400    3.15   +01                                 1135700300053 
 4.50   +00-0.0714     3.85   +01                                 1135700300054 
 4.50   +00-0.2425     4.94   +01   18.                           1135700300055 
 4.50   +00-0.4043     4.6    +01                                 1135700300056 
 4.50   +00-0.5526     6.3    +01   18.                           1135700300057 
 4.50   +00-0.6837     8.9    +01   14.                           1135700300058 
 4.50   +00-0.7947     9.3    +01                                 1135700300059 
 4.50   +00-0.8833     1.17   +02   26.                           1135700300060 
 4.85   +00 0.84760    3.10   +02                                 1135700300061 
 4.85   +00 0.73570    1.41   +02   16.                           1135700300062 
 4.85   +00 0.59990    9.1    +01                                 1135700300063 
 4.85   +00 0.44550    6.74   +01   29.                           1135700300064 
 4.85   +00 0.27820    4.3    +01                                 1135700300065 
 4.85   +00 0.10400    3.4    +01   22.                           1135700300066 
 4.85   +00-0.0714     5.17   +01                                 1135700300067 
 4.85   +00-0.2425     6.0    +01   15.                           1135700300068 
 4.85   +00-0.4043     5.9    +01                                 1135700300069 
 4.85   +00-0.5526     5.44   +01   21.                           1135700300070 
 4.85   +00-0.6837     5.73   +01                                 1135700300071 
 4.85   +00-0.7947     5.95   +01                                 1135700300072 
 4.85   +00-0.8833     4.44   +01   43.                           1135700300073 
 5.15   +00 0.90910    1.81   +02                                 1135700300074 
 5.15   +00 0.84760    1.35   +02   19.                           1135700300075 
 5.15   +00 0.73570    9.5    +01                                 1135700300076 
 5.15   +00 0.59990    6.4    +01   31.                           1135700300077 
 5.15   +00 0.44550    6.7    +01                                 1135700300078 
 5.15   +00 0.27820    4.35   +01                                 1135700300079 
 5.15   +00 0.10400    3.97   +01   25.                           1135700300080 
 5.15   +00-0.0714     5.2    +01                                 1135700300081 
 5.15   +00-0.2425     6.4    +01    9.0                          1135700300082 
 5.15   +00-0.4043     6.78   +01                                 1135700300083 
 5.15   +00-0.5526     5.1    +01                                 1135700300084 
 5.15   +00-0.6837     7.0    +01   15.                           1135700300085 
 5.15   +00-0.7947     8.9    +01                                 1135700300086 
 5.15   +00-0.8833     9.65   +01   28.                           1135700300087 
 7.11   +00 0.84760    2.78   +02                                 1135700300088 
 7.11   +00 0.73570    1.58   +02   52.                           1135700300089 
 7.11   +00 0.59990    1.05   +02                                 1135700300090 
 7.11   +00 0.44550    3.9    +01                                 1135700300091 
 7.11   +00 0.27820    5.74   +01   37.                           1135700300092 
 7.11   +00 0.10400    3.4    +01                                 1135700300093 
 7.11   +00-0.0714     3.1    +01                                 1135700300094 
 7.11   +00-0.2425     4.1    +01   28.                           1135700300095 
 7.11   +00-0.4043     3.8    +01   17.                           1135700300096 
 7.11   +00-0.5526     5.0    +01                                 1135700300097 
 7.11   +00-0.6837     3.9    +01   14.                           1135700300098 
 7.11   +00-0.7947     2.6    +01   22.                           1135700300099 
 7.11   +00-0.8833     3.52   +01   71.                           1135700300100 
 1.492  +01 0.90910    4.72   +02                                 1135700300101 
 1.492  +01 0.84760    2.54   +02   10.                           1135700300102 
 1.492  +01 0.73570    1.82   +02                                 1135700300103 
 1.492  +01 0.59990    9.1    +01                                 1135700300104 
 1.492  +01 0.44550    5.1    +01   25.                           1135700300105 
 1.492  +01 0.27820    6.0    +01                                 1135700300106 
 1.492  +01 0.10400    5.8    +01                                 1135700300107 
 1.492  +01-0.0714     4.54   +01   18.                           1135700300108 
 1.492  +01-0.2425     4.3    +01   21.                           1135700300109 
 1.492  +01-0.4043     3.94   +01                                 1135700300110 
 1.492  +01-0.5526     3.74   +01   20.                           1135700300111 
 1.492  +01-0.6837     3.55   +01                                 1135700300112 
 1.492  +01-0.7947     4.4    +01                                 1135700300113 
 1.492  +01-0.8833     7.24   +01   52.                           1135700300114 
 1.583  +01 0.84760    4.43   +02   21.                           1135700300115 
 1.583  +01 0.73570    2.55   +02                                 1135700300116 
 1.583  +01 0.59990    1.14   +02                                 1135700300117 
 1.583  +01 0.44550    9.34   +01   28.                           1135700300118 
 1.583  +01 0.27820    4.8    +01                                 1135700300119 
 1.583  +01 0.10400    5.8    +01                                 1135700300120 
 1.583  +01-0.0714     5.5    +01   23.                           1135700300121 
 1.583  +01-0.2425     6.1    +01                                 1135700300122 
 1.583  +01-0.4043     5.9    +01                                 1135700300123 
 1.583  +01-0.5526     5.7    +01   23.                           1135700300124 
 1.583  +01-0.6837     4.94   +01                                 1135700300125 
 1.583  +01-0.7947     4.34   +01   32.                           1135700300126 
 1.583  +01-0.8833     2.1    +01                                 1135700300127 
ENDDATA            119          0                                 1135700300128 
ENDSUBENT          127          0                                 1135700399999 
SUBENT        11357004   19860120                             00001135700400001 
BIB                  3          3                                 1135700400002 
REACTION   (7-N-0(N,EL)7-N-0,,DA)                                 1135700400003 
ERR-ANALYS (ERR-S) STATISTICAL ERROR TABULATED.                   1135700400004 
DETECTOR   (SCIN)  BIASED SCINTILLATOR. HIGH AND LOW BIAS AVERAGED1135700400005 
ENDBIB               3          0                                 1135700400006 
COMMON               1          3                                 1135700400007 
EN                                                                1135700400008 
MEV                                                               1135700400009 
 4.30   +00                                                       1135700400010 
ENDCOMMON            3          0                                 1135700400011 
DATA                 3         14                                 1135700400012 
COS-CM     DATA-CM    ERR-S                                       1135700400013 
NO-DIM     MB/SR      PER-CENT                                    1135700400014 
 0.90910    4.29   +02   44.                                      1135700400015 
 0.84760    3.10   +02                                            1135700400016 
 0.73570    2.72   +02   10.                                      1135700400017 
 0.59990    1.74   +02    7.4                                     1135700400018 
 0.44550    9.03   +01                                            1135700400019 
 0.27820    7.66   +01   15.                                      1135700400020 
 0.10400    5.93   +01                                            1135700400021 
-0.0714     6.08   +01   13.                                      1135700400022 
-0.2425     5.9    +01                                            1135700400023 
-0.4043     7.37   +01    5.7                                     1135700400024 
-0.5526     8.85   +01                                            1135700400025 
-0.6837     1.36   +02   13.                                      1135700400026 
-0.7947     1.515  +02                                            1135700400027 
-0.8833     2.49   +02   10.                                      1135700400028 
ENDDATA             16          0                                 1135700400029 
ENDSUBENT           28          0                                 1135700499999 
SUBENT        11357005   19860120                             00001135700500001 
BIB                  3          3                                 1135700500002 
REACTION   (7-N-0(N,EL)7-N-0,,SIG)                                1135700500003 
STATUS     (DEP,11357004) INTEGRATED ANGULAR DISTRIBUTION         1135700500004 
DETECTOR   (SCIN)  BIASED SCINTILLATOR. HIGH AND LOW BIAS AVERAGED1135700500005 
ENDBIB               3          0                                 1135700500006 
NOCOMMON             0          0                                 1135700500007 
DATA                 2         10                                 1135700500008 
EN         DATA                                                   1135700500009 
MEV        B                                                      1135700500010 
 3.07   +00 1.85   +00                                            1135700500011 
 3.51   +00 1.86   +00                                            1135700500012 
 4.05   +00 1.7    +00                                            1135700500013 
 4.30   +00 1.75   +00                                            1135700500014 
 4.50   +00 1.51   +00                                            1135700500015 
 4.85   +00 1.16   +00                                            1135700500016 
 5.15   +00 9.7    -01                                            1135700500017 
 7.11   +00 1.03   +00                                            1135700500018 
 1.492  +01 1.28   +00                                            1135700500019 
 1.583  +01 1.57   +00                                            1135700500020 
ENDDATA             12          0                                 1135700500021 
ENDSUBENT           20          0                                 1135700599999 
SUBENT        11357006   19860120                             00001135700600001 
BIB                  3          3                                 1135700600002 
REACTION   (8-O-0(N,EL)8-O-0,,DA)                                 1135700600003 
DETECTOR   (SCIN)  BIASED SCINTILLATOR. HIGH BIAS.                1135700600004 
ERR-ANALYS (ERR-S) STATISTICAL ERROR TABULATED.                   1135700600005 
ENDBIB               3          0                                 1135700600006 
NOCOMMON             0          0                                 1135700600007 
DATA                 4         73                                 1135700600008 
EN         COS-CM     DATA-CM    ERR-S                            1135700600009 
MEV        NO-DIM     MB/SR      MB/SR                            1135700600010 
 3.07   +00 0.91070    5.16   +02                                 1135700600011 
 3.07   +00 0.85000    4.14   +02                                 1135700600012 
 3.07   +00 0.73960    3.29   +02   11.                           1135700600013 
 3.07   +00 0.60540    2.07   +02                                 1135700600014 
 3.07   +00 0.45240    1.71   +02                                 1135700600015 
 3.07   +00 0.28620    1.07   +02                                 1135700600016 
 3.07   +00 0.11270    1.13   +02                                 1135700600017 
 3.07   +00-0.0625     1.05   +02   26.                           1135700600018 
 3.07   +00-0.2339     1.68   +02                                 1135700600019 
 3.07   +00-0.3966     1.25   +02                                 1135700600020 
 3.07   +00-0.6787     1.77   +02                                 1135700600021 
 3.07   +00-0.7913     2.24   +02                                 1135700600022 
 3.07   +00-0.8812     2.20   +02   12.                           1135700600023 
 3.51   +00 0.91070    5.99   +02                                 1135700600024 
 3.51   +00 0.85000    5.11   +02   12.                           1135700600025 
 3.51   +00 0.85000    5.79   +02                                 1135700600026 
 3.51   +00 0.73960    3.18   +02   29.                           1135700600027 
 3.51   +00 0.60540    2.45   +02                                 1135700600028 
 3.51   +00 0.45240    1.56   +02   21.                           1135700600029 
 3.51   +00 0.45240    2.58   +02   10.                           1135700600030 
 3.51   +00 0.28620    2.11   +02                                 1135700600031 
 3.51   +00 0.11270    1.29   +02   22.                           1135700600032 
 3.51   +00 0.11270    1.87   +02                                 1135700600033 
 3.51   +00-0.0625     1.16   +02                                 1135700600034 
 3.51   +00-0.0625     1.61   +02    6.6                          1135700600035 
 3.51   +00-0.2339     1.33   +02   16.                           1135700600036 
 3.51   +00-0.2339     1.59   +02                                 1135700600037 
 3.51   +00-0.3966     1.99   +02                                 1135700600038 
 3.51   +00-0.3966     2.08   +02                                 1135700600039 
 3.51   +00-0.5461     2.86   +02   17.                           1135700600040 
 3.51   +00-0.5461     3.18   +02   12.                           1135700600041 
 3.51   +00-0.6787     3.08   +02                                 1135700600042 
 3.51   +00-0.6787     3.43   +02                                 1135700600043 
 3.51   +00-0.7913     3.83   +02   13.                           1135700600044 
 3.51   +00-0.7913     5.90   +02                                 1135700600045 
 4.85   +00 0.91070    3.49   +02                                 1135700600046 
 4.85   +00 0.85000    1.82   +02                                 1135700600047 
 4.85   +00 0.73960    1.46   +02   41.                           1135700600048 
 4.85   +00 0.60540    6.05   +01                                 1135700600049 
 4.85   +00 0.45240    5.5    +01   32.                           1135700600050 
 4.85   +00 0.28620    5.56   +01                                 1135700600051 
 4.85   +00 0.11270    7.05   +01   18.                           1135700600052 
 4.85   +00-0.0625     7.7    +01                                 1135700600053 
 4.85   +00-0.2339     7.4    +01   17.                           1135700600054 
 4.85   +00-0.3966     1.32   +02                                 1135700600055 
 4.85   +00-0.5461     1.14   +02   39.                           1135700600056 
 4.85   +00-0.7913     6.8    +01                                 1135700600057 
 4.85   +00-0.8812     3.5    +01   64.                           1135700600058 
 5.15   +00 0.85000    2.52   +02   60.                           1135700600059 
 5.15   +00 0.73960    1.68   +02                                 1135700600060 
 5.15   +00 0.60540    1.62   +02   20.                           1135700600061 
 5.15   +00 0.45240    9.5    +01                                 1135700600062 
 5.15   +00 0.28620    1.19   +02                                 1135700600063 
 5.15   +00 0.11270    1.09   +02   20.                           1135700600064 
 5.15   +00-0.0625     1.38   +02                                 1135700600065 
 5.15   +00-0.2339     1.42   +02   10.                           1135700600066 
 5.15   +00-0.3966     1.69   +02                                 1135700600067 
 5.15   +00-0.5461     1.40   +02   33.                           1135700600068 
 5.15   +00-0.6787     1.78   +02                                 1135700600069 
 5.15   +00-0.7913     1.07   +02                                 1135700600070 
 5.15   +00-0.8812     1.60   +02   37.                           1135700600071 
 7.11   +00 0.85000    1.63   +02                                 1135700600072 
 7.11   +00 0.73960    4.7    +01   51.                           1135700600073 
 7.11   +00 0.45240    5.4    +01                                 1135700600074 
 7.11   +00 0.28620    5.3    +01   24.                           1135700600075 
 7.11   +00 0.11270    6.6    +01                                 1135700600076 
 7.11   +00-0.0625     4.8    +01                                 1135700600077 
 7.11   +00-0.2339     6.9    +01   18.                           1135700600078 
 7.11   +00-0.3966     4.8    +01   35.                           1135700600079 
 7.11   +00-0.5461     4.1    +01                                 1135700600080 
 7.11   +00-0.6787     4.7    +01   37.                           1135700600081 
 7.11   +00-0.7913     3.4    +01   21.                           1135700600082 
 7.11   +00-0.8812     4.9    +01   35.                           1135700600083 
ENDDATA             75          0                                 1135700600084 
ENDSUBENT           83          0                                 1135700699999 
SUBENT        11357007   19860120                             00001135700700001 
BIB                  3          3                                 1135700700002 
REACTION   (8-O-0(N,EL)8-O-0,,DA)                                 1135700700003 
DETECTOR   (SCIN)  BIASED SCINTILLATOR. LOW BIAS.                 1135700700004 
ERR-ANALYS (ERR-S) STATISTICAL ERROR TABULATED.                   1135700700005 
ENDBIB               3          0                                 1135700700006 
NOCOMMON             0          0                                 1135700700007 
DATA                 4        136                                 1135700700008 
EN         COS-CM     DATA-CM    ERR-S                            1135700700009 
MEV        NO-DIM     MB/SR      MB/SR                            1135700700010 
 3.07   +00 0.91070    4.10   +02                                 1135700700011 
 3.07   +00 0.85000    4.11   +02                                 1135700700012 
 3.07   +00 0.73960    3.73   +02    7.0                          1135700700013 
 3.07   +00 0.60540    2.06   +02                                 1135700700014 
 3.07   +00 0.45240    1.72   +02                                 1135700700015 
 3.07   +00 0.28620    1.02   +02                                 1135700700016 
 3.07   +00 0.11270    1.15   +02                                 1135700700017 
 3.07   +00-0.0625     8.39   +01   21.                           1135700700018 
 3.07   +00-0.2339     1.33   +02                                 1135700700019 
 3.07   +00-0.3966     1.35   +02                                 1135700700020 
 3.07   +00-0.5461     1.68   +02                                 1135700700021 
 3.07   +00-0.6787     2.00   +02                                 1135700700022 
 3.07   +00-0.7913     2.03   +02    7.8                          1135700700023 
 3.07   +00-0.8812     2.27   +02                                 1135700700024 
 3.51   +00 0.91070    6.16   +02                                 1135700700025 
 3.51   +00 0.91070    4.99   +02                                 1135700700026 
 3.51   +00 0.85000    4.84   +02   27.                           1135700700027 
 3.51   +00 0.73960    2.81   +02   10.                           1135700700028 
 3.51   +00 0.73960    5.39   +02   10.                           1135700700029 
 3.51   +00 0.60540    2.49   +02                                 1135700700030 
 3.51   +00 0.60540    4.21   +02                                 1135700700031 
 3.51   +00 0.45240    1.64   +02   17.                           1135700700032 
 3.51   +00 0.45240    2.09   +02    8.5                          1135700700033 
 3.51   +00 0.28620    1.44   +02                                 1135700700034 
 3.51   +00 0.28620    1.60   +02                                 1135700700035 
 3.51   +00 0.11270    1.24   +02   20.                           1135700700036 
 3.51   +00 0.11270    1.47   +02                                 1135700700037 
 3.51   +00-0.0625     1.27   +02                                 1135700700038 
 3.51   +00-0.0625     1.35   +02    8.1                          1135700700039 
 3.51   +00-0.2339     1.30   +02    6.0                          1135700700040 
 3.51   +00-0.2339     1.33   +02                                 1135700700041 
 3.51   +00-0.3966     1.63   +02                                 1135700700042 
 3.51   +00-0.3966     1.65   +02                                 1135700700043 
 3.51   +00-0.5461     2.00   +02   12.                           1135700700044 
 3.51   +00-0.5461     2.22   +02   10.                           1135700700045 
 3.51   +00-0.6787     2.97   +02                                 1135700700046 
 3.51   +00-0.6787     2.71   +02                                 1135700700047 
 3.51   +00-0.7913     3.67   +02   25.                           1135700700048 
 3.51   +00-0.7913     4.56   +02                                 1135700700049 
 3.51   +00-0.8812     5.04   +02   25.                           1135700700050 
 4.05   +00 0.91070    7.06   +02                                 1135700700051 
 4.05   +00 0.85000    5.21   +02   10.                           1135700700052 
 4.05   +00 0.73940    4.84   +02    7.2                          1135700700053 
 4.05   +00 0.60540    3.12   +02                                 1135700700054 
 4.05   +00 0.45240    1.84   +02    8.5                          1135700700055 
 4.05   +00 0.28620    1.64   +02    6.2                          1135700700056 
 4.05   +00 0.11270    1.65   +02                                 1135700700057 
 4.05   +00-0.0625     1.49   +02   13.                           1135700700058 
 4.05   +00-0.2339     1.66   +02    9.6                          1135700700059 
 4.05   +00-0.3966     1.55   +02                                 1135700700060 
 4.05   +00-0.5461     1.62   +02   11.                           1135700700061 
 4.05   +00-0.6787     1.30   +02                                 1135700700062 
 4.05   +00-0.7913     1.20   +02                                 1135700700063 
 4.05   +00-0.8812     1.60   +02   33.                           1135700700064 
 4.30   +00 0.91070    5.15   +02   13.                           1135700700065 
 4.30   +00 0.85000    3.97   +02                                 1135700700066 
 4.30   +00 0.73960    2.95   +02    6.3                          1135700700067 
 4.30   +00 0.60540    2.12   +02    5.7                          1135700700068 
 4.30   +00 0.45240    1.56   +02                                 1135700700069 
 4.30   +00 0.28620    1.15   +02    5.6                          1135700700070 
 4.30   +00 0.11270    1.19   +02    9.9                          1135700700071 
 4.30   +00-0.0625     8.77   +01    7.3                          1135700700072 
 4.30   +00-0.2339     8.37   +01                                 1135700700073 
 4.30   +00-0.3966     9.64   +01    8.1                          1135700700074 
 4.30   +00-0.5461     1.10   +02                                 1135700700075 
 4.30   +00-0.6787     1.46   +02   14.                           1135700700076 
 4.30   +00-0.7913     1.68   +02                                 1135700700077 
 4.30   +00-0.8812     2.09   +02    6.7                          1135700700078 
 4.85   +00 0.91070    2.25   +02   27.                           1135700700079 
 4.85   +00 0.85000    1.98   +02                                 1135700700080 
 4.85   +00 0.73960    1.60   +02   25.                           1135700700081 
 4.85   +00 0.60540    9.1    +01                                 1135700700082 
 4.85   +00 0.45240    5.33   +01   26.                           1135700700083 
 4.85   +00 0.28620    6.95   +01                                 1135700700084 
 4.85   +00 0.11270    8.46   +01   13.                           1135700700085 
 4.85   +00-0.0625     7.34   +01                                 1135700700086 
 4.85   +00-0.2339     8.35   +01    5.0                          1135700700087 
 4.85   +00-0.3966     9.9    +01                                 1135700700088 
 4.85   +00-0.5461     9.58   +01   19.                           1135700700089 
 4.85   +00-0.6787     7.83   +01                                 1135700700090 
 4.85   +00-0.7913     4.42   +01                                 1135700700091 
 4.85   +00-0.8812     4.72   +01   35.                           1135700700092 
 5.15   +00 0.85000    1.78   +02   64.                           1135700700093 
 5.15   +00 0.73960    1.34   +02                                 1135700700094 
 5.15   +00 0.60540    1.47   +02   19.                           1135700700095 
 5.15   +00 0.45240    9.85   +01                                 1135700700096 
 5.15   +00 0.28620    1.01   +02                                 1135700700097 
 5.15   +00 0.11270    8.6    +01   18.                           1135700700098 
 5.15   +00-0.0625     1.30   +02                                 1135700700099 
 5.15   +00-0.2339     1.31   +02    7.3                          1135700700100 
 5.15   +00-0.3966     1.35   +02                                 1135700700101 
 5.15   +00-0.5461     1.26   +02                                 1135700700102 
 5.15   +00-0.6787     1.39   +02                                 1135700700103 
 5.15   +00-0.7913     1.17   +02                                 1135700700104 
 5.15   +00-0.8812     1.71   +02   10.                           1135700700105 
 7.11   +00 0.91070    2.07   +02                                 1135700700106 
 7.11   +00 0.85000    1.31   +02                                 1135700700107 
 7.11   +00 0.73960    1.15   +02   44.                           1135700700108 
 7.11   +00 0.60540    8.5    +01                                 1135700700109 
 7.11   +00 0.45240    4.1    +01                                 1135700700110 
 7.11   +00 0.28620    3.8    +01   13.                           1135700700111 
 7.11   +00 0.11270    4.0    +01                                 1135700700112 
 7.11   +00-0.0625     5.4    +01                                 1135700700113 
 7.11   +00-0.2339     5.4    +01   17.                           1135700700114 
 7.11   +00-0.3966     4.1    +01   13.                           1135700700115 
 7.11   +00-0.5461     5.2    +01                                 1135700700116 
 7.11   +00-0.6787     2.4    +01   59.                           1135700700117 
 7.11   +00-0.7913     4.9    +01   29.                           1135700700118 
 7.11   +00-0.8812     6.2    +01   25.                           1135700700119 
 1.492  +01 0.91070    4.77   +02                                 1135700700120 
 1.492  +01 0.85000    3.15   +02   10.                           1135700700121 
 1.492  +01 0.73960    1.33   +02                                 1135700700122 
 1.492  +01 0.60540    9.0    +01                                 1135700700123 
 1.492  +01 0.45240    6.2    +01   14.                           1135700700124 
 1.492  +01 0.28620    6.7    +01                                 1135700700125 
 1.492  +01 0.11270    6.6    +01                                 1135700700126 
 1.492  +01-0.0625     5.8    +01   12.                           1135700700127 
 1.492  +01-0.2339     5.0    +01                                 1135700700128 
 1.492  +01-0.3966     3.8    +01                                 1135700700129 
 1.492  +01-0.5461     4.2    +01   23.                           1135700700130 
 1.492  +01-0.6787     2.9    +01                                 1135700700131 
 1.492  +01-0.7913     3.3    +01                                 1135700700132 
 1.492  +01-0.8812     1.00   +02   32.                           1135700700133 
 1.583  +01 0.85000    3.65   +02   27.                           1135700700134 
 1.583  +01 0.73960    2.45   +02                                 1135700700135 
 1.583  +01 0.60540    9.5    +01                                 1135700700136 
 1.583  +01 0.45240    9.1    +01   22.                           1135700700137 
 1.583  +01 0.28620    6.2    +01                                 1135700700138 
 1.583  +01 0.11270    9.4    +01                                 1135700700139 
 1.583  +01-0.0625     5.6    +01   11.                           1135700700140 
 1.583  +01-0.2339     4.4    +01                                 1135700700141 
 1.583  +01-0.3966     5.3    +01                                 1135700700142 
 1.583  +01-0.5461     3.9    +01   24.                           1135700700143 
 1.583  +01-0.6787     4.8    +01                                 1135700700144 
 1.583  +01-0.7913     4.2    +01   45.                           1135700700145 
 1.583  +01-0.8812     2.5    +01                                 1135700700146 
ENDDATA            138          0                                 1135700700147 
ENDSUBENT          146          0                                 1135700799999 
SUBENT        11357008   19860120                             00001135700800001 
BIB                  3          3                                 1135700800002 
REACTION   (8-O-0(N,EL)8-O-0,,DA)                                 1135700800003 
DETECTOR   (SCIN) BIASED SCINTILLATOR. HIGH AND LOW BIAS AVERAGED.1135700800004 
ERR-ANALYS (ERR-S) STATISTICAL ERROR TABULATED.                   1135700800005 
ENDBIB               3          0                                 1135700800006 
COMMON               1          3                                 1135700800007 
EN                                                                1135700800008 
MEV                                                               1135700800009 
 4.50   +00                                                       1135700800010 
ENDCOMMON            3          0                                 1135700800011 
DATA                 3         13                                 1135700800012 
COS-CM     DATA-CM    ERR-S                                       1135700800013 
NO-DIM     MB/SR      PER-CENT                                    1135700800014 
 0.85000    3.93   +02   15.                                      1135700800015 
 0.73960    3.23   +02                                            1135700800016 
 0.60540    2.23   +02   11.                                      1135700800017 
 0.45240    1.16   +02                                            1135700800018 
 0.28620    1.07   +02    9.4                                     1135700800019 
 0.11270    9.07   +01   11.                                      1135700800020 
-0.0625     9.44   +01                                            1135700800021 
-0.2339     1.19   +02    6.0                                     1135700800022 
-0.3966     1.20   +02                                            1135700800023 
-0.5461     1.08   +02    9.5                                     1135700800024 
-0.6787     1.33   +02    6.3                                     1135700800025 
-0.7913     1.07   +02                                            1135700800026 
-0.8812     1.04   +02   30.                                      1135700800027 
ENDDATA             15          0                                 1135700800028 
ENDSUBENT           27          0                                 1135700899999 
SUBENT        11357009   19860120                             00001135700900001 
BIB                  3          3                                 1135700900002 
REACTION   (8-O-0(N,EL)8-O-0,,SIG)                                1135700900003 
STATUS     (DEP,11357007) INTEGRATED ANGULAR DISTRIBUTION         1135700900004 
COMMENT    INTEGRALS OF LOW BIAS MEASUREMENTS.                    1135700900005 
ENDBIB               3          0                                 1135700900006 
NOCOMMON             0          0                                 1135700900007 
DATA                 2         10                                 1135700900008 
EN         DATA                                                   1135700900009 
MEV        B                                                      1135700900010 
 3.07   +00 2.44   +00                                            1135700900011 
 3.51   +00 3.3    +00                                            1135700900012 
 4.05   +00 2.85   +00                                            1135700900013 
 4.30   +00 2.24   +00                                            1135700900014 
 4.50   +00 2.08   +00                                            1135700900015 
 4.85   +00 1.27   +00                                            1135700900016 
 5.15   +00 1.7    +00                                            1135700900017 
 7.11   +00 8.4    -01                                            1135700900018 
 1.492  +01 1.35   +00                                            1135700900019 
 1.583  +01 1.44   +00                                            1135700900020 
ENDDATA             12          0                                 1135700900021 
ENDSUBENT           20          0                                 1135700999999 
ENDENTRY             9          0                                 1135799999999 
