ENTRY            11379   19820324                             00001137900000001 
SUBENT        11379001   19820324                             00001137900100001 
BIB                  6          7                                 1137900100002 
INSTITUTE  (1USAWIS)                                              1137900100003 
REFERENCE  (J,NP,6,188,5804)                                      1137900100004 
AUTHOR     (H.R.STRIEBEL,S.E.DARDEN,W.HAEBERLI)                   1137900100005 
TITLE      POLARIZATION OF LI7(P,N)BE7 NEUTRONS.                  1137900100006 
STATUS     (SCSRS)                                                1137900100007 
HISTORY    (760714T) TRANSLATED FROM SCISRS                       1137900100008 
           (820324A) CONVERTED TO REACTION FORMALISM              1137900100009 
ENDBIB               7          0                                 1137900100010 
NOCOMMON             0          0                                 1137900100011 
ENDSUBENT           10          0                                 1137900199999 
SUBENT        11379002   19820324                             00001137900200001 
BIB                  1          1                                 1137900200002 
REACTION   (8-O-0(N,TOT),,SIG)                                    1137900200003 
ENDBIB               1          0                                 1137900200004 
COMMON               1          3                                 1137900200005 
EN-RSL                                                            1137900200006 
PER-CENT                                                          1137900200007 
 1.0                                                              1137900200008 
ENDCOMMON            3          0                                 1137900200009 
DATA                 2         73                                 1137900200010 
EN         DATA                                                   1137900200011 
MEV        B                                                      1137900200012 
 6.10   -01 3.05   +00                                            1137900200013 
 6.30   -01 2.95   +00                                            1137900200014 
 6.48   -01 2.90   +00                                            1137900200015 
 6.58   -01 3.05   +00                                            1137900200016 
 6.65   -01 2.90   +00                                            1137900200017 
 6.73   -01 2.90   +00                                            1137900200018 
 6.80   -01 2.89   +00                                            1137900200019 
 6.88   -01 2.95   +00                                            1137900200020 
 6.98   -01 2.90   +00                                            1137900200021 
 7.05   -01 2.75   +00                                            1137900200022 
 7.13   -01 2.85   +00                                            1137900200023 
 7.25   -01 3.23   +00                                            1137900200024 
 7.30   -01 2.88   +00                                            1137900200025 
 7.60   -01 2.70   +00                                            1137900200026 
 7.85   -01 2.80   +00                                            1137900200027 
 8.10   -01 2.70   +00                                            1137900200028 
 8.60   -01 3.00   +00                                            1137900200029 
 8.98   -01 3.38   +00                                            1137900200030 
 9.06   -01 3.60   +00                                            1137900200031 
 9.15   -01 3.63   +00                                            1137900200032 
 9.28   -01 4.00   +00                                            1137900200033 
 9.38   -01 4.50   +00                                            1137900200034 
 9.50   -01 5.03   +00                                            1137900200035 
 9.60   -01 6.08   +00                                            1137900200036 
 9.70   -01 6.50   +00                                            1137900200037 
 9.80   -01 7.28   +00                                            1137900200038 
 9.90   -01 7.90   +00                                            1137900200039 
 9.98   -01 8.43   +00                                            1137900200040 
 1.010  +00 8.20   +00                                            1137900200041 
 1.018  +00 7.85   +00                                            1137900200042 
 1.025  +00 6.90   +00                                            1137900200043 
 1.038  +00 6.30   +00                                            1137900200044 
 1.048  +00 5.75   +00                                            1137900200045 
 1.060  +00 5.65   +00                                            1137900200046 
 1.068  +00 4.93   +00                                            1137900200047 
 1.078  +00 4.50   +00                                            1137900200048 
 1.090  +00 3.95   +00                                            1137900200049 
 1.098  +00 3.50   +00                                            1137900200050 
 1.110  +00 3.60   +00                                            1137900200051 
 1.118  +00 3.10   +00                                            1137900200052 
 1.128  +00 3.00   +00                                            1137900200053 
 1.137  +00 2.98   +00                                            1137900200054 
 1.150  +00 2.98   +00                                            1137900200055 
 1.158  +00 2.90   +00                                            1137900200056 
 1.169  +00 2.93   +00                                            1137900200057 
 1.180  +00 2.90   +00                                            1137900200058 
 1.188  +00 2.75   +00                                            1137900200059 
 1.198  +00 2.70   +00                                            1137900200060 
 1.210  +00 2.55   +00                                            1137900200061 
 1.220  +00 2.70   +00                                            1137900200062 
 1.228  +00 2.70   +00                                            1137900200063 
 1.238  +00 2.65   +00                                            1137900200064 
 1.250  +00 2.75   +00                                            1137900200065 
 1.260  +00 2.83   +00                                            1137900200066 
 1.268  +00 3.00   +00                                            1137900200067 
 1.278  +00 3.40   +00                                            1137900200068 
 1.283  +00 3.80   +00                                            1137900200069 
 1.293  +00 4.60   +00                                            1137900200070 
 1.298  +00 5.90   +00                                            1137900200071 
 1.310  +00 6.90   +00                                            1137900200072 
 1.315  +00 6.55   +00                                            1137900200073 
 1.325  +00 6.03   +00                                            1137900200074 
 1.330  +00 4.98   +00                                            1137900200075 
 1.340  +00 4.15   +00                                            1137900200076 
 1.350  +00 3.55   +00                                            1137900200077 
 1.360  +00 2.70   +00                                            1137900200078 
 1.370  +00 2.80   +00                                            1137900200079 
 1.380  +00 2.85   +00                                            1137900200080 
 1.388  +00 2.50   +00                                            1137900200081 
 1.400  +00 2.25   +00                                            1137900200082 
 1.410  +00 2.55   +00                                            1137900200083 
 1.420  +00 2.25   +00                                            1137900200084 
 1.430  +00 2.30   +00                                            1137900200085 
ENDDATA             75          0                                 1137900200086 
ENDSUBENT           85          0                                 1137900299999 
SUBENT        11379003   19820324                             00001137900300001 
BIB                  1          1                                 1137900300002 
REACTION   (8-O-16(N,TOT),,WID)                                   1137900300003 
ENDBIB               1          0                                 1137900300004 
NOCOMMON             0          0                                 1137900300005 
DATA                 3          2                                 1137900300006 
EN-RES     EN-RSL     DATA                                        1137900300007 
MEV        MEV        MILLI-EV                                    1137900300008 
 1.000  +00 2.0    -02 1.00   +08                                 1137900300009 
 1.312  +00 2.0    -02 4.4    +07                                 1137900300010 
ENDDATA              4          0                                 1137900300011 
ENDSUBENT           10          0                                 1137900399999 
ENDENTRY             3          0                                 1137999999999 
