ENTRY            11377   19820324                             00001137700000001 
SUBENT        11377001   19820324                             00001137700100001 
BIB                  7         10                                 1137700100002 
INSTITUTE  (1USALOK)                                              1137700100003 
REFERENCE  (J,NSE,17,325,63)                                      1137700100004 
           (W,JOHNSON,6110)                                       1137700100005 
AUTHOR     (F.J.VAUGHN,W.L.IMHOF,R.G.JOHNSON)                     1137700100006 
TITLE      TOTAL NEUTRON CROSS SECTIONS OF NA, K, AND CA FROM 0.9 1137700100007 
            MEV TO 2.1 MEV                                        1137700100008 
METHOD     (TOF).                                                 1137700100009 
STATUS     (SCSRS)                                                1137700100010 
HISTORY    (761014T) TRANSLATED FROM SCISRS                       1137700100011 
           (820324A) CONVERTED TO REACTION FORMALISM              1137700100012 
ENDBIB              10          0                                 1137700100013 
NOCOMMON             0          0                                 1137700100014 
ENDSUBENT           13          0                                 1137700199999 
SUBENT        11377002   19820324                             00001137700200001 
BIB                  2          2                                 1137700200002 
REACTION   (11-NA-23(N,TOT),,SIG)                                 1137700200003 
INC-SPECT  ENERGY RESOLUTION 4-5 KEV                              1137700200004 
ENDBIB               2          0                                 1137700200005 
COMMON               1          3                                 1137700200006 
EN-RSL                                                            1137700200007 
KEV                                                               1137700200008 
 5.                                                               1137700200009 
ENDCOMMON            3          0                                 1137700200010 
DATA                 3        172                                 1137700200011 
EN         DATA       DATA-ERR                                    1137700200012 
MEV        B          B                                           1137700200013 
 9.00   -01 5.10   +00 1.1    -01                                 1137700200014 
 9.05   -01 5.487  +00                                            1137700200015 
 9.09   -01 5.589  +00                                            1137700200016 
 9.10   -01 5.897  +00                                            1137700200017 
 9.14   -01 6.106  +00                                            1137700200018 
 9.19   -01 5.899  +00                                            1137700200019 
 9.24   -01 5.498  +00                                            1137700200020 
 9.29   -01 5.681  +00                                            1137700200021 
 9.29   -01 5.369  +00                                            1137700200022 
 9.34   -01 5.065  +00                                            1137700200023 
 9.39   -01 4.494  +00                                            1137700200024 
 9.44   -01 4.264  +00                                            1137700200025 
 9.50   -01 3.993  +00 9.5    -02                                 1137700200026 
 9.55   -01 3.766  +00                                            1137700200027 
 9.60   -01 3.606  +00                                            1137700200028 
 9.63   -01 3.544  +00                                            1137700200029 
 9.68   -01 3.547  +00                                            1137700200030 
 9.73   -01 3.909  +00                                            1137700200031 
 9.78   -01 3.832  +00                                            1137700200032 
 9.83   -01 3.827  +00                                            1137700200033 
 9.88   -01 4.250  +00                                            1137700200034 
 9.93   -01 4.003  +00                                            1137700200035 
 1.000  +00 3.523  +00 5.8    -02                                 1137700200036 
 1.005  +00 3.401  +00                                            1137700200037 
 1.010  +00 3.366  +00                                            1137700200038 
 1.015  +00 3.608  +00                                            1137700200039 
 1.015  +00 3.560  +00                                            1137700200040 
 1.020  +00 3.492  +00                                            1137700200041 
 1.025  +00 3.746  +00                                            1137700200042 
 1.030  +00 4.005  +00                                            1137700200043 
 1.035  +00 4.142  +00                                            1137700200044 
 1.040  +00 4.292  +00                                            1137700200045 
 1.045  +00 3.950  +00                                            1137700200046 
 1.050  +00 4.257  +00 8.7    -02                                 1137700200047 
 1.055  +00 4.492  +00                                            1137700200048 
 1.060  +00 4.364  +00                                            1137700200049 
 1.065  +00 4.691  +00                                            1137700200050 
 1.070  +00 4.893  +00                                            1137700200051 
 1.075  +00 4.761  +00                                            1137700200052 
 1.080  +00 4.839  +00                                            1137700200053 
 1.085  +00 4.575  +00                                            1137700200054 
 1.090  +00 4.372  +00                                            1137700200055 
 1.095  +00 4.572  +00                                            1137700200056 
 1.100  +00 4.549  +00 8.8    -02                                 1137700200057 
 1.105  +00 4.293  +00                                            1137700200058 
 1.110  +00 4.416  +00                                            1137700200059 
 1.115  +00 4.146  +00                                            1137700200060 
 1.115  +00 4.007  +00                                            1137700200061 
 1.120  +00 3.986  +00                                            1137700200062 
 1.125  +00 4.226  +00                                            1137700200063 
 1.130  +00 3.957  +00                                            1137700200064 
 1.135  +00 3.842  +00                                            1137700200065 
 1.140  +00 3.736  +00                                            1137700200066 
 1.145  +00 3.731  +00                                            1137700200067 
 1.150  +00 3.724  +00 8.1    -02                                 1137700200068 
 1.155  +00 3.709  +00                                            1137700200069 
 1.160  +00 3.766  +00                                            1137700200070 
 1.165  +00 3.580  +00                                            1137700200071 
 1.170  +00 3.721  +00                                            1137700200072 
 1.175  +00 3.698  +00                                            1137700200073 
 1.180  +00 3.805  +00                                            1137700200074 
 1.185  +00 3.791  +00                                            1137700200075 
 1.185  +00 3.863  +00                                            1137700200076 
 1.190  +00 3.472  +00                                            1137700200077 
 1.195  +00 3.531  +00                                            1137700200078 
 1.200  +00 3.337  +00 7.7    -02                                 1137700200079 
 1.205  +00 3.307  +00                                            1137700200080 
 1.210  +00 3.477  +00                                            1137700200081 
 1.215  +00 3.616  +00                                            1137700200082 
 1.220  +00 3.888  +00                                            1137700200083 
 1.225  +00 4.044  +00                                            1137700200084 
 1.230  +00 4.160  +00                                            1137700200085 
 1.235  +00 4.250  +00                                            1137700200086 
 1.240  +00 4.070  +00                                            1137700200087 
 1.245  +00 3.926  +00                                            1137700200088 
 1.250  +00 3.724  +00 8.2    -02                                 1137700200089 
 1.255  +00 3.565  +00                                            1137700200090 
 1.260  +00 3.565  +00                                            1137700200091 
 1.265  +00 3.461  +00                                            1137700200092 
 1.265  +00 3.474  +00                                            1137700200093 
 1.270  +00 3.342  +00                                            1137700200094 
 1.275  +00 3.101  +00                                            1137700200095 
 1.280  +00 3.087  +00                                            1137700200096 
 1.285  +00 3.053  +00                                            1137700200097 
 1.290  +00 3.010  +00                                            1137700200098 
 1.295  +00 2.888  +00                                            1137700200099 
 1.300  +00 3.18   +00 1.3    -01                                 1137700200100 
 1.305  +00 3.228  +00                                            1137700200101 
 1.310  +00 3.511  +00                                            1137700200102 
 1.315  +00 3.734  +00                                            1137700200103 
 1.320  +00 4.337  +00                                            1137700200104 
 1.325  +00 4.364  +00                                            1137700200105 
 1.330  +00 4.102  +00                                            1137700200106 
 1.335  +00 3.933  +00                                            1137700200107 
 1.340  +00 3.751  +00                                            1137700200108 
 1.345  +00 3.280  +00                                            1137700200109 
 1.350  +00 3.332  +00                                            1137700200110 
 1.350  +00 3.198  +00 6.1    -02                                 1137700200111 
 1.355  +00 3.064  +00                                            1137700200112 
 1.360  +00 3.041  +00                                            1137700200113 
 1.365  +00 2.961  +00                                            1137700200114 
 1.370  +00 3.036  +00                                            1137700200115 
 1.375  +00 2.906  +00                                            1137700200116 
 1.380  +00 2.921  +00                                            1137700200117 
 1.380  +00 2.844  +00                                            1137700200118 
 1.385  +00 2.955  +00                                            1137700200119 
 1.390  +00 2.964  +00                                            1137700200120 
 1.395  +00 3.155  +00                                            1137700200121 
 1.400  +00 3.973  +00 6.5    -02                                 1137700200122 
 1.405  +00 3.542  +00                                            1137700200123 
 1.410  +00 3.314  +00                                            1137700200124 
 1.415  +00 3.366  +00                                            1137700200125 
 1.420  +00 3.287  +00                                            1137700200126 
 1.425  +00 3.256  +00                                            1137700200127 
 1.430  +00 2.970  +00                                            1137700200128 
 1.435  +00 3.043  +00                                            1137700200129 
 1.440  +00 3.178  +00                                            1137700200130 
 1.445  +00 2.987  +00                                            1137700200131 
 1.450  +00 2.848  +00 5.9    -02                                 1137700200132 
 1.450  +00 2.924  +00                                            1137700200133 
 1.455  +00 2.884  +00                                            1137700200134 
 1.460  +00 2.984  +00                                            1137700200135 
 1.465  +00 3.001  +00                                            1137700200136 
 1.470  +00 3.010  +00                                            1137700200137 
 1.475  +00 2.897  +00                                            1137700200138 
 1.480  +00 2.824  +00                                            1137700200139 
 1.485  +00 2.935  +00                                            1137700200140 
 1.490  +00 2.752  +00                                            1137700200141 
 1.495  +00 2.743  +00                                            1137700200142 
 1.500  +00 2.785  +00 5.7    -02                                 1137700200143 
 1.505  +00 2.993  +00                                            1137700200144 
 1.510  +00 2.991  +00                                            1137700200145 
 1.515  +00 2.970  +00                                            1137700200146 
 1.520  +00 2.824  +00                                            1137700200147 
 1.525  +00 2.700  +00                                            1137700200148 
 1.525  +00 2.934  +00                                            1137700200149 
 1.530  +00 2.628  +00                                            1137700200150 
 1.535  +00 2.715  +00                                            1137700200151 
 1.540  +00 2.572  +00                                            1137700200152 
 1.545  +00 2.679  +00                                            1137700200153 
 1.550  +00 2.658  +00 5.6    -02                                 1137700200154 
 1.555  +00 2.637  +00                                            1137700200155 
 1.560  +00 2.690  +00                                            1137700200156 
 1.565  +00 2.590  +00                                            1137700200157 
 1.570  +00 2.776  +00                                            1137700200158 
 1.575  +00 2.788  +00                                            1137700200159 
 1.580  +00 2.704  +00                                            1137700200160 
 1.585  +00 2.740  +00                                            1137700200161 
 1.590  +00 2.978  +00                                            1137700200162 
 1.595  +00 2.929  +00                                            1137700200163 
 1.600  +00 3.245  +00 5.8    -02                                 1137700200164 
 1.605  +00 3.616  +00                                            1137700200165 
 1.610  +00 3.778  +00                                            1137700200166 
 1.615  +00 4.442  +00                                            1137700200167 
 1.620  +00 4.658  +00                                            1137700200168 
 1.625  +00 4.171  +00                                            1137700200169 
 1.630  +00 3.636  +00                                            1137700200170 
 1.635  +00 3.369  +00                                            1137700200171 
 1.640  +00 3.225  +00                                            1137700200172 
 1.645  +00 3.127  +00                                            1137700200173 
 1.645  +00 3.123  +00                                            1137700200174 
 1.650  +00 3.236  +00 5.8    -02                                 1137700200175 
 1.655  +00 2.742  +00                                            1137700200176 
 1.660  +00 2.827  +00                                            1137700200177 
 1.665  +00 2.807  +00                                            1137700200178 
 1.670  +00 2.618  +00                                            1137700200179 
 1.675  +00 2.637  +00                                            1137700200180 
 1.680  +00 2.695  +00                                            1137700200181 
 1.685  +00 2.401  +00                                            1137700200182 
 1.690  +00 2.251  +00                                            1137700200183 
 1.695  +00 2.422  +00                                            1137700200184 
 1.700  +00 2.729  +00 6.1    -02                                 1137700200185 
ENDDATA            174          0                                 1137700200186 
ENDSUBENT          185          0                                 1137700299999 
SUBENT        11377003   19820324                             00001137700300001 
BIB                  2          2                                 1137700300002 
REACTION   (11-NA-23(N,TOT),,SIG)                                 1137700300003 
INC-SPECT  ENERGY RESOLUTION 65-75 KEV                            1137700300004 
ENDBIB               2          0                                 1137700300005 
COMMON               1          3                                 1137700300006 
EN-RSL                                                            1137700300007 
KEV                                                               1137700300008 
 75.                                                              1137700300009 
ENDCOMMON            3          0                                 1137700300010 
DATA                 3         18                                 1137700300011 
EN         DATA       DATA-ERR                                    1137700300012 
MEV        B          B                                           1137700300013 
 1.250      3.601                                                 1137700300014 
 1.300      3.406      0.026                                      1137700300015 
 1.350      3.332                                                 1137700300016 
 1.400      3.134                                                 1137700300017 
 1.450      2.910                                                 1137700300018 
 1.500      2.756      0.026                                      1137700300019 
 1.550      2.665                                                 1137700300020 
 1.600      3.131                                                 1137700300021 
 1.650      2.842                                                 1137700300022 
 1.700      3.036      0.022                                      1137700300023 
 1.750      3.307                                                 1137700300024 
 1.800      2.982                                                 1137700300025 
 1.850      2.542                                                 1137700300026 
 1.900      2.327      0.019                                      1137700300027 
 1.950      2.939                                                 1137700300028 
 2.000      3.135                                                 1137700300029 
 2.050      3.301                                                 1137700300030 
 2.100      3.514      0.021                                      1137700300031 
ENDDATA             20          0                                 1137700300032 
ENDSUBENT           31          0                                 1137700399999 
SUBENT        11377004   19820324                             00001137700400001 
BIB                  2          2                                 1137700400002 
REACTION   (19-K-0(N,TOT),,SIG)                                   1137700400003 
INC-SPECT  ENERGY RESOLUTION 4-5 KEV                              1137700400004 
ENDBIB               2          0                                 1137700400005 
COMMON               1          3                                 1137700400006 
EN-RSL                                                            1137700400007 
KEV                                                               1137700400008 
 5.                                                               1137700400009 
ENDCOMMON            3          0                                 1137700400010 
DATA                 3        171                                 1137700400011 
EN         DATA       DATA-ERR                                    1137700400012 
MEV        B          B                                           1137700400013 
 9.00   -01 1.69   +00 1.4    -01                                 1137700400014 
 9.05   -01 2.11   +00                                            1137700400015 
 9.09   -01 1.82   +00                                            1137700400016 
 9.10   -01 1.94   +00                                            1137700400017 
 9.14   -01 2.57   +00                                            1137700400018 
 9.19   -01 2.42   +00                                            1137700400019 
 9.24   -01 2.36   +00                                            1137700400020 
 9.29   -01 2.87   +00                                            1137700400021 
 9.29   -01 2.51   +00                                            1137700400022 
 9.34   -01 2.58   +00                                            1137700400023 
 9.39   -01 2.44   +00                                            1137700400024 
 9.44   -01 1.83   +00                                            1137700400025 
 9.50   -01 2.66   +00 1.5    -01                                 1137700400026 
 9.55   -01 2.02   +00                                            1137700400027 
 9.60   -01 2.03   +00                                            1137700400028 
 9.63   -01 2.16   +00                                            1137700400029 
 9.68   -01 2.32   +00                                            1137700400030 
 9.73   -01 2.09   +00                                            1137700400031 
 9.78   -01 2.53   +00                                            1137700400032 
 9.83   -01 2.28   +00                                            1137700400033 
 9.88   -01 2.41   +00                                            1137700400034 
 9.93   -01 2.22   +00                                            1137700400035 
 1.000  +00 2.538  +00 9.2    -02                                 1137700400036 
 1.005  +00 1.50   +00                                            1137700400037 
 1.010  +00 2.10   +00                                            1137700400038 
 1.015  +00 1.50   +00                                            1137700400039 
 1.015  +00 1.47   +00                                            1137700400040 
 1.020  +00 2.16   +00                                            1137700400041 
 1.025  +00 2.71   +00                                            1137700400042 
 1.030  +00 2.25   +00                                            1137700400043 
 1.035  +00 3.19   +00                                            1137700400044 
 1.040  +00 2.97   +00                                            1137700400045 
 1.045  +00 2.33   +00                                            1137700400046 
 1.050  +00 2.25   +00 1.3    -01                                 1137700400047 
 1.055  +00 2.32   +00                                            1137700400048 
 1.060  +00 2.62   +00                                            1137700400049 
 1.065  +00 3.24   +00                                            1137700400050 
 1.070  +00 2.84   +00                                            1137700400051 
 1.075  +00 2.27   +00                                            1137700400052 
 1.080  +00 2.44   +00                                            1137700400053 
 1.085  +00 1.90   +00                                            1137700400054 
 1.090  +00 2.47   +00                                            1137700400055 
 1.095  +00 2.83   +00                                            1137700400056 
 1.100  +00 2.12   +00 1.2    -01                                 1137700400057 
 1.105  +00 2.21   +00                                            1137700400058 
 1.110  +00 2.36   +00                                            1137700400059 
 1.115  +00 2.26   +00                                            1137700400060 
 1.115  +00 2.37   +00                                            1137700400061 
 1.120  +00 1.92   +00                                            1137700400062 
 1.125  +00 2.70   +00                                            1137700400063 
 1.130  +00 2.84   +00                                            1137700400064 
 1.135  +00 2.72   +00                                            1137700400065 
 1.140  +00 2.62   +00                                            1137700400066 
 1.145  +00 2.64   +00                                            1137700400067 
 1.150  +00 2.51   +00 1.3    -01                                 1137700400068 
 1.155  +00 2.92   +00                                            1137700400069 
 1.160  +00 2.78   +00                                            1137700400070 
 1.165  +00 2.63   +00                                            1137700400071 
 1.170  +00 2.37   +00                                            1137700400072 
 1.175  +00 2.68   +00                                            1137700400073 
 1.180  +00 2.48   +00                                            1137700400074 
 1.185  +00 2.52   +00                                            1137700400075 
 1.185  +00 2.75   +00                                            1137700400076 
 1.190  +00 2.32   +00                                            1137700400077 
 1.195  +00 2.74   +00                                            1137700400078 
 1.200  +00 2.47   +00 1.2    -01                                 1137700400079 
 1.205  +00 1.80   +00                                            1137700400080 
 1.210  +00 2.74   +00                                            1137700400081 
 1.215  +00 3.07   +00                                            1137700400082 
 1.220  +00 2.38   +00                                            1137700400083 
 1.225  +00 2.42   +00                                            1137700400084 
 1.230  +00 2.38   +00                                            1137700400085 
 1.235  +00 2.45   +00                                            1137700400086 
 1.240  +00 2.64   +00                                            1137700400087 
 1.245  +00 2.97   +00                                            1137700400088 
 1.250  +00 2.66   +00 1.3    -01                                 1137700400089 
 1.255  +00 2.70   +00                                            1137700400090 
 1.260  +00 2.49   +00                                            1137700400091 
 1.265  +00 2.36   +00                                            1137700400092 
 1.265  +00 2.45   +00                                            1137700400093 
 1.270  +00 2.42   +00                                            1137700400094 
 1.275  +00 1.94   +00                                            1137700400095 
 1.280  +00 2.04   +00                                            1137700400096 
 1.285  +00 2.66   +00                                            1137700400097 
 1.290  +00 2.24   +00                                            1137700400098 
 1.295  +00 2.57   +00                                            1137700400099 
 1.300  +00 2.77   +00 1.5    -01                                 1137700400100 
 1.305  +00 2.78   +00                                            1137700400101 
 1.310  +00 2.62   +00                                            1137700400102 
 1.315  +00 2.30   +00                                            1137700400103 
 1.320  +00 2.49   +00                                            1137700400104 
 1.325  +00 2.92   +00                                            1137700400105 
 1.330  +00 2.33   +00                                            1137700400106 
 1.335  +00 3.00   +00                                            1137700400107 
 1.340  +00 3.80   +00                                            1137700400108 
 1.345  +00 2.63   +00                                            1137700400109 
 1.350  +00 2.77   +00 1.0    -01                                 1137700400110 
 1.355  +00 2.79   +00                                            1137700400111 
 1.360  +00 2.71   +00                                            1137700400112 
 1.365  +00 2.43   +00                                            1137700400113 
 1.370  +00 3.60   +00                                            1137700400114 
 1.375  +00 3.14   +00                                            1137700400115 
 1.380  +00 2.78   +00                                            1137700400116 
 1.380  +00 2.55   +00                                            1137700400117 
 1.385  +00 3.16   +00                                            1137700400118 
 1.390  +00 2.86   +00                                            1137700400119 
 1.395  +00 2.27   +00                                            1137700400120 
 1.400  +00 2.420  +00 9.8    -02                                 1137700400121 
 1.405  +00 2.48   +00                                            1137700400122 
 1.410  +00 2.12   +00                                            1137700400123 
 1.415  +00 2.62   +00                                            1137700400124 
 1.420  +00 3.09   +00                                            1137700400125 
 1.425  +00 3.54   +00                                            1137700400126 
 1.430  +00 2.24   +00                                            1137700400127 
 1.435  +00 2.50   +00                                            1137700400128 
 1.440  +00 2.84   +00                                            1137700400129 
 1.445  +00 2.59   +00                                            1137700400130 
 1.450  +00 2.96   +00                                            1137700400131 
 1.450  +00 2.691  +00 9.9    -02                                 1137700400132 
 1.455  +00 2.70   +00                                            1137700400133 
 1.460  +00 2.71   +00                                            1137700400134 
 1.465  +00 2.30   +00                                            1137700400135 
 1.470  +00 2.85   +00                                            1137700400136 
 1.475  +00 2.98   +00                                            1137700400137 
 1.480  +00 3.68   +00                                            1137700400138 
 1.485  +00 2.86   +00                                            1137700400139 
 1.490  +00 3.13   +00                                            1137700400140 
 1.495  +00 2.78   +00                                            1137700400141 
 1.500  +00 2.514  +00 9.5    -02                                 1137700400142 
 1.505  +00 2.95   +00                                            1137700400143 
 1.510  +00 2.57   +00                                            1137700400144 
 1.515  +00 2.32   +00                                            1137700400145 
 1.520  +00 2.59   +00                                            1137700400146 
 1.525  +00 2.90   +00                                            1137700400147 
 1.525  +00 3.43   +00                                            1137700400148 
 1.530  +00 2.90   +00                                            1137700400149 
 1.535  +00 2.71   +00                                            1137700400150 
 1.540  +00 3.70   +00                                            1137700400151 
 1.545  +00 3.22   +00                                            1137700400152 
 1.550  +00 3.223  +00 9.8    -02                                 1137700400153 
 1.555  +00 2.72   +00                                            1137700400154 
 1.560  +00 2.78   +00                                            1137700400155 
 1.565  +00 2.96   +00                                            1137700400156 
 1.570  +00 3.11   +00                                            1137700400157 
 1.575  +00 2.61   +00                                            1137700400158 
 1.580  +00 2.11   +00                                            1137700400159 
 1.585  +00 2.44   +00                                            1137700400160 
 1.590  +00 2.89   +00                                            1137700400161 
 1.595  +00 2.75   +00                                            1137700400162 
 1.600  +00 2.679  +00 9.5    -02                                 1137700400163 
 1.605  +00 2.89   +00                                            1137700400164 
 1.610  +00 2.42   +00                                            1137700400165 
 1.615  +00 2.24   +00                                            1137700400166 
 1.620  +00 2.44   +00                                            1137700400167 
 1.625  +00 2.79   +00                                            1137700400168 
 1.630  +00 2.46   +00                                            1137700400169 
 1.635  +00 3.02   +00                                            1137700400170 
 1.640  +00 2.89   +00                                            1137700400171 
 1.645  +00 3.01   +00                                            1137700400172 
 1.645  +00 2.86   +00                                            1137700400173 
 1.650  +00 2.429  +00 9.3    -02                                 1137700400174 
 1.655  +00 2.89   +00                                            1137700400175 
 1.660  +00 3.30   +00                                            1137700400176 
 1.665  +00 2.88   +00                                            1137700400177 
 1.670  +00 2.87   +00                                            1137700400178 
 1.675  +00 4.16   +00                                            1137700400179 
 1.680  +00 2.92   +00                                            1137700400180 
 1.685  +00 3.29   +00                                            1137700400181 
 1.690  +00 2.88   +00                                            1137700400182 
 1.695  +00 2.45   +00                                            1137700400183 
 1.700  +00 2.70   +00 1.1    -01                                 1137700400184 
ENDDATA            173          0                                 1137700400185 
ENDSUBENT          184          0                                 1137700499999 
SUBENT        11377005   19820324                             00001137700500001 
BIB                  2          2                                 1137700500002 
REACTION   (19-K-0(N,TOT),,SIG)                                   1137700500003 
INC-SPECT  ENERGY RESOLUTION 65-75KEV                             1137700500004 
ENDBIB               2          0                                 1137700500005 
COMMON               1          3                                 1137700500006 
EN-RSL                                                            1137700500007 
KEV                                                               1137700500008 
 75.                                                              1137700500009 
ENDCOMMON            3          0                                 1137700500010 
DATA                 3         16                                 1137700500011 
EN         DATA       DATA-ERR                                    1137700500012 
MEV        B          B                                           1137700500013 
 1.300  +00 2.464  +00 4.5    -02                                 1137700500014 
 1.350  +00 2.836  +00                                            1137700500015 
 1.400  +00 2.500  +00                                            1137700500016 
 1.450  +00 2.716  +00                                            1137700500017 
 1.500  +00 2.879  +00 4.5    -02                                 1137700500018 
 1.550  +00 2.868  +00                                            1137700500019 
 1.650  +00 2.900  +00                                            1137700500020 
 1.700  +00 2.920  +00 3.7    -02                                 1137700500021 
 1.750  +00 2.713  +00                                            1137700500022 
 1.800  +00 2.939  +00                                            1137700500023 
 1.850  +00 2.965  +00                                            1137700500024 
 1.900  +00 3.034  +00 3.5    -02                                 1137700500025 
 1.950  +00 3.220  +00                                            1137700500026 
 2.000  +00 3.175  +00                                            1137700500027 
 2.050  +00 2.927  +00                                            1137700500028 
 2.100  +00 2.984  +00 3.4    -02                                 1137700500029 
ENDDATA             18          0                                 1137700500030 
ENDSUBENT           29          0                                 1137700599999 
SUBENT        11377006   19820324                             00001137700600001 
BIB                  2          2                                 1137700600002 
REACTION   (20-CA-0(N,TOT),,SIG)                                  1137700600003 
INC-SPECT  ENERGY RESOLUTION 65-75 KEV                            1137700600004 
ENDBIB               2          0                                 1137700600005 
COMMON               1          3                                 1137700600006 
EN-RSL                                                            1137700600007 
KEV                                                               1137700600008 
 75.                                                              1137700600009 
ENDCOMMON            3          0                                 1137700600010 
DATA                 3         18                                 1137700600011 
EN         DATA       DATA-ERR                                    1137700600012 
MEV        B          B                                           1137700600013 
 1.250  +00 3.089  +00                                            1137700600014 
 1.300  +00 2.530  +00 3.0    -02                                 1137700600015 
 1.350  +00 2.208  +00                                            1137700600016 
 1.400  +00 1.836  +00                                            1137700600017 
 1.450  +00 2.285  +00                                            1137700600018 
 1.500  +00 2.106  +00 3.2    -02                                 1137700600019 
 1.550  +00 2.507  +00                                            1137700600020 
 1.600  +00 3.034  +00                                            1137700600021 
 1.650  +00 3.027  +00                                            1137700600022 
 1.700  +00 2.903  +00 2.7    -02                                 1137700600023 
 1.750  +00 3.369  +00                                            1137700600024 
 1.800  +00 2.881  +00                                            1137700600025 
 1.850  +00 3.199  +00                                            1137700600026 
 1.900  +00 3.004  +00 2.5    -02                                 1137700600027 
 1.950  +00 3.770  +00                                            1137700600028 
 2.000  +00 2.913  +00                                            1137700600029 
 2.050  +00 3.338  +00                                            1137700600030 
 2.100  +00 3.312  +00 2.5    -02                                 1137700600031 
ENDDATA             20          0                                 1137700600032 
ENDSUBENT           31          0                                 1137700699999 
ENDENTRY             6          0                                 1137799999999 
