ENTRY            11381   19820324                             00001138100000001 
SUBENT        11381001   19820324                             00001138100100001 
BIB                  6          8                                 1138100100002 
INSTITUTE  (1USALOK)                                              1138100100003 
REFERENCE  (J,NP,64,336,6504)                                     1138100100004 
AUTHOR     (F.J.VAUGHN,H.A.GRENCH,W.L.IMHOF,J.H.ROWLAND,M.WALT)   1138100100005 
TITLE      THE TOTAL NEUTRON CROSS SECTION OF O18 FROM 0.14 TO    1138100100006 
           2.47 MEV.                                              1138100100007 
STATUS     (SCSRS)                                                1138100100008 
HISTORY    (760714T) TRANSLATED FROM SCISRS                       1138100100009 
           (820324A) CONVERTED TO REACTION FORMALISM              1138100100010 
ENDBIB               8          0                                 1138100100011 
NOCOMMON             0          0                                 1138100100012 
ENDSUBENT           11          0                                 1138100199999 
SUBENT        11381002   19820324                             00001138100200001 
BIB                  2          4                                 1138100200002 
REACTION  1(8-O-18(N,0),,EN)                                      1138100200003 
          2(8-O-18(N,TOT),,WID)                                   1138100200004 
          3(8-O-18(N,0),,J)                                       1138100200005 
METHOD     AVERAGE TRANSMISSION                                   1138100200006 
ENDBIB               4          0                                 1138100200007 
NOCOMMON             0          0                                 1138100200008 
DATA                 5          5                                 1138100200009 
DATA      1DATA      2DATA-ERR  2DATA      3DATA-MIN  3           1138100200010 
MEV        MILLI-EV   MILLI-EV   NO-DIM     NO-DIM                1138100200011 
 6.61   -01 5.5    +07 3.     +06 1.5                             1138100200012 
 1.192  +00 5.2    +07 5.     +06 0.5                             1138100200013 
 1.256  +00 3.6    +06 1.0    +06 1.5                             1138100200014 
 1.840  +00 8.2    +06 1.5    +06 1.5                             1138100200015 
 2.445  +00 2.03   +07 2.5    +06            2.5                  1138100200016 
ENDDATA              7          0                                 1138100200017 
ENDSUBENT           16          0                                 1138100299999 
SUBENT        11381003   19820324                             00001138100300001 
BIB                  1          1                                 1138100300002 
REACTION   (8-O-18(N,TOT),,SIG)                                   1138100300003 
ENDBIB               1          0                                 1138100300004 
NOCOMMON             0          0                                 1138100300005 
DATA                 4        231                                 1138100300006 
EN         EN-RSL     DATA       DATA-ERR                         1138100300007 
MEV        MEV        B          B                                1138100300008 
 1.45   -01 3.3    -02 3.260  +00                                 1138100300009 
 1.65   -01 3.9    -02 3.040  +00                                 1138100300010 
 1.84   -01 3.1    -02 3.260  +00                                 1138100300011 
 2.04   -01 2.9    -02 3.060  +00                                 1138100300012 
 2.24   -01 2.8    -02 3.050  +00                                 1138100300013 
 2.44   -01 2.8    -02 3.160  +00 1.2    -02                      1138100300014 
 2.64   -01 2.7    -02 2.725  +00                                 1138100300015 
 2.84   -01 2.6    -02 3.035  +00                                 1138100300016 
 3.04   -01 2.6    -02 2.343  +00                                 1138100300017 
 3.24   -01 2.5    -02 2.847  +00                                 1138100300018 
 3.44   -01 2.5    -02 2.757  +00                                 1138100300019 
 3.64   -01 2.4    -02 2.937  +00                                 1138100300020 
 3.84   -01 2.4    -02 2.833  +00                                 1138100300021 
 4.03   -01 2.4    -02 2.859  +00                                 1138100300022 
 4.23   -01 2.3    -02 2.726  +00                                 1138100300023 
 4.43   -01 2.3    -02 2.915  +00                                 1138100300024 
 4.63   -01 2.3    -02 2.882  +00                                 1138100300025 
 4.83   -01 2.2    -02 2.861  +00                                 1138100300026 
 5.03   -01 2.2    -02 2.911  +00 5.1    -02                      1138100300027 
 5.23   -01 2.2    -02 3.101  +00                                 1138100300028 
 5.43   -01 2.1    -02 2.939  +00                                 1138100300029 
 5.63   -01 2.1    -02 3.131  +00                                 1138100300030 
 5.83   -01 2.1    -02 3.640  +00                                 1138100300031 
 6.02   -01 2.0    -02 4.177  +00                                 1138100300032 
 6.22   -01 2.0    -02 5.556  +00                                 1138100300033 
 6.32   -01 2.0    -02 6.311  +00                                 1138100300034 
 6.42   -01 2.0    -02 8.035  +00 5.1    -02                      1138100300035 
 6.53   -01 2.0    -02 9.262  +00                                 1138100300036 
 6.62   -01 2.0    -02 1.024  +01 5.0    -01                      1138100300037 
 6.72   -01 2.0    -02 9.223  +00                                 1138100300038 
 6.82   -01 1.9    -02 8.174  +00 5.9    -02                      1138100300039 
 6.92   -01 1.9    -02 6.675  +00                                 1138100300040 
 7.02   -01 1.9    -02 5.245  +00 5.3    -02                      1138100300041 
 7.21   -01 1.9    -02 3.541  +00                                 1138100300042 
 7.41   -01 1.9    -02 2.954  +00                                 1138100300043 
 7.61   -01 1.9    -02 2.605  +00                                 1138100300044 
 7.81   -01 1.8    -02 2.234  +00                                 1138100300045 
 8.01   -01 1.8    -02 2.059  +00 3.7    -02                      1138100300046 
 8.21   -01 1.8    -02 1.788  +00                                 1138100300047 
 8.41   -01 1.8    -02 1.735  +00                                 1138100300048 
 8.61   -01 1.8    -02 1.782  +00                                 1138100300049 
 8.81   -01 1.8    -02 1.836  +00                                 1138100300050 
 9.01   -01 1.7    -02 1.821  +00 7.     -03                      1138100300051 
 9.11   -01 1.0    -02 1.737  +00                                 1138100300052 
 9.21   -01 1.0    -02 1.749  +00 1.7    -02                      1138100300053 
 9.31   -01 9.     -03 1.838  +00                                 1138100300054 
 9.41   -01 9.     -03 1.987  +00                                 1138100300055 
 9.51   -01 9.     -03 1.909  +00 1.8    -02                      1138100300056 
 9.61   -01 9.     -03 1.603  +00                                 1138100300057 
 9.71   -01 9.     -03 2.130  +00                                 1138100300058 
 9.81   -01 9.     -03 1.719  +00                                 1138100300059 
 9.91   -01 9.     -03 2.128  +00                                 1138100300060 
 1.001  +00 1.7    -02 1.960  +00                                 1138100300061 
 1.006  +00 8.     -03 1.899  +00                                 1138100300062 
 1.016  +00 8.     -03 1.958  +00                                 1138100300063 
 1.026  +00 8.     -03 2.315  +00                                 1138100300064 
 1.036  +00 8.     -03 2.094  +00                                 1138100300065 
 1.046  +00 8.     -03 2.209  +00                                 1138100300066 
 1.056  +00 8.     -03 2.782  +00                                 1138100300067 
 1.066  +00 8.     -03 2.718  +00                                 1138100300068 
 1.076  +00 8.     -03 2.303  +00                                 1138100300069 
 1.086  +00 8.     -03 2.683  +00                                 1138100300070 
 1.096  +00 8.     -03 2.343  +00                                 1138100300071 
 1.106  +00 8.     -03 3.036  +00                                 1138100300072 
 1.116  +00 8.     -03 3.183  +00                                 1138100300073 
 1.126  +00 8.     -03 3.309  +00                                 1138100300074 
 1.136  +00 8.     -03 3.416  +00                                 1138100300075 
 1.140  +00 5.     -03 3.671  +00                                 1138100300076 
 1.145  +00 5.     -03 3.832  +00                                 1138100300077 
 1.150  +00 5.     -03 3.700  +00                                 1138100300078 
 1.154  +00 6.     -03 4.047  +00                                 1138100300079 
 1.159  +00 6.     -03 4.245  +00                                 1138100300080 
 1.164  +00 6.     -03 4.371  +00                                 1138100300081 
 1.169  +00 6.     -03 4.820  +00                                 1138100300082 
 1.174  +00 7.     -03 4.903  +00                                 1138100300083 
 1.179  +00 7.     -03 5.045  +00                                 1138100300084 
 1.184  +00 7.     -03 5.391  +00                                 1138100300085 
 1.189  +00 7.     -03 5.441  +00                                 1138100300086 
 1.194  +00 7.     -03 5.112  +00                                 1138100300087 
 1.199  +00 7.     -03 5.352  +00                                 1138100300088 
 1.203  +00 7.     -03 5.122  +00                                 1138100300089 
 1.209  +00 7.     -03 4.962  +00                                 1138100300090 
 1.214  +00 7.     -03 4.713  +00                                 1138100300091 
 1.218  +00 7.     -03 4.275  +00                                 1138100300092 
 1.232  +00 3.     -03 4.320  +00                                 1138100300093 
 1.240  +00 3.     -03 4.412  +00                                 1138100300094 
 1.244  +00 3.     -03 4.200  +00                                 1138100300095 
 1.248  +00 3.     -03 4.160  +00                                 1138100300096 
 1.252  +00 3.     -03 4.720  +00                                 1138100300097 
 1.254  +00 3.     -03 5.670  +00                                 1138100300098 
 1.255  +00 3.     -03 6.790  +00                                 1138100300099 
 1.256  +00 3.     -03 7.290  +00                                 1138100300100 
 1.257  +00 3.     -03 6.870  +00                                 1138100300101 
 1.258  +00 3.     -03 6.350  +00                                 1138100300102 
 1.260  +00 3.     -03 4.940  +00                                 1138100300103 
 1.264  +00 3.     -03 4.455  +00                                 1138100300104 
 1.272  +00 3.     -03 4.170  +00                                 1138100300105 
 1.280  +00 3.     -03 4.190  +00                                 1138100300106 
 1.286  +00 8.     -03 4.324  +00                                 1138100300107 
 1.296  +00 8.     -03 4.355  +00                                 1138100300108 
 1.303  +00 8.     -03 4.697  +00                                 1138100300109 
 1.313  +00 8.     -03 4.797  +00                                 1138100300110 
 1.323  +00 8.     -03 4.616  +00                                 1138100300111 
 1.333  +00 8.     -03 4.791  +00                                 1138100300112 
 1.343  +00 8.     -03 5.261  +00                                 1138100300113 
 1.353  +00 8.     -03 5.414  +00                                 1138100300114 
 1.363  +00 8.     -03 5.033  +00                                 1138100300115 
 1.373  +00 8.     -03 5.124  +00                                 1138100300116 
 1.383  +00 8.     -03 5.339  +00                                 1138100300117 
 1.393  +00 8.     -03 5.877  +00                                 1138100300118 
 1.403  +00 8.     -03 6.118  +00                                 1138100300119 
 1.413  +00 8.     -03 5.921  +00                                 1138100300120 
 1.423  +00 8.     -03 6.447  +00                                 1138100300121 
 1.433  +00 8.     -03 6.696  +00                                 1138100300122 
 1.443  +00 8.     -03 6.466  +00                                 1138100300123 
 1.453  +00 8.     -03 7.235  +00                                 1138100300124 
 1.463  +00 8.     -03 6.882  +00                                 1138100300125 
 1.473  +00 8.     -03 7.468  +00                                 1138100300126 
 1.483  +00 8.     -03 7.362  +00                                 1138100300127 
 1.491  +00 8.     -03 8.077  +00                                 1138100300128 
 1.501  +00 8.     -03 7.740  +00                                 1138100300129 
 1.511  +00 8.     -03 8.140  +00                                 1138100300130 
 1.521  +00 8.     -03 7.682  +00                                 1138100300131 
 1.531  +00 8.     -03 8.368  +00                                 1138100300132 
 1.541  +00 8.     -03 8.095  +00                                 1138100300133 
 1.551  +00 8.     -03 8.631  +00                                 1138100300134 
 1.561  +00 7.     -03 7.947  +00                                 1138100300135 
 1.571  +00 7.     -03 8.500  +00                                 1138100300136 
 1.581  +00 7.     -03 8.252  +00                                 1138100300137 
 1.591  +00 7.     -03 7.917  +00                                 1138100300138 
 1.601  +00 7.     -03 8.547  +00                                 1138100300139 
 1.611  +00 7.     -03 8.050  +00                                 1138100300140 
 1.621  +00 7.     -03 7.907  +00                                 1138100300141 
 1.631  +00 7.     -03 8.198  +00                                 1138100300142 
 1.641  +00 7.     -03 7.325  +00                                 1138100300143 
 1.651  +00 7.     -03 7.349  +00                                 1138100300144 
 1.661  +00 7.     -03 7.184  +00                                 1138100300145 
 1.671  +00 7.     -03 7.182  +00                                 1138100300146 
 1.681  +00 7.     -03 6.835  +00                                 1138100300147 
 1.691  +00 7.     -03 6.617  +00                                 1138100300148 
 1.698  +00 7.     -03 6.035  +00                                 1138100300149 
 1.708  +00 7.     -03 5.801  +00                                 1138100300150 
 1.718  +00 7.     -03 5.956  +00                                 1138100300151 
 1.728  +00 7.     -03 5.380  +00                                 1138100300152 
 1.738  +00 7.     -03 4.970  +00                                 1138100300153 
 1.748  +00 7.     -03 4.368  +00                                 1138100300154 
 1.758  +00 7.     -03 4.384  +00                                 1138100300155 
 1.768  +00 7.     -03 4.530  +00                                 1138100300156 
 1.778  +00 7.     -03 4.280  +00                                 1138100300157 
 1.789  +00 7.     -03 4.320  +00                                 1138100300158 
 1.797  +00 7.     -03 4.270  +00                                 1138100300159 
 1.806  +00 7.     -03 4.050  +00                                 1138100300160 
 1.817  +00 7.     -03 3.870  +00                                 1138100300161 
 1.826  +00 7.     -03 3.660  +00                                 1138100300162 
 1.832  +00 7.     -03 3.800  +00                                 1138100300163 
 1.836  +00 7.     -03 4.800  +00                                 1138100300164 
 1.839  +00 7.     -03 5.230  +00                                 1138100300165 
 1.841  +00 7.     -03 5.040  +00                                 1138100300166 
 1.847  +00 7.     -03 4.070  +00                                 1138100300167 
 1.851  +00 7.     -03 3.540  +00                                 1138100300168 
 1.857  +00 7.     -03 3.400  +00                                 1138100300169 
 1.866  +00 7.     -03 3.210  +00                                 1138100300170 
 1.868  +00 7.     -03 3.150  +00                                 1138100300171 
 1.878  +00 7.     -03 3.150  +00                                 1138100300172 
 1.888  +00 7.     -03 2.839  +00                                 1138100300173 
 1.898  +00 7.     -03 2.943  +00                                 1138100300174 
 1.906  +00 7.     -03 3.369  +00                                 1138100300175 
 1.916  +00 7.     -03 2.698  +00                                 1138100300176 
 1.926  +00 7.     -03 2.751  +00                                 1138100300177 
 1.936  +00 7.     -03 2.725  +00                                 1138100300178 
 1.946  +00 7.     -03 1.924  +00                                 1138100300179 
 1.956  +00 7.     -03 2.886  +00                                 1138100300180 
 1.966  +00 7.     -03 2.537  +00                                 1138100300181 
 1.976  +00 7.     -03 2.487  +00                                 1138100300182 
 1.986  +00 7.     -03 2.272  +00                                 1138100300183 
 1.996  +00 7.     -03 1.986  +00                                 1138100300184 
 2.006  +00 7.     -03 1.990  +00                                 1138100300185 
 2.016  +00 7.     -03 2.021  +00                                 1138100300186 
 2.026  +00 7.     -03 1.986  +00                                 1138100300187 
 2.036  +00 7.     -03 1.706  +00                                 1138100300188 
 2.046  +00 7.     -03 1.889  +00                                 1138100300189 
 2.056  +00 7.     -03 1.911  +00                                 1138100300190 
 2.066  +00 7.     -03 1.842  +00                                 1138100300191 
 2.076  +00 7.     -03 1.702  +00                                 1138100300192 
 2.086  +00 7.     -03 1.710  +00                                 1138100300193 
 2.093  +00 7.     -03 1.657  +00                                 1138100300194 
 2.103  +00 7.     -03 1.538  +00                                 1138100300195 
 2.113  +00 7.     -03 1.563  +00                                 1138100300196 
 2.123  +00 7.     -03 1.721  +00                                 1138100300197 
 2.133  +00 7.     -03 1.555  +00                                 1138100300198 
 2.143  +00 7.     -03 1.821  +00                                 1138100300199 
 2.153  +00 6.     -03 2.023  +00                                 1138100300200 
 2.165  +00 6.     -03 1.982  +00                                 1138100300201 
 2.175  +00 6.     -03 2.228  +00                                 1138100300202 
 2.185  +00 6.     -03 2.314  +00                                 1138100300203 
 2.195  +00 6.     -03 2.417  +00                                 1138100300204 
 2.205  +00 6.     -03 2.574  +00                                 1138100300205 
 2.215  +00 6.     -03 3.539  +00                                 1138100300206 
 2.225  +00 6.     -03 3.360  +00                                 1138100300207 
 2.235  +00 6.     -03 3.830  +00                                 1138100300208 
 2.245  +00 6.     -03 3.328  +00                                 1138100300209 
 2.255  +00 6.     -03 3.227  +00                                 1138100300210 
 2.265  +00 6.     -03 3.651  +00                                 1138100300211 
 2.275  +00 6.     -03 3.552  +00                                 1138100300212 
 2.285  +00 6.     -03 3.340  +00                                 1138100300213 
 2.295  +00 6.     -03 3.768  +00                                 1138100300214 
 2.305  +00 6.     -03 3.485  +00                                 1138100300215 
 2.315  +00 6.     -03 3.593  +00                                 1138100300216 
 2.325  +00 6.     -03 3.806  +00                                 1138100300217 
 2.335  +00 6.     -03 3.608  +00                                 1138100300218 
 2.345  +00 6.     -03 3.411  +00                                 1138100300219 
 2.355  +00 6.     -03 2.901  +00                                 1138100300220 
 2.365  +00 6.     -03 4.140  +00                                 1138100300221 
 2.376  +00 6.     -03 2.993  +00                                 1138100300222 
 2.386  +00 6.     -03 2.756  +00                                 1138100300223 
 2.391  +00 6.     -03 3.642  +00                                 1138100300224 
 2.396  +00 6.     -03 3.093  +00                                 1138100300225 
 2.401  +00 6.     -03 3.241  +00                                 1138100300226 
 2.406  +00 6.     -03 4.100  +00                                 1138100300227 
 2.411  +00 6.     -03 3.774  +00                                 1138100300228 
 2.416  +00 6.     -03 3.140  +00                                 1138100300229 
 2.421  +00 6.     -03 3.060  +00                                 1138100300230 
 2.426  +00 6.     -03 3.030  +00                                 1138100300231 
 2.431  +00 6.     -03 4.160  +00                                 1138100300232 
 2.436  +00 6.     -03 4.140  +00                                 1138100300233 
 2.441  +00 6.     -03 5.860  +00                                 1138100300234 
 2.446  +00 6.     -03 6.110  +00                                 1138100300235 
 2.451  +00 6.     -03 5.550  +00                                 1138100300236 
 2.456  +00 6.     -03 4.590  +00                                 1138100300237 
 2.460  +00 6.     -03 4.020  +00                                 1138100300238 
 2.466  +00 6.     -03 3.340  +00                                 1138100300239 
ENDDATA            233          0                                 1138100300240 
ENDSUBENT          239          0                                 1138100399999 
ENDENTRY             3          0                                 1138199999999 
