ENTRY            11394   19860212                             00001139400000001 
SUBENT        11394001   19860212                             00001139400100001 
BIB                  6         10                                 1139400100002 
INSTITUTE  (1USADKE,1USANCA)                                      1139400100003 
REFERENCE  (W,NEWSON,58) PREPRINT                                 1139400100004 
AUTHOR     (A.L.TOLLER,H.W.NEWSON)                                1139400100005 
TITLE      NEUTRON RESONANCES IN THE KILOVOLT REGION, POTASSIUM,  1139400100006 
            ALUMINUM AND SODIUM.                                  1139400100007 
STATUS     (SCSRS)                                                1139400100008 
HISTORY    (761014T) TRANSLATED FROM SCISRS                       1139400100009 
           (820324A) CONVERTED TO REACTION FORMALISM              1139400100010 
           (840530A) BIB CORRECTIONS.                             1139400100011 
           (860212A) REFERENCE CORRECTION.                        1139400100012 
ENDBIB              10          0                                 1139400100013 
NOCOMMON             0          0                                 1139400100014 
ENDSUBENT           13          0                                 1139400199999 
SUBENT        11394002   19860212                             00001139400200001 
BIB                  3          3                                 1139400200002 
REACTION   (11-NA-23(N,TOT),,SIG)                                 1139400200003 
REFERENCE  (J,PR,99,1625(11),5509)                                1139400200004 
SAMPLE     SAMPLE THICKNESS 4.84*10**22 ATOM/CM2.                 1139400200005 
ENDBIB               3          0                                 1139400200006 
NOCOMMON             0          0                                 1139400200007 
DATA                 2        147                                 1139400200008 
EN         DATA                                                   1139400200009 
MEV        B                                                      1139400200010 
 1.047  -02 6.18   +00                                            1139400200011 
 1.097  -02 5.36   +00                                            1139400200012 
 1.142  -02 6.22   +00                                            1139400200013 
 1.193  -02 6.22   +00                                            1139400200014 
 1.247  -02 6.90   +00                                            1139400200015 
 1.298  -02 5.40   +00                                            1139400200016 
 1.396  -02 4.56   +00                                            1139400200017 
 1.497  -02 5.20   +00                                            1139400200018 
 1.548  -02 5.22   +00                                            1139400200019 
 1.598  -02 4.84   +00                                            1139400200020 
 1.652  -02 4.86   +00                                            1139400200021 
 1.697  -02 3.46   +00                                            1139400200022 
 1.748  -02 5.46   +00                                            1139400200023 
 1.799  -02 4.36   +00                                            1139400200024 
 1.851  -02 4.96   +00                                            1139400200025 
 1.898  -02 4.88   +00                                            1139400200026 
 1.951  -02 4.70   +00                                            1139400200027 
 2.000  -02 5.00   +00                                            1139400200028 
 2.098  -02 4.82   +00                                            1139400200029 
 2.197  -02 3.98   +00                                            1139400200030 
 2.296  -02 4.84   +00                                            1139400200031 
 2.397  -02 4.40   +00                                            1139400200032 
 2.495  -02 4.20   +00                                            1139400200033 
 2.599  -02 3.76   +00                                            1139400200034 
 2.697  -02 4.12   +00                                            1139400200035 
 2.798  -02 3.98   +00                                            1139400200036 
 2.899  -02 4.18   +00                                            1139400200037 
 3.001  -02 4.18   +00                                            1139400200038 
 3.598  -02 3.60   +00                                            1139400200039 
 3.699  -02 4.26   +00                                            1139400200040 
 3.798  -02 3.78   +00                                            1139400200041 
 3.899  -02 3.96   +00                                            1139400200042 
 4.000  -02 3.74   +00                                            1139400200043 
 4.098  -02 3.20   +00                                            1139400200044 
 4.194  -02 4.02   +00                                            1139400200045 
 4.295  -02 3.98   +00                                            1139400200046 
 4.397  -02 3.82   +00                                            1139400200047 
 4.497  -02 3.94   +00                                            1139400200048 
 4.598  -02 3.98   +00                                            1139400200049 
 4.698  -02 4.68   +00                                            1139400200050 
 4.801  -02 4.16   +00                                            1139400200051 
 4.902  -02 4.26   +00                                            1139400200052 
 5.001  -02 4.78   +00                                            1139400200053 
 5.098  -02 4.26   +00                                            1139400200054 
 5.193  -02 7.10   +00                                            1139400200055 
 5.297  -02 9.44   +00                                            1139400200056 
 5.398  -02 9.06   +00                                            1139400200057 
 5.501  -02 8.44   +00                                            1139400200058 
 5.597  -02 5.08   +00                                            1139400200059 
 5.698  -02 3.98   +00                                            1139400200060 
 5.801  -02 5.22   +00                                            1139400200061 
 5.897  -02 4.96   +00                                            1139400200062 
 6.00   -02 4.48   +00                                            1139400200063 
 6.000  -02 4.36   +00                                            1139400200064 
 6.12   -02 4.54   +00                                            1139400200065 
 6.19   -02 3.42   +00                                            1139400200066 
 6.28   -02 4.96   +00                                            1139400200067 
 6.38   -02 2.94   +00                                            1139400200068 
 6.40   -02 5.00   +00                                            1139400200069 
 6.50   -02 3.92   +00                                            1139400200070 
 6.51   -02 4.38   +00                                            1139400200071 
 6.57   -02 3.68   +00                                            1139400200072 
 6.69   -02 4.38   +00                                            1139400200073 
 6.78   -02 3.86   +00                                            1139400200074 
 6.86   -02 3.66   +00                                            1139400200075 
 7.00   -02 4.60   +00                                            1139400200076 
 7.09   -02 3.78   +00                                            1139400200077 
 7.18   -02 3.98   +00                                            1139400200078 
 7.29   -02 3.16   +00                                            1139400200079 
 7.39   -02 3.36   +00                                            1139400200080 
 7.50   -02 3.38   +00                                            1139400200081 
 7.60   -02 3.44   +00                                            1139400200082 
 7.69   -02 2.86   +00                                            1139400200083 
 7.80   -02 3.96   +00                                            1139400200084 
 7.91   -02 2.76   +00                                            1139400200085 
 8.00   -02 4.12   +00                                            1139400200086 
 8.10   -02 3.04   +00                                            1139400200087 
 8.18   -02 4.48   +00                                            1139400200088 
 8.30   -02 2.64   +00                                            1139400200089 
 8.38   -02 3.34   +00                                            1139400200090 
 8.48   -02 3.18   +00                                            1139400200091 
 8.59   -02 3.26   +00                                            1139400200092 
 8.69   -02 3.24   +00                                            1139400200093 
 8.79   -02 3.64   +00                                            1139400200094 
 8.88   -02 3.56   +00                                            1139400200095 
 9.00   -02 3.96   +00                                            1139400200096 
 9.09   -02 3.06   +00                                            1139400200097 
 9.18   -02 2.86   +00                                            1139400200098 
 9.29   -02 2.56   +00                                            1139400200099 
 9.37   -02 3.80   +00                                            1139400200100 
 9.48   -02 3.70   +00                                            1139400200101 
 9.58   -02 3.64   +00                                            1139400200102 
 9.70   -02 3.86   +00                                            1139400200103 
 9.78   -02 3.14   +00                                            1139400200104 
 9.90   -02 3.40   +00                                            1139400200105 
 1.000  -01 1.70   +00                                            1139400200106 
 1.010  -01 1.76   +00                                            1139400200107 
 1.020  -01 1.64   +00                                            1139400200108 
 1.030  -01 3.64   +00                                            1139400200109 
 1.038  -01 4.20   +00                                            1139400200110 
 1.048  -01 3.74   +00                                            1139400200111 
 1.069  -01 1.76   +00                                            1139400200112 
 1.078  -01 2.50   +00                                            1139400200113 
 1.092  -01 3.88   +00                                            1139400200114 
 1.103  -01 4.24   +00                                            1139400200115 
 1.113  -01 3.64   +00                                            1139400200116 
 1.126  -01 3.88   +00                                            1139400200117 
 1.137  -01 3.56   +00                                            1139400200118 
 1.150  -01 3.10   +00                                            1139400200119 
 1.160  -01 2.88   +00                                            1139400200120 
 1.172  -01 2.80   +00                                            1139400200121 
 1.183  -01 2.72   +00                                            1139400200122 
 1.195  -01 3.96   +00                                            1139400200123 
 1.206  -01 3.24   +00                                            1139400200124 
 1.215  -01 3.86   +00                                            1139400200125 
 1.230  -01 3.58   +00                                            1139400200126 
 1.239  -01 3.20   +00                                            1139400200127 
 1.250  -01 3.86   +00                                            1139400200128 
 1.263  -01 2.90   +00                                            1139400200129 
 1.275  -01 4.00   +00                                            1139400200130 
 1.285  -01 3.14   +00                                            1139400200131 
 1.299  -01 2.62   +00                                            1139400200132 
 1.308  -01 3.30   +00                                            1139400200133 
 1.319  -01 2.54   +00                                            1139400200134 
 1.332  -01 2.40   +00                                            1139400200135 
 1.343  -01 3.10   +00                                            1139400200136 
 1.353  -01 3.10   +00                                            1139400200137 
 1.365  -01 3.46   +00                                            1139400200138 
 1.376  -01 3.04   +00                                            1139400200139 
 1.390  -01 3.46   +00                                            1139400200140 
 1.400  -01 2.86   +00                                            1139400200141 
 1.411  -01 4.20   +00                                            1139400200142 
 1.423  -01 3.38   +00                                            1139400200143 
 1.435  -01 3.24   +00                                            1139400200144 
 1.447  -01 2.96   +00                                            1139400200145 
 1.461  -01 2.86   +00                                            1139400200146 
 1.472  -01 2.90   +00                                            1139400200147 
 1.482  -01 4.00   +00                                            1139400200148 
 1.493  -01 3.90   +00                                            1139400200149 
 1.505  -01 3.36   +00                                            1139400200150 
 1.515  -01 2.70   +00                                            1139400200151 
 1.530  -01 3.66   +00                                            1139400200152 
 1.540  -01 3.28   +00                                            1139400200153 
 1.552  -01 2.80   +00                                            1139400200154 
 1.563  -01 3.08   +00                                            1139400200155 
 1.575  -01 3.00   +00                                            1139400200156 
 1.586  -01 2.74   +00                                            1139400200157 
ENDDATA            149          0                                 1139400200158 
ENDSUBENT          157          0                                 1139400299999 
SUBENT        11394003   19860212                             00001139400300001 
BIB                  2          4                                 1139400300002 
REACTION  1(13-AL-27(N,0),,L)                                     1139400300003 
          2(13-AL-27(N,0),,J)                                     1139400300004 
          3(13-AL-27(N,TOT),,WID)                                 1139400300005 
REFERENCE  (J,PR,99,1625(11),5509)                                1139400300006 
ENDBIB               4          0                                 1139400300007 
NOCOMMON             0          0                                 1139400300008 
DATA                 4          2                                 1139400300009 
EN-RES     DATA      1DATA      2DATA      3                      1139400300010 
KEV        NO-DIM     NO-DIM     KEV                              1139400300011 
 35.        0.         3.         1.2                             1139400300012 
 90.        0.         3.         7.                              1139400300013 
ENDDATA              4          0                                 1139400300014 
ENDSUBENT           13          0                                 1139400399999 
SUBENT        11394004   19840530                             00001139400400001 
BIB                  3          3                                 1139400400002 
REACTION   (19-K-0(N,TOT),,SIG)                                   1139400400003 
SAMPLE     SAMPLE THICKNESS 6.229E+22 ATOMS/CM2.                  1139400400004 
HISTORY    (840530A) MOVED FROM 11607.                            1139400400005 
ENDBIB               3          0                                 1139400400006 
COMMON               1          3                                 1139400400007 
EN-RSL                                                            1139400400008 
PER-CENT                                                          1139400400009 
 3.0                                                              1139400400010 
ENDCOMMON            3          0                                 1139400400011 
DATA                 2        379                                 1139400400012 
EN         DATA                                                   1139400400013 
MEV        B                                                      1139400400014 
 2.00   -03 2.75   +00                                            1139400400015 
 3.00   -03 4.90   +00                                            1139400400016 
 4.00   -03 2.40   +00                                            1139400400017 
 5.00   -03 4.08   +00                                            1139400400018 
 6.00   -03 2.95   +00                                            1139400400019 
 7.00   -03 1.75   +00                                            1139400400020 
 9.00   -03 3.90   +00                                            1139400400021 
 1.000  -02 3.95   +00                                            1139400400022 
 1.30   -02 1.80   +00                                            1139400400023 
 1.38   -02 1.25   +00                                            1139400400024 
 1.46   -02 1.05   +00                                            1139400400025 
 1.54   -02 1.40   +00                                            1139400400026 
 1.62   -02 2.25   +00                                            1139400400027 
 1.64   -02 2.35   +00                                            1139400400028 
 1.70   -02 2.55   +00                                            1139400400029 
 1.71   -02 2.35   +00                                            1139400400030 
 1.71   -02 2.10   +00                                            1139400400031 
 1.80   -02 2.00   +00                                            1139400400032 
 1.84   -02 2.35   +00                                            1139400400033 
 1.90   -02 2.30   +00                                            1139400400034 
 1.95   -02 1.45   +00                                            1139400400035 
 2.00   -02 1.90   +00                                            1139400400036 
 2.04   -02 1.88   +00                                            1139400400037 
 2.10   -02 1.70   +00                                            1139400400038 
 2.10   -02 1.40   +00                                            1139400400039 
 2.15   -02 1.85   +00                                            1139400400040 
 2.20   -02 1.48   +00                                            1139400400041 
 2.25   -02 1.70   +00                                            1139400400042 
 2.35   -02 1.40   +00                                            1139400400043 
 2.40   -02 2.10   +00                                            1139400400044 
 2.45   -02 1.65   +00                                            1139400400045 
 2.47   -02 3.05   +00                                            1139400400046 
 2.50   -02 3.55   +00                                            1139400400047 
 2.50   -02 4.05   +00                                            1139400400048 
 2.53   -02 4.90   +00                                            1139400400049 
 2.55   -02 3.35   +00                                            1139400400050 
 2.57   -02 4.15   +00                                            1139400400051 
 2.60   -02 4.00   +00                                            1139400400052 
 2.65   -02 2.80   +00                                            1139400400053 
 2.70   -02 2.80   +00                                            1139400400054 
 2.74   -02 3.10   +00                                            1139400400055 
 2.80   -02 3.25   +00                                            1139400400056 
 2.80   -02 3.10   +00                                            1139400400057 
 2.85   -02 2.90   +00                                            1139400400058 
 2.90   -02 4.20   +00                                            1139400400059 
 2.95   -02 3.20   +00                                            1139400400060 
 3.00   -02 2.20   +00                                            1139400400061 
 3.00   -02 2.15   +00                                            1139400400062 
 3.10   -02 1.60   +00                                            1139400400063 
 3.10   -02 1.40   +00                                            1139400400064 
 3.20   -02 1.45   +00                                            1139400400065 
 3.20   -02 2.10   +00                                            1139400400066 
 3.30   -02 2.05   +00                                            1139400400067 
 3.30   -02 1.95   +00                                            1139400400068 
 3.40   -02 2.10   +00                                            1139400400069 
 3.40   -02 1.60   +00                                            1139400400070 
 3.40   -02 1.80   +00                                            1139400400071 
 3.40   -02 2.20   +00                                            1139400400072 
 3.43   -02 2.35   +00                                            1139400400073 
 3.44   -02 2.10   +00                                            1139400400074 
 3.46   -02 2.35   +00                                            1139400400075 
 3.50   -02 1.90   +00                                            1139400400076 
 3.50   -02 1.30   +00                                            1139400400077 
 3.54   -02 2.00   +00                                            1139400400078 
 3.58   -02 1.95   +00                                            1139400400079 
 3.64   -02 2.00   +00                                            1139400400080 
 3.70   -02 2.25   +00                                            1139400400081 
 3.70   -02 1.65   +00                                            1139400400082 
 3.74   -02 2.20   +00                                            1139400400083 
 3.76   -02 2.60   +00                                            1139400400084 
 3.78   -02 1.95   +00                                            1139400400085 
 3.78   -02 2.70   +00                                            1139400400086 
 3.80   -02 2.75   +00                                            1139400400087 
 3.85   -02 2.73   +00                                            1139400400088 
 3.90   -02 2.30   +00                                            1139400400089 
 3.90   -02 2.05   +00                                            1139400400090 
 3.92   -02 2.40   +00                                            1139400400091 
 3.95   -02 1.85   +00                                            1139400400092 
 3.98   -02 2.13   +00                                            1139400400093 
 4.00   -02 1.55   +00                                            1139400400094 
 4.05   -02 1.75   +00                                            1139400400095 
 4.10   -02 1.60   +00                                            1139400400096 
 4.10   -02 1.00   +00                                            1139400400097 
 4.14   -02 2.10   +00                                            1139400400098 
 4.20   -02 4.25   +00                                            1139400400099 
 4.20   -02 4.00   +00                                            1139400400100 
 4.25   -02 5.45   +00                                            1139400400101 
 4.26   -02 6.35   +00                                            1139400400102 
 4.29   -02 6.95   +00                                            1139400400103 
 4.30   -02 7.95   +00                                            1139400400104 
 4.32   -02 6.20   +00                                            1139400400105 
 4.34   -02 6.40   +00                                            1139400400106 
 4.40   -02 5.30   +00                                            1139400400107 
 4.40   -02 4.45   +00                                            1139400400108 
 4.45   -02 3.85   +00                                            1139400400109 
 4.50   -02 3.15   +00                                            1139400400110 
 4.50   -02 2.85   +00                                            1139400400111 
 4.54   -02 4.70   +00                                            1139400400112 
 4.54   -02 3.45   +00                                            1139400400113 
 4.58   -02 3.50   +00                                            1139400400114 
 4.58   -02 2.85   +00                                            1139400400115 
 4.65   -02 3.25   +00                                            1139400400116 
 4.70   -02 2.95   +00                                            1139400400117 
 4.70   -02 2.30   +00                                            1139400400118 
 4.75   -02 2.48   +00                                            1139400400119 
 4.80   -02 2.10   +00                                            1139400400120 
 4.80   -02 1.60   +00                                            1139400400121 
 4.85   -02 2.05   +00                                            1139400400122 
 4.90   -02 1.40   +00                                            1139400400123 
 4.90   -02 2.05   +00                                            1139400400124 
 4.94   -02 2.30   +00                                            1139400400125 
 5.00   -02 2.30   +00                                            1139400400126 
 5.00   -02 1.45   +00                                            1139400400127 
 5.04   -02 2.30   +00                                            1139400400128 
 5.10   -02 1.55   +00                                            1139400400129 
 5.10   -02 1.40   +00                                            1139400400130 
 5.15   -02 2.55   +00                                            1139400400131 
 5.20   -02 2.35   +00                                            1139400400132 
 5.20   -02 1.60   +00                                            1139400400133 
 5.25   -02 2.28   +00                                            1139400400134 
 5.30   -02 2.90   +00                                            1139400400135 
 5.30   -02 1.95   +00                                            1139400400136 
 5.30   -02 2.13   +00                                            1139400400137 
 5.34   -02 2.80   +00                                            1139400400138 
 5.34   -02 2.15   +00                                            1139400400139 
 5.40   -02 2.45   +00                                            1139400400140 
 5.40   -02 1.10   +00                                            1139400400141 
 5.40   -02 1.80   +00                                            1139400400142 
 5.45   -02 1.75   +00                                            1139400400143 
 5.50   -02 1.80   +00                                            1139400400144 
 5.50   -02 1.35   +00                                            1139400400145 
 5.55   -02 2.00   +00                                            1139400400146 
 5.60   -02 1.80   +00                                            1139400400147 
 5.60   -02 1.10   +00                                            1139400400148 
 5.65   -02 1.90   +00                                            1139400400149 
 5.70   -02 5.00   +00                                            1139400400150 
 5.70   -02 4.10   +00                                            1139400400151 
 5.72   -02 5.08   +00                                            1139400400152 
 5.75   -02 6.05   +00                                            1139400400153 
 5.77   -02 6.65   +00                                            1139400400154 
 5.79   -02 8.25   +00                                            1139400400155 
 5.80   -02 8.85   +00                                            1139400400156 
 5.85   -02 7.63   +00                                            1139400400157 
 5.90   -02 8.10   +00                                            1139400400158 
 5.90   -02 6.55   +00                                            1139400400159 
 5.95   -02 5.30   +00                                            1139400400160 
 6.00   -02 5.20   +00                                            1139400400161 
 6.00   -02 4.50   +00                                            1139400400162 
 6.05   -02 4.15   +00                                            1139400400163 
 6.10   -02 3.60   +00                                            1139400400164 
 6.10   -02 3.20   +00                                            1139400400165 
 6.15   -02 3.82   +00                                            1139400400166 
 6.20   -02 3.40   +00                                            1139400400167 
 6.20   -02 3.13   +00                                            1139400400168 
 6.25   -02 3.05   +00                                            1139400400169 
 6.30   -02 2.60   +00                                            1139400400170 
 6.30   -02 1.85   +00                                            1139400400171 
 6.35   -02 3.50   +00                                            1139400400172 
 6.35   -02 2.90   +00                                            1139400400173 
 6.40   -02 2.68   +00                                            1139400400174 
 6.40   -02 2.30   +00                                            1139400400175 
 6.45   -02 2.67   +00                                            1139400400176 
 6.45   -02 2.48   +00                                            1139400400177 
 6.50   -02 2.53   +00                                            1139400400178 
 6.50   -02 2.20   +00                                            1139400400179 
 6.55   -02 2.50   +00                                            1139400400180 
 6.60   -02 3.28   +00                                            1139400400181 
 6.60   -02 3.00   +00                                            1139400400182 
 6.60   -02 3.08   +00                                            1139400400183 
 6.65   -02 3.50   +00                                            1139400400184 
 6.70   -02 4.80   +00                                            1139400400185 
 6.70   -02 4.35   +00                                            1139400400186 
 6.75   -02 6.00   +00                                            1139400400187 
 6.80   -02 8.10   +00                                            1139400400188 
 6.80   -02 6.75   +00                                            1139400400189 
 6.85   -02 7.30   +00                                            1139400400190 
 6.89   -02 6.88   +00                                            1139400400191 
 6.90   -02 8.35   +00                                            1139400400192 
 6.95   -02 5.73   +00                                            1139400400193 
 7.00   -02 4.65   +00                                            1139400400194 
 7.00   -02 5.98   +00                                            1139400400195 
 7.05   -02 4.15   +00                                            1139400400196 
 7.09   -02 3.30   +00                                            1139400400197 
 7.10   -02 4.80   +00                                            1139400400198 
 7.15   -02 3.15   +00                                            1139400400199 
 7.20   -02 3.17   +00                                            1139400400200 
 7.20   -02 2.95   +00                                            1139400400201 
 7.25   -02 2.90   +00                                            1139400400202 
 7.30   -02 2.25   +00                                            1139400400203 
 7.30   -02 3.00   +00                                            1139400400204 
 7.35   -02 3.70   +00                                            1139400400205 
 7.40   -02 2.80   +00                                            1139400400206 
 7.40   -02 2.65   +00                                            1139400400207 
 7.45   -02 2.65   +00                                            1139400400208 
 7.50   -02 1.90   +00                                            1139400400209 
 7.50   -02 2.80   +00                                            1139400400210 
 7.55   -02 2.43   +00                                            1139400400211 
 7.60   -02 2.50   +00                                            1139400400212 
 7.65   -02 1.96   +00                                            1139400400213 
 7.70   -02 1.88   +00                                            1139400400214 
 7.70   -02 1.00   +00                                            1139400400215 
 7.75   -02 2.23   +00                                            1139400400216 
 7.75   -02 2.38   +00                                            1139400400217 
 7.80   -02 2.23   +00                                            1139400400218 
 7.80   -02 1.68   +00                                            1139400400219 
 7.90   -02 2.00   +00                                            1139400400220 
 7.90   -02 1.53   +00                                            1139400400221 
 7.95   -02 2.50   +00                                            1139400400222 
 8.00   -02 2.00   +00                                            1139400400223 
 8.00   -02 1.65   +00                                            1139400400224 
 8.10   -02 2.10   +00                                            1139400400225 
 8.20   -02 2.00   +00                                            1139400400226 
 8.30   -02 1.60   +00                                            1139400400227 
 8.40   -02 1.55   +00                                            1139400400228 
 8.50   -02 1.70   +00                                            1139400400229 
 8.60   -02 1.80   +00                                            1139400400230 
 8.60   -02 1.65   +00                                            1139400400231 
 8.70   -02 2.95   +00                                            1139400400232 
 8.70   -02 2.55   +00                                            1139400400233 
 8.80   -02 3.36   +00                                            1139400400234 
 8.90   -02 2.25   +00                                            1139400400235 
 8.90   -02 2.65   +00                                            1139400400236 
 9.00   -02 1.68   +00                                            1139400400237 
 9.10   -02 1.78   +00                                            1139400400238 
 9.20   -02 1.85   +00                                            1139400400239 
 9.30   -02 1.70   +00                                            1139400400240 
 9.40   -02 1.18   +00                                            1139400400241 
 9.40   -02 1.05   +00                                            1139400400242 
 9.49   -02 2.15   +00                                            1139400400243 
 9.50   -02 2.30   +00                                            1139400400244 
 9.60   -02 3.70   +00                                            1139400400245 
 9.60   -02 3.15   +00                                            1139400400246 
 9.70   -02 3.70   +00                                            1139400400247 
 9.70   -02 3.48   +00                                            1139400400248 
 9.80   -02 2.65   +00                                            1139400400249 
 9.90   -02 2.40   +00                                            1139400400250 
 1.000  -01 2.42   +00                                            1139400400251 
 1.010  -01 2.14   +00                                            1139400400252 
 1.020  -01 2.20   +00                                            1139400400253 
 1.030  -01 1.68   +00                                            1139400400254 
 1.040  -01 2.00   +00                                            1139400400255 
 1.050  -01 1.75   +00                                            1139400400256 
 1.060  -01 4.15   +00                                            1139400400257 
 1.060  -01 2.10   +00                                            1139400400258 
 1.070  -01 4.90   +00                                            1139400400259 
 1.080  -01 5.70   +00                                            1139400400260 
 1.100  -01 4.40   +00                                            1139400400261 
 1.110  -01 2.70   +00                                            1139400400262 
 1.120  -01 2.78   +00                                            1139400400263 
 1.130  -01 1.85   +00                                            1139400400264 
 1.140  -01 1.20   +00                                            1139400400265 
 1.150  -01 2.00   +00                                            1139400400266 
 1.160  -01 1.75   +00                                            1139400400267 
 1.160  -01 1.85   +00                                            1139400400268 
 1.170  -01 2.20   +00                                            1139400400269 
 1.180  -01 4.18   +00                                            1139400400270 
 1.200  -01 1.40   +00                                            1139400400271 
 1.220  -01 1.90   +00                                            1139400400272 
 1.240  -01 1.65   +00                                            1139400400273 
 1.260  -01 1.75   +00                                            1139400400274 
 1.280  -01 1.55   +00                                            1139400400275 
 1.300  -01 1.95   +00                                            1139400400276 
 1.300  -01 2.20   +00                                            1139400400277 
 1.310  -01 2.50   +00                                            1139400400278 
 1.320  -01 2.45   +00                                            1139400400279 
 1.320  -01 2.53   +00                                            1139400400280 
 1.330  -01 2.30   +00                                            1139400400281 
 1.340  -01 2.00   +00                                            1139400400282 
 1.350  -01 2.50   +00                                            1139400400283 
 1.360  -01 2.10   +00                                            1139400400284 
 1.380  -01 1.70   +00                                            1139400400285 
 1.420  -01 1.70   +00                                            1139400400286 
 1.420  -01 1.90   +00                                            1139400400287 
 1.430  -01 1.88   +00                                            1139400400288 
 1.440  -01 2.25   +00                                            1139400400289 
 1.440  -01 2.10   +00                                            1139400400290 
 1.450  -01 2.75   +00                                            1139400400291 
 1.460  -01 2.45   +00                                            1139400400292 
 1.460  -01 2.85   +00                                            1139400400293 
 1.470  -01 2.35   +00                                            1139400400294 
 1.480  -01 2.50   +00                                            1139400400295 
 1.480  -01 2.63   +00                                            1139400400296 
 1.490  -01 2.23   +00                                            1139400400297 
 1.500  -01 2.00   +00                                            1139400400298 
 1.520  -01 2.70   +00                                            1139400400299 
 1.520  -01 2.90   +00                                            1139400400300 
 1.530  -01 3.25   +00                                            1139400400301 
 1.540  -01 4.23   +00                                            1139400400302 
 1.545  -01 4.30   +00                                            1139400400303 
 1.550  -01 4.20   +00                                            1139400400304 
 1.560  -01 3.20   +00                                            1139400400305 
 1.570  -01 2.40   +00                                            1139400400306 
 1.580  -01 2.35   +00                                            1139400400307 
 1.600  -01 1.45   +00                                            1139400400308 
 1.620  -01 2.35   +00                                            1139400400309 
 1.630  -01 3.35   +00                                            1139400400310 
 1.640  -01 2.25   +00                                            1139400400311 
 1.650  -01 2.18   +00                                            1139400400312 
 1.650  -01 1.54   +00                                            1139400400313 
 1.660  -01 1.40   +00                                            1139400400314 
 1.680  -01 1.45   +00                                            1139400400315 
 1.700  -01 1.98   +00                                            1139400400316 
 1.700  -01 1.55   +00                                            1139400400317 
 1.710  -01 1.25   +00                                            1139400400318 
 1.730  -01 8.5    -01                                            1139400400319 
 1.750  -01 1.25   +00                                            1139400400320 
 1.775  -01 2.55   +00                                            1139400400321 
 1.800  -01 1.50   +00                                            1139400400322 
 1.850  -01 9.0    -01                                            1139400400323 
 1.850  -01 1.65   +00                                            1139400400324 
 1.890  -01 8.0    -01                                            1139400400325 
 1.920  -01 1.65   +00                                            1139400400326 
 1.930  -01 2.30   +00                                            1139400400327 
 1.930  -01 3.05   +00                                            1139400400328 
 1.950  -01 2.00   +00                                            1139400400329 
 1.950  -01 1.30   +00                                            1139400400330 
 1.970  -01 1.80   +00                                            1139400400331 
 2.000  -01 2.35   +00                                            1139400400332 
 2.040  -01 8.0    -01                                            1139400400333 
 2.080  -01 8.0    -01                                            1139400400334 
 2.120  -01 1.70   +00                                            1139400400335 
 2.120  -01 7.8    -01                                            1139400400336 
 2.160  -01 1.20   +00                                            1139400400337 
 2.180  -01 9.5    -01                                            1139400400338 
 2.180  -01 1.90   +00                                            1139400400339 
 2.180  -01 2.50   +00                                            1139400400340 
 2.200  -01 1.70   +00                                            1139400400341 
 2.240  -01 1.90   +00                                            1139400400342 
 2.280  -01 2.20   +00                                            1139400400343 
 2.320  -01 7.5    -01                                            1139400400344 
 2.360  -01 1.10   +00                                            1139400400345 
 2.400  -01 1.30   +00                                            1139400400346 
 2.420  -01 2.90   +00                                            1139400400347 
 2.440  -01 3.90   +00                                            1139400400348 
 2.440  -01 3.05   +00                                            1139400400349 
 2.440  -01 3.50   +00                                            1139400400350 
 2.460  -01 2.20   +00                                            1139400400351 
 2.480  -01 2.68   +00                                            1139400400352 
 2.480  -01 2.55   +00                                            1139400400353 
 2.520  -01 9.5    -01                                            1139400400354 
 2.560  -01 1.77   +00                                            1139400400355 
 2.600  -01 8.0    -01                                            1139400400356 
 2.620  -01 1.03   +00                                            1139400400357 
 2.640  -01 1.30   +00                                            1139400400358 
 2.660  -01 1.15   +00                                            1139400400359 
 2.680  -01 1.23   +00                                            1139400400360 
 2.700  -01 9.7    -01                                            1139400400361 
 2.720  -01 1.83   +00                                            1139400400362 
 2.740  -01 1.97   +00                                            1139400400363 
 2.760  -01 2.55   +00                                            1139400400364 
 2.780  -01 2.85   +00                                            1139400400365 
 2.800  -01 3.10   +00                                            1139400400366 
 2.820  -01 3.55   +00                                            1139400400367 
 2.840  -01 3.90   +00                                            1139400400368 
 2.840  -01 4.30   +00                                            1139400400369 
 2.860  -01 4.55   +00                                            1139400400370 
 2.880  -01 4.37   +00                                            1139400400371 
 2.900  -01 2.97   +00                                            1139400400372 
 2.900  -01 3.26   +00                                            1139400400373 
 2.920  -01 2.20   +00                                            1139400400374 
 2.940  -01 1.90   +00                                            1139400400375 
 2.960  -01 2.78   +00                                            1139400400376 
 2.980  -01 4.05   +00                                            1139400400377 
 2.990  -01 3.80   +00                                            1139400400378 
 3.000  -01 5.08   +00                                            1139400400379 
 3.000  -01 4.92   +00                                            1139400400380 
 3.000  -01 4.35   +00                                            1139400400381 
 3.010  -01 4.60   +00                                            1139400400382 
 3.020  -01 3.85   +00                                            1139400400383 
 3.020  -01 3.95   +00                                            1139400400384 
 3.040  -01 3.35   +00                                            1139400400385 
 3.060  -01 2.80   +00                                            1139400400386 
 3.080  -01 2.30   +00                                            1139400400387 
 3.080  -01 2.80   +00                                            1139400400388 
 3.100  -01 3.15   +00                                            1139400400389 
 3.100  -01 1.90   +00                                            1139400400390 
 3.120  -01 1.45   +00                                            1139400400391 
 3.140  -01 9.5    -01                                            1139400400392 
 3.160  -01 1.95   +00                                            1139400400393 
ENDDATA            381          0                                 1139400400394 
ENDSUBENT          393          0                                 1139400499999 
SUBENT        11394005   19860212                             00001139400500001 
BIB                  5          5                                 1139400500002 
REACTION   (13-AL-27(N,TOT),,SIG)                                 1139400500003 
REFERENCE  (J,PR,99,1625(11),5509)                                1139400500004 
SAMPLE     SAMPLE THICKNESS 2.163E+23 ATOMS/CM**2.                1139400500005 
STATUS     (CURVE) DATA READ FROM GRAPH                           1139400500006 
HISTORY    (840530A) MOVED FROM 11607.                            1139400500007 
ENDBIB               5          0                                 1139400500008 
NOCOMMON             0          0                                 1139400500009 
DATA                 2        166                                 1139400500010 
EN         DATA                                                   1139400500011 
KEV        B                                                      1139400500012 
 7.0640E-01 1.5438E+00                                            1139400500013 
 1.0596E+00 1.3200E+00                                            1139400500014 
 1.5894E+00 1.6333E+00                                            1139400500015 
 1.9426E+00 1.4095E+00                                            1139400500016 
 2.6490E+00 1.2977E+00                                            1139400500017 
 3.1788E+00 1.2977E+00                                            1139400500018 
 3.5320E+00 1.3200E+00                                            1139400500019 
 4.0618E+00 1.3200E+00                                            1139400500020 
 4.4150E+00 1.3200E+00                                            1139400500021 
 4.9448E+00 1.2305E+00                                            1139400500022 
 5.6512E+00 1.2305E+00                                            1139400500023 
 5.8278E+00 1.5214E+00                                            1139400500024 
 6.3576E+00 1.8346E+00                                            1139400500025 
 6.5342E+00 1.5214E+00                                            1139400500026 
 6.8874E+00 1.4095E+00                                            1139400500027 
 7.0640E+00 1.7451E+00                                            1139400500028 
 7.4172E+00 1.4319E+00                                            1139400500029 
 7.5938E+00 1.6109E+00                                            1139400500030 
 7.9470E+00 1.5214E+00                                            1139400500031 
 8.1236E+00 1.2305E+00                                            1139400500032 
 8.4768E+00 1.4095E+00                                            1139400500033 
 8.8300E+00 1.5438E+00                                            1139400500034 
 9.5364E+00 1.5438E+00                                            1139400500035 
 1.0419E+01 1.2305E+00                                            1139400500036 
 1.1479E+01 1.0963E+00                                            1139400500037 
 1.2362E+01 1.5438E+00                                            1139400500038 
 1.3422E+01 1.2305E+00                                            1139400500039 
 1.4481E+01 1.2082E+00                                            1139400500040 
 1.5541E+01 1.0292E+00                                            1139400500041 
 1.5894E+01 9.3969E-01                                            1139400500042 
 1.6424E+01 1.0292E+00                                            1139400500043 
 1.7484E+01 9.1732E-01                                            1139400500044 
 1.8543E+01 1.0292E+00                                            1139400500045 
 1.9426E+01 9.1732E-01                                            1139400500046 
 2.0486E+01 1.0292E+00                                            1139400500047 
 2.3488E+01 8.2782E-01                                            1139400500048 
 2.4547E+01 8.0545E-01                                            1139400500049 
 2.5430E+01 1.0292E+00                                            1139400500050 
 2.6313E+01 6.2646E-01                                            1139400500051 
 2.7373E+01 8.2782E-01                                            1139400500052 
 2.7373E+01 1.0292E+00                                            1139400500053 
 2.8609E+01 9.3969E-01                                            1139400500054 
 2.9316E+01 1.1411E+00                                            1139400500055 
 3.0375E+01 1.3424E+00                                            1139400500056 
 3.1435E+01 1.6556E+00                                            1139400500057 
 3.2318E+01 2.3716E+00                                            1139400500058 
 3.3201E+01 3.2889E+00                                            1139400500059 
 3.4084E+01 4.4300E+00                                            1139400500060 
 3.5320E+01 5.4368E+00                                            1139400500061 
 3.6203E+01 6.1527E+00                                            1139400500062 
 3.7086E+01 6.4436E+00                                            1139400500063 
 3.8146E+01 6.7568E+00                                            1139400500064 
 3.9205E+01 7.1595E+00                                            1139400500065 
 4.0265E+01 6.1304E+00                                            1139400500066 
 4.1325E+01 5.4368E+00                                            1139400500067 
 4.2208E+01 4.9222E+00                                            1139400500068 
 4.3267E+01 4.6089E+00                                            1139400500069 
 4.4327E+01 4.2062E+00                                            1139400500070 
 4.5210E+01 4.1167E+00                                            1139400500071 
 4.6269E+01 3.6916E+00                                            1139400500072 
 4.7329E+01 3.6916E+00                                            1139400500073 
 4.8389E+01 3.3784E+00                                            1139400500074 
 4.9272E+01 3.1547E+00                                            1139400500075 
 5.0331E+01 2.9757E+00                                            1139400500076 
 5.1391E+01 2.7519E+00                                            1139400500077 
 5.2450E+01 2.7743E+00                                            1139400500078 
 5.3333E+01 2.5730E+00                                            1139400500079 
 5.4216E+01 1.9465E+00                                            1139400500080 
 5.5453E+01 2.3492E+00                                            1139400500081 
 5.6336E+01 1.9689E+00                                            1139400500082 
 5.7395E+01 1.9689E+00                                            1139400500083 
 5.8278E+01 2.0584E+00                                            1139400500084 
 5.9514E+01 1.5661E+00                                            1139400500085 
 6.0221E+01 2.0360E+00                                            1139400500086 
 6.0221E+01 1.4767E+00                                            1139400500087 
 6.1280E+01 1.9465E+00                                            1139400500088 
 6.2340E+01 1.6556E+00                                            1139400500089 
 6.3400E+01 1.6333E+00                                            1139400500090 
 6.4459E+01 1.6556E+00                                            1139400500091 
 6.4459E+01 1.5438E+00                                            1139400500092 
 6.5166E+01 1.7451E+00                                            1139400500093 
 6.5342E+01 1.6333E+00                                            1139400500094 
 6.6225E+01 1.5214E+00                                            1139400500095 
 6.7461E+01 1.7451E+00                                            1139400500096 
 6.8344E+01 1.5438E+00                                            1139400500097 
 6.9404E+01 1.6556E+00                                            1139400500098 
 7.0287E+01 1.7451E+00                                            1139400500099 
 7.1347E+01 1.7451E+00                                            1139400500100 
 7.2406E+01 1.4319E+00                                            1139400500101 
 7.3466E+01 1.6109E+00                                            1139400500102 
 7.4172E+01 1.9465E+00                                            1139400500103 
 7.5232E+01 2.1479E+00                                            1139400500104 
 7.6291E+01 2.1479E+00                                            1139400500105 
 7.7351E+01 2.5506E+00                                            1139400500106 
 7.8234E+01 2.9981E+00                                            1139400500107 
 7.9294E+01 3.2889E+00                                            1139400500108 
 8.0177E+01 3.5126E+00                                            1139400500109 
 8.1060E+01 4.2510E+00                                            1139400500110 
 8.2119E+01 5.2802E+00                                            1139400500111 
 8.3355E+01 6.1751E+00                                            1139400500112 
 8.4415E+01 6.6897E+00                                            1139400500113 
 8.5121E+01 7.4056E+00                                            1139400500114 
 8.6004E+01 8.2111E+00                                            1139400500115 
 8.7064E+01 8.0321E+00                                            1139400500116 
 8.7947E+01 8.4125E+00                                            1139400500117 
 8.9007E+01 9.1508E+00                                            1139400500118 
 9.0066E+01 9.0613E+00                                            1139400500119 
 9.0949E+01 9.0613E+00                                            1139400500120 
 9.2185E+01 8.9494E+00                                            1139400500121 
 9.3068E+01 8.4348E+00                                            1139400500122 
 9.4305E+01 7.9426E+00                                            1139400500123 
 9.5011E+01 7.6070E+00                                            1139400500124 
 9.5894E+01 6.8016E+00                                            1139400500125 
 9.6954E+01 6.3765E+00                                            1139400500126 
 9.8190E+01 5.7500E+00                                            1139400500127 
 9.9249E+01 5.8619E+00                                            1139400500128 
 1.0013E+02 5.6381E+00                                            1139400500129 
 1.0119E+02 4.7432E+00                                            1139400500130 
 1.0208E+02 4.6313E+00                                            1139400500131 
 1.0437E+02 4.1167E+00                                            1139400500132 
 1.0543E+02 4.3181E+00                                            1139400500133 
 1.0737E+02 3.5126E+00                                            1139400500134 
 1.0843E+02 2.9533E+00                                            1139400500135 
 1.0949E+02 2.9757E+00                                            1139400500136 
 1.1055E+02 2.9757E+00                                            1139400500137 
 1.1196E+02 2.6848E+00                                            1139400500138 
 1.1285E+02 2.4611E+00                                            1139400500139 
 1.1408E+02 2.8638E+00                                            1139400500140 
 1.1532E+02 2.7743E+00                                            1139400500141 
 1.1638E+02 2.9757E+00                                            1139400500142 
 1.1762E+02 3.2665E+00                                            1139400500143 
 1.1868E+02 4.7208E+00                                            1139400500144 
 1.1974E+02 5.4368E+00                                            1139400500145 
 1.2097E+02 5.6381E+00                                            1139400500146 
 1.2185E+02 4.7656E+00                                            1139400500147 
 1.2327E+02 3.8482E+00                                            1139400500148 
 1.2433E+02 2.7072E+00                                            1139400500149 
 1.2539E+02 2.2821E+00                                            1139400500150 
 1.2662E+02 2.0360E+00                                            1139400500151 
 1.2768E+02 2.1031E+00                                            1139400500152 
 1.2874E+02 1.5661E+00                                            1139400500153 
 1.3015E+02 1.8794E+00                                            1139400500154 
 1.3121E+02 1.8570E+00                                            1139400500155 
 1.3245E+02 1.9912E+00                                            1139400500156 
 1.3351E+02 2.2821E+00                                            1139400500157 
 1.3492E+02 2.2821E+00                                            1139400500158 
 1.3598E+02 3.1323E+00                                            1139400500159 
 1.3687E+02 3.8259E+00                                            1139400500160 
 1.3792E+02 4.2510E+00                                            1139400500161 
 1.3916E+02 5.0788E+00                                            1139400500162 
 1.4057E+02 5.4591E+00                                            1139400500163 
 1.4163E+02 6.1751E+00                                            1139400500164 
 1.4252E+02 6.6002E+00                                            1139400500165 
 1.4393E+02 6.8911E+00                                            1139400500166 
 1.4499E+02 7.3161E+00                                            1139400500167 
 1.4623E+02 7.6070E+00                                            1139400500168 
 1.4728E+02 7.6294E+00                                            1139400500169 
 1.4852E+02 7.7189E+00                                            1139400500170 
 1.4958E+02 7.7189E+00                                            1139400500171 
 1.5064E+02 7.8979E+00                                            1139400500172 
 1.5188E+02 7.7412E+00                                            1139400500173 
 1.5311E+02 7.8307E+00                                            1139400500174 
 1.5435E+02 8.0097E+00                                            1139400500175 
 1.5541E+02 8.3901E+00                                            1139400500176 
 1.5664E+02 8.8599E+00                                            1139400500177 
 1.5770E+02 9.1508E+00                                            1139400500178 
ENDDATA            168          0                                 1139400500179 
ENDSUBENT          178          0                                 1139400599999 
SUBENT        11394006   19840530                             00001139400600001 
BIB                  4          4                                 1139400600002 
REACTION   (19-K-41(N,TOT),,SIG)                                  1139400600003 
SAMPLE     SAMPLE THICKNESS 1.097E+22 ATOMS/CM2.                  1139400600004 
STATUS     (CURVE) DATA READ FROM GRAPH                           1139400600005 
HISTORY    (840530A) MOVED FROM 11607.                            1139400600006 
ENDBIB               4          0                                 1139400600007 
NOCOMMON             0          0                                 1139400600008 
DATA                 2        188                                 1139400600009 
EN         DATA                                                   1139400600010 
KEV        B                                                      1139400600011 
 2.1074E+00 2.4873E+00                                            1139400600012 
 3.3368E+00 2.6904E-01                                            1139400600013 
 4.3905E+00-9.5685E-01                                            1139400600014 
 4.7417E+00 1.1536E+01                                            1139400600015 
 5.6198E+00 1.4513E+01                                            1139400600016 
 5.7955E+00 1.1477E+01                                            1139400600017 
 7.0248E+00 4.9391E+00                                            1139400600018 
 8.2541E+00 1.5228E-01                                            1139400600019 
 9.3079E+00 3.2741E-01                                            1139400600020 
 9.8347E+00-8.1218E-02                                            1139400600021 
 1.0010E+01 5.8147E+00                                            1139400600022 
 1.1064E+01 4.7640E+00                                            1139400600023 
 1.2293E+01 1.9619E+00                                            1139400600024 
 1.3171E+01 1.4949E+00                                            1139400600025 
 1.4928E+01 2.8376E+00                                            1139400600026 
 1.5455E+01 1.8452E+00                                            1139400600027 
 1.6333E+01 4.1802E+00                                            1139400600028 
 1.6684E+01 8.5000E+00                                            1139400600029 
 1.7211E+01 9.2005E+00                                            1139400600030 
 1.7562E+01 5.9898E+00                                            1139400600031 
 1.8089E+01 2.4873E+00                                            1139400600032 
 1.8089E+01 6.1650E+00                                            1139400600033 
 1.8440E+01 5.5812E+00                                            1139400600034 
 1.8967E+01 5.0254E-01                                            1139400600035 
 1.8967E+01 1.4365E+00                                            1139400600036 
 1.9494E+01 2.0203E+00                                            1139400600037 
 2.0021E+01-2.9416E+00                                            1139400600038 
 2.0196E+01 1.8452E+00                                            1139400600039 
 2.0548E+01 2.9543E+00                                            1139400600040 
 2.1074E+01 4.8223E+00                                            1139400600041 
 2.1074E+01 1.0863E+00                                            1139400600042 
 2.1426E+01 1.8452E+00                                            1139400600043 
 2.1601E+01 2.7792E+00                                            1139400600044 
 2.2128E+01 2.6904E-01                                            1139400600045 
 2.2479E+01 2.0203E+00                                            1139400600046 
 2.2655E+01 1.1447E+00                                            1139400600047 
 2.3709E+01 3.5381E+00                                            1139400600048 
 2.3884E+01 6.2817E+00                                            1139400600049 
 2.4411E+01 8.1497E+00                                            1139400600050 
 2.4587E+01 1.0718E+01                                            1139400600051 
 2.4938E+01 1.4805E+01                                            1139400600052 
 2.4938E+01 1.1827E+01                                            1139400600053 
 2.5114E+01 1.6030E+01                                            1139400600054 
 2.5289E+01 9.9010E+00                                            1139400600055 
 2.5465E+01 1.2470E+01                                            1139400600056 
 2.5992E+01 6.5736E+00                                            1139400600057 
 2.5992E+01 6.8071E+00                                            1139400600058 
 2.6343E+01 1.6117E+00                                            1139400600059 
 2.7045E+01 5.1726E+00                                            1139400600060 
 2.7572E+01 3.1294E+00                                            1139400600061 
 2.8099E+01 4.1218E+00                                            1139400600062 
 2.8099E+01 4.0051E+00                                            1139400600063 
 2.8275E+01 8.6751E+00                                            1139400600064 
 2.9153E+01 2.4873E+00                                            1139400600065 
 2.9504E+01 1.2030E+00                                            1139400600066 
 3.0733E+01 9.6954E-01                                            1139400600067 
 3.1085E+01 7.3604E-01                                            1139400600068 
 3.1260E+01 9.6954E-01                                            1139400600069 
 3.2138E+01 1.0863E+00                                            1139400600070 
 3.3192E+01 9.1117E-01                                            1139400600071 
 3.3192E+01 5.0254E-01                                            1139400600072 
 3.4070E+01 1.8452E+00                                            1139400600073 
 3.4070E+01 1.2614E+00                                            1139400600074 
 3.4246E+01 1.2030E+00                                            1139400600075 
 3.4421E+01 3.0711E+00                                            1139400600076 
 3.4773E+01 1.4949E+00                                            1139400600077 
 3.4948E+01 3.8579E-01                                            1139400600078 
 3.5300E+01 1.3782E+00                                            1139400600079 
 3.6002E+01 2.3706E+00                                            1139400600080 
 3.6178E+01 1.9619E+00                                            1139400600081 
 3.6880E+01 5.1726E+00                                            1139400600082 
 3.7056E+01 2.7208E+00                                            1139400600083 
 3.7407E+01 7.1574E+00                                            1139400600084 
 3.7583E+01 1.0602E+01                                            1139400600085 
 3.7758E+01 1.3695E+01                                            1139400600086 
 3.7934E+01 1.4279E+01                                            1139400600087 
 3.8110E+01 1.2353E+01                                            1139400600088 
 3.8285E+01 1.7898E+01                                            1139400600089 
 3.8285E+01 1.4046E+01                                            1139400600090 
 3.8285E+01 1.2761E+01                                            1139400600091 
 3.8988E+01 1.4513E+01                                            1139400600092 
 3.9339E+01 1.5096E+01                                            1139400600093 
 3.9514E+01 1.0602E+01                                            1139400600094 
 3.9866E+01 6.8655E+00                                            1139400600095 
 4.0217E+01 8.7919E+00                                            1139400600096 
 4.0568E+01 6.2234E+00                                            1139400600097 
 4.0568E+01 8.9086E+00                                            1139400600098 
 4.0919E+01 5.6396E+00                                            1139400600099 
 4.1973E+01 6.2817E+00                                            1139400600100 
 4.2676E+01 5.5228E+00                                            1139400600101 
 4.2676E+01 7.3325E+00                                            1139400600102 
 4.3378E+01 3.5381E+00                                            1139400600103 
 4.3378E+01 5.4645E+00                                            1139400600104 
 4.4081E+01 4.8807E+00                                            1139400600105 
 4.4959E+01 2.7792E+00                                            1139400600106 
 4.5134E+01-3.7310E-01                                            1139400600107 
 4.5837E+01 4.8807E+00                                            1139400600108 
 4.6188E+01 3.1878E+00                                            1139400600109 
 4.6539E+01 3.8299E+00                                            1139400600110 
 4.7066E+01 2.5457E+00                                            1139400600111 
 4.7242E+01-6.6497E-01                                            1139400600112 
 4.7242E+01 1.6117E+00                                            1139400600113 
 4.7417E+01 3.0711E+00                                            1139400600114 
 4.8120E+01 1.2614E+00                                            1139400600115 
 4.8120E+01 2.1954E+00                                            1139400600116 
 4.8647E+01 4.7640E+00                                            1139400600117 
 5.0052E+01 4.8223E+00                                            1139400600118 
 5.0403E+01 2.5457E+00                                            1139400600119 
 5.0579E+01 9.6954E-01                                            1139400600120 
 5.1281E+01-8.4010E-01                                            1139400600121 
 5.1632E+01 1.8452E+00                                            1139400600122 
 5.1983E+01 9.1117E-01                                            1139400600123 
 5.2335E+01 9.6954E-01                                            1139400600124 
 5.3213E+01 9.1117E-01                                            1139400600125 
 5.3564E+01 1.6117E+00                                            1139400600126 
 5.3564E+01 1.5228E-01                                            1139400600127 
 5.4091E+01 5.6091E-01                                            1139400600128 
 5.4267E+01-1.8909E+00                                            1139400600129 
 5.4442E+01 1.6701E+00                                            1139400600130 
 5.4618E+01 2.3122E+00                                            1139400600131 
 5.5145E+01 3.2741E-01                                            1139400600132 
 5.5496E+01-1.1320E+00                                            1139400600133 
 5.6023E+01 1.3198E+00                                            1139400600134 
 5.6550E+01 3.2741E-01                                            1139400600135 
 5.7076E+01 2.1371E+00                                            1139400600136 
 5.7428E+01 5.5812E+00                                            1139400600137 
 5.7779E+01 4.0051E+00                                            1139400600138 
 5.8657E+01 3.7132E+00                                            1139400600139 
 5.9711E+01 1.7868E+00                                            1139400600140 
 6.0238E+01-6.6497E-01                                            1139400600141 
 6.0589E+01 2.6624E+00                                            1139400600142 
 6.0940E+01 8.5279E-01                                            1139400600143 
 6.1291E+01 2.8376E+00                                            1139400600144 
 6.2872E+01 3.2462E+00                                            1139400600145 
 6.3223E+01 5.3477E+00                                            1139400600146 
 6.4101E+01 3.2741E-01                                            1139400600147 
 6.4979E+01 1.6117E+00                                            1139400600148 
 6.5331E+01 1.0279E+00                                            1139400600149 
 6.6033E+01 3.7716E+00                                            1139400600150 
 6.6384E+01 1.9619E+00                                            1139400600151 
 6.6736E+01 3.8299E+00                                            1139400600152 
 6.7965E+01 9.1117E-01                                            1139400600153 
 6.8667E+01 3.5533E-02                                            1139400600154 
 6.9370E+01 1.9619E+00                                            1139400600155 
 6.9897E+01 1.4365E+00                                            1139400600156 
 7.1302E+01 1.4365E+00                                            1139400600157 
 7.2004E+01-5.4822E-01                                            1139400600158 
 7.2882E+01 5.6980E+00                                            1139400600159 
 7.3585E+01 1.3198E+00                                            1139400600160 
 7.3936E+01 1.3782E+00                                            1139400600161 
 7.4463E+01 1.9036E+00                                            1139400600162 
 7.4990E+01 1.6701E+00                                            1139400600163 
 7.5165E+01 4.0635E+00                                            1139400600164 
 7.5868E+01 3.4797E+00                                            1139400600165 
 7.7097E+01 1.2030E+00                                            1139400600166 
 7.7273E+01 3.6548E+00                                            1139400600167 
 7.7800E+01 5.7563E+00                                            1139400600168 
 7.8326E+01 7.7995E+00                                            1139400600169 
 7.8678E+01 7.9746E+00                                            1139400600170 
 7.9205E+01 8.3832E+00                                            1139400600171 
 8.0258E+01 7.1574E+00                                            1139400600172 
 8.0610E+01 5.0558E+00                                            1139400600173 
 8.0610E+01 6.2817E+00                                            1139400600174 
 8.1839E+01 2.6624E+00                                            1139400600175 
 8.1839E+01 6.9822E+00                                            1139400600176 
 8.2366E+01 4.8807E+00                                            1139400600177 
 8.3244E+01 5.5812E+00                                            1139400600178 
 8.3244E+01 6.6320E+00                                            1139400600179 
 8.3946E+01 3.8579E-01                                            1139400600180 
 8.5702E+01 1.8452E+00                                            1139400600181 
 8.7986E+01 2.0203E+00                                            1139400600182 
 9.0093E+01-7.8173E-01                                            1139400600183 
 9.3957E+01 2.1066E-01                                            1139400600184 
 9.5186E+01 3.5533E-02                                            1139400600185 
 9.5713E+01 1.9036E+00                                            1139400600186 
 9.6591E+01 6.2817E+00                                            1139400600187 
 9.7820E+01 4.4137E+00                                            1139400600188 
 9.8698E+01 3.2462E+00                                            1139400600189 
 9.9576E+01 7.8579E+00                                            1139400600190 
 1.0063E+02 2.7792E+00                                            1139400600191 
 1.0695E+02-1.5406E+00                                            1139400600192 
 1.0765E+02 2.6624E+00                                            1139400600193 
 1.0853E+02 4.7056E+00                                            1139400600194 
 1.0959E+02 6.3401E+00                                            1139400600195 
 1.1082E+02 3.5381E+00                                            1139400600196 
 1.1187E+02 1.9619E+00                                            1139400600197 
 1.1257E+02 3.4797E+00                                            1139400600198 
 1.1363E+02 2.3122E+00                                            1139400600199 
ENDDATA            190          0                                 1139400600200 
ENDSUBENT          199          0                                 1139400699999 
ENDENTRY             6          0                                 1139499999999 
