ENTRY            11393   19820324                             00001139300000001 
SUBENT        11393001   19820324                             00001139300100001 
BIB                  8          9                                 1139300100002 
INSTITUTE  (1USATEX)                                              1139300100003 
REFERENCE  (J,PR,99,643(PA4),5507)                                1139300100004 
AUTHOR     (N.A.BOSTROM,E.L.HUDSPETH,I.L.MORGAN)                  1139300100005 
TITLE      EXCITATION CURVE FOR F-19(N,ALPHA)N-16.                1139300100006 
INC-SPECT  ENERGY RESOLUTION 25 KEV AT E(D)=1 MEV.                1139300100007 
SAMPLE     CA-F(2) SAMPLE                                         1139300100008 
STATUS     (SCSRS)                                                1139300100009 
HISTORY    (761014T) TRANSLATED FROM SCISRS                       1139300100010 
           (820324A) CONVERTED TO REACTION FORMALISM              1139300100011 
ENDBIB               9          0                                 1139300100012 
NOCOMMON             0          0                                 1139300100013 
ENDSUBENT           12          0                                 1139300199999 
SUBENT        11393002   19820324                             00001139300200001 
BIB                  3          3                                 1139300200002 
REACTION   (9-F-19(N,A)7-N-16,,SIG)                               1139300200003 
METHOD     (ACTIV)    ACTIVATION                                  1139300200004 
DECAY-DATA (7-N-16,7.35SEC,B)                                     1139300200005 
ENDBIB               3          0                                 1139300200006 
NOCOMMON             0          0                                 1139300200007 
DATA                 2         62                                 1139300200008 
EN         DATA                                                   1139300200009 
MEV        B                                                      1139300200010 
 3.33   +00 5.00   -03                                            1139300200011 
 3.40   +00 6.00   -03                                            1139300200012 
 3.47   +00 1.10   -02                                            1139300200013 
 3.55   +00 1.80   -02                                            1139300200014 
 3.59   +00 2.40   -02                                            1139300200015 
 3.66   +00 3.00   -02                                            1139300200016 
 3.70   +00 3.60   -02                                            1139300200017 
 3.76   +00 3.40   -02                                            1139300200018 
 3.82   +00 2.90   -02                                            1139300200019 
 3.87   +00 2.60   -02                                            1139300200020 
 3.91   +00 2.70   -02                                            1139300200021 
 3.96   +00 3.80   -02                                            1139300200022 
 4.02   +00 4.70   -02                                            1139300200023 
 4.04   +00 5.10   -02                                            1139300200024 
 4.07   +00 6.10   -02                                            1139300200025 
 4.08   +00 6.70   -02                                            1139300200026 
 4.11   +00 7.30   -02                                            1139300200027 
 4.14   +00 7.70   -02                                            1139300200028 
 4.19   +00 1.08   -01                                            1139300200029 
 4.25   +00 1.37   -01                                            1139300200030 
 4.28   +00 1.56   -01                                            1139300200031 
 4.34   +00 1.72   -01                                            1139300200032 
 4.39   +00 1.62   -01                                            1139300200033 
 4.43   +00 1.43   -01                                            1139300200034 
 4.47   +00 1.42   -01                                            1139300200035 
 4.52   +00 1.41   -01                                            1139300200036 
 4.55   +00 1.33   -01                                            1139300200037 
 4.59   +00 1.42   -01                                            1139300200038 
 4.64   +00 1.56   -01                                            1139300200039 
 4.68   +00 1.74   -01                                            1139300200040 
 4.70   +00 1.98   -01                                            1139300200041 
 4.73   +00 2.17   -01                                            1139300200042 
 4.75   +00 2.06   -01                                            1139300200043 
 4.77   +00 1.98   -01                                            1139300200044 
 4.81   +00 2.03   -01                                            1139300200045 
 4.85   +00 1.93   -01                                            1139300200046 
 4.88   +00 1.85   -01                                            1139300200047 
 4.94   +00 1.59   -01                                            1139300200048 
 4.98   +00 1.54   -01                                            1139300200049 
 5.03   +00 1.52   -01                                            1139300200050 
 5.07   +00 1.49   -01                                            1139300200051 
 5.11   +00 1.74   -01                                            1139300200052 
 5.13   +00 1.82   -01                                            1139300200053 
 5.15   +00 1.78   -01                                            1139300200054 
 5.18   +00 1.73   -01                                            1139300200055 
 5.23   +00 1.78   -01                                            1139300200056 
 5.27   +00 1.91   -01                                            1139300200057 
 5.31   +00 2.38   -01                                            1139300200058 
 5.35   +00 2.38   -01                                            1139300200059 
 5.39   +00 2.37   -01                                            1139300200060 
 5.44   +00 2.52   -01                                            1139300200061 
 5.48   +00 2.64   -01                                            1139300200062 
 5.52   +00 2.74   -01                                            1139300200063 
 5.55   +00 2.88   -01                                            1139300200064 
 5.59   +00 3.10   -01                                            1139300200065 
 5.63   +00 3.11   -01                                            1139300200066 
 5.66   +00 3.07   -01                                            1139300200067 
 5.71   +00 3.03   -01                                            1139300200068 
 5.74   +00 3.08   -01                                            1139300200069 
 5.77   +00 3.26   -01                                            1139300200070 
 5.81   +00 3.13   -01                                            1139300200071 
 5.86   +00 2.97   -01                                            1139300200072 
ENDDATA             64          0                                 1139300200073 
ENDSUBENT           72          0                                 1139300299999 
SUBENT        11393003   19820324                             00001139300300001 
BIB                  2          2                                 1139300300002 
REACTION   (9-F-19(N,0),,EN)                                      1139300300003 
PART-DET   (A).                                                   1139300300004 
ENDBIB               2          0                                 1139300300005 
NOCOMMON             0          0                                 1139300300006 
DATA                 1          7                                 1139300300007 
DATA                                                              1139300300008 
MEV                                                               1139300300009 
 4.17                                                             1139300300010 
 4.68                                                             1139300300011 
 5.04                                                             1139300300012 
 5.40                                                             1139300300013 
 5.59                                                             1139300300014 
 5.90                                                             1139300300015 
 6.08                                                             1139300300016 
ENDDATA              9          0                                 1139300300017 
ENDSUBENT           16          0                                 1139300399999 
ENDENTRY             3          0                                 1139399999999 
