ENTRY            11408   19820813                             00001140800000001 
SUBENT        11408001   19820813                             00001140800100001 
BIB                  7          9                                 1140800100002 
INSTITUTE  (1USAJHU)                                              1140800100003 
REFERENCE  (J,PR,115,122,59)                                      1140800100004 
AUTHOR     (E.N.SHIPLEY,G.E.OWEN,L.MADANSKY)                      1140800100005 
TITLE      ANGULAR DISTRIBUTIONS OF NEUTRONS INELASTIC SCATTERED  1140800100006 
           FROM SODIUM.                                           1140800100007 
N-SOURCE   (D-D) D(D,N) SOURCE                                    1140800100008 
STATUS     (SCSRS)                                                1140800100009 
HISTORY    (761016T) TRANSLATED FROM SCISRS                       1140800100010 
           (820813A) CONVERTED TO REACTION FORMALISM              1140800100011 
ENDBIB               9          0                                 1140800100012 
NOCOMMON             0          0                                 1140800100013 
ENDSUBENT           12          0                                 1140800199999 
SUBENT        11408002   19820813                             00001140800200001 
BIB                  2          2                                 1140800200002 
REACTION   (11-NA-23(N,INL)11-NA-23,PAR,DA)                       1140800200003 
METHOD     (COINC)    COINCIDENCE OF PARTICLES                    1140800200004 
ENDBIB               2          0                                 1140800200005 
COMMON               2          3                                 1140800200006 
E-LVL      ANG-RSL                                                1140800200007 
MEV        ADEG                                                   1140800200008 
 0.439      6.                                                    1140800200009 
ENDCOMMON            3          0                                 1140800200010 
DATA                 5         27                                 1140800200011 
EN         EN-RSL     COS-CM     DATA       DATA-ERR              1140800200012 
MEV        MEV        NO-DIM     MB/SR      MB/SR                 1140800200013 
 3.490  +00 9.5    -02 0.85000    1.85   +01 2.0    +00           1140800200014 
 3.490  +00 9.5    -02 0.69000    2.55   +01 2.5    +00           1140800200015 
 3.490  +00 9.5    -02 0.46000    2.75   +01 2.5    +00           1140800200016 
 3.490  +00 9.5    -02 0.21000    2.95   +01 2.5    +00           1140800200017 
 3.490  +00 9.5    -02-0.0400     2.80   +01 2.5    +00           1140800200018 
 3.490  +00 9.5    -02-0.3000     3.20   +01 2.5    +00           1140800200019 
 3.490  +00 9.5    -02-0.5400     3.70   +01 2.5    +00           1140800200020 
 3.490  +00 9.5    -02-0.7400     2.9    +01 3.     +00           1140800200021 
 3.490  +00 9.5    -02-0.8800     3.8    +01 3.     +00           1140800200022 
 3.750  +00 7.5    -02 0.85000    1.7    +01 2.     +00           1140800200023 
 3.750  +00 7.5    -02 0.67000    2.0    +01 2.     +00           1140800200024 
 3.750  +00 7.5    -02 0.45000    1.85   +01 2.0    +00           1140800200025 
 3.750  +00 7.5    -02 0.20000    2.05   +01 2.0    +00           1140800200026 
 3.750  +00 7.5    -02-0.0500     2.3    +01 2.     +00           1140800200027 
 3.750  +00 7.5    -02-0.3000     2.45   +01 2.0    +00           1140800200028 
 3.750  +00 7.5    -02-0.5300     2.15   +01 2.5    +00           1140800200029 
 3.750  +00 7.5    -02-0.7400     2.30   +01 2.5    +00           1140800200030 
 3.750  +00 7.5    -02-0.8900     2.25   +01 2.5    +00           1140800200031 
 4.000  +00 5.5    -02 0.85000    1.95   +01 1.5    +00           1140800200032 
 4.000  +00 5.5    -02 0.67000    2.05   +01 2.0    +00           1140800200033 
 4.000  +00 5.5    -02 0.47000    1.95   +01 2.0    +00           1140800200034 
 4.000  +00 5.5    -02 0.20000    2.3    +01 2.     +00           1140800200035 
 4.000  +00 5.5    -02-0.0500     2.55   +01 2.0    +00           1140800200036 
 4.000  +00 5.5    -02-0.3000     2.25   +01 2.5    +00           1140800200037 
 4.000  +00 5.5    -02-0.5400     2.40   +01 2.5    +00           1140800200038 
 4.000  +00 5.5    -02-0.7400     2.35   +01 2.5    +00           1140800200039 
 4.000  +00 5.5    -02-0.8900     2.5    +01 3.     +00           1140800200040 
ENDDATA             29          0                                 1140800200041 
ENDSUBENT           40          0                                 1140800299999 
SUBENT        11408003   19820813                             00001140800300001 
BIB                  2          2                                 1140800300002 
REACTION   (11-NA-23(N,INL)11-NA-23,PAR,SIG)                      1140800300003 
STATUS     (DEP)       INTEGRATED ANGULAR DISTRIBUTION            1140800300004 
ENDBIB               2          0                                 1140800300005 
COMMON               1          3                                 1140800300006 
E-LVL                                                             1140800300007 
MEV                                                               1140800300008 
 0.439                                                            1140800300009 
ENDCOMMON            3          0                                 1140800300010 
DATA                 4          3                                 1140800300011 
EN         EN-RSL     DATA       DATA-ERR                         1140800300012 
MEV        MEV        B          B                                1140800300013 
 3.49   +00 9.5    -02 3.7    -01 1.2    -01                      1140800300014 
 3.75   +00 7.5    -02 2.7    -01 9.     -02                      1140800300015 
 4.00   +00 5.5    -02 2.8    -01 9.     -02                      1140800300016 
ENDDATA              5          0                                 1140800300017 
ENDSUBENT           16          0                                 1140800399999 
ENDENTRY             3          0                                 1140899999999 
