ENTRY            11406   19820813                             00001140600000001 
SUBENT        11406001   19820813                             00001140600100001 
BIB                  6          7                                 1140600100002 
INSTITUTE  (1USAORL)                                              1140600100003 
REFERENCE  (J,PR,114,194,59)                                      1140600100004 
AUTHOR     (H.O.COHN,J.L.FOWLER)                                  1140600100005 
TITLE      DIFFERENTIAL ELASTIC SCATTERING OF NEUTRONS FROM NEON. 1140600100006 
STATUS     (SCSRS)                                                1140600100007 
HISTORY    (760715T) TRANSLATED FROM SCISRS                       1140600100008 
           (820813A) CONVERTED TO REACTION FORMALISM              1140600100009 
ENDBIB               7          0                                 1140600100010 
NOCOMMON             0          0                                 1140600100011 
ENDSUBENT           10          0                                 1140600199999 
SUBENT        11406002   19820813                             00001140600200001 
BIB                  3          4                                 1140600200002 
REACTION   (10-NE-0(N,TOT),,SIG)                                  1140600200003 
ERR-ANALYS (ERR-S)STATISTICAL ERROR                               1140600200004 
CORRECTION CORRECTED FOR SECOND GROUP OF NEUTRONS FROM LI-7(P,N)  1140600200005 
            SOURCE.                                               1140600200006 
ENDBIB               4          0                                 1140600200007 
COMMON               2          3                                 1140600200008 
EN-ERR     EN-RSL                                                 1140600200009 
KEV        KEV                                                    1140600200010 
 5.         13.                                                   1140600200011 
ENDCOMMON            3          0                                 1140600200012 
DATA                 3         99                                 1140600200013 
EN         DATA       ERR-S                                       1140600200014 
MEV        B          B                                           1140600200015 
 7.70   -01 3.37   +00 25.    -02                                 1140600200016 
 7.93   -01 3.75   +00 22.    -02                                 1140600200017 
 8.15   -01 3.18   +00 20.    -02                                 1140600200018 
 8.37   -01 3.37   +00 22.    -02                                 1140600200019 
 8.81   -01 3.11   +00 22.    -02                                 1140600200020 
 8.92   -01 3.65   +00 21.    -02                                 1140600200021 
 9.03   -01 5.40   +00 25.    -02                                 1140600200022 
 9.14   -01 6.03   +00 25.    -02                                 1140600200023 
 9.25   -01 4.29   +00 22.    -02                                 1140600200024 
 9.36   -01 3.47   +00 22.    -02                                 1140600200025 
 9.69   -01 3.24   +00 20.    -02                                 1140600200026 
 9.97   -01 3.03   +00 21.    -02                                 1140600200027 
 1.008  +00 2.98   +00 21.    -02                                 1140600200028 
 1.036  +00 2.64   +00 23.    -02                                 1140600200029 
 1.059  +00 2.82   +00 22.    -02                                 1140600200030 
 1.081  +00 2.57   +00 22.    -02                                 1140600200031 
 1.104  +00 2.55   +00 21.    -02                                 1140600200032 
 1.127  +00 2.23   +00 20.    -02                                 1140600200033 
 1.149  +00 2.86   +00 22.    -02                                 1140600200034 
 1.172  +00 2.37   +00 22.    -02                                 1140600200035 
 1.194  +00 2.29   +00 23.    -02                                 1140600200036 
 1.217  +00 2.12   +00 24.    -02                                 1140600200037 
 1.240  +00 2.38   +00 22.    -02                                 1140600200038 
 1.252  +00 2.15   +00 22.    -02                                 1140600200039 
 1.258  +00 2.18   +00 22.    -02                                 1140600200040 
 1.264  +00 2.50   +00 20.    -02                                 1140600200041 
 1.270  +00 2.88   +00 22.    -02                                 1140600200042 
 1.276  +00 3.67   +00 21.    -02                                 1140600200043 
 1.282  +00 3.28   +00 25.    -02                                 1140600200044 
 1.288  +00 2.91   +00 24.    -02                                 1140600200045 
 1.294  +00 3.58   +00 30.    -02                                 1140600200046 
 1.300  +00 4.19   +00 25.    -02                                 1140600200047 
 1.306  +00 4.32   +00 25.    -02                                 1140600200048 
 1.312  +00 4.31   +00 25.    -02                                 1140600200049 
 1.318  +00 3.83   +00 25.    -02                                 1140600200050 
 1.324  +00 4.04   +00 23.    -02                                 1140600200051 
 1.330  +00 2.68   +00 25.    -02                                 1140600200052 
 1.335  +00 2.48   +00 25.    -02                                 1140600200053 
 1.341  +00 2.34   +00 22.    -02                                 1140600200054 
 1.347  +00 2.63   +00 23.    -02                                 1140600200055 
 1.353  +00 2.15   +00 24.    -02                                 1140600200056 
 1.359  +00 2.35   +00 26.    -02                                 1140600200057 
 1.365  +00 2.01   +00 26.    -02                                 1140600200058 
 1.371  +00 3.63   +00 24.    -02                                 1140600200059 
 1.376  +00 3.22   +00 22.    -02                                 1140600200060 
 1.382  +00 2.81   +00 23.    -02                                 1140600200061 
 1.388  +00 2.57   +00 24.    -02                                 1140600200062 
 1.394  +00 2.41   +00 22.    -02                                 1140600200063 
 1.400  +00 2.39   +00 24.    -02                                 1140600200064 
 1.405  +00 1.91   +00 24.    -02                                 1140600200065 
 1.417  +00 2.49   +00 24.    -02                                 1140600200066 
 1.429  +00 2.17   +00 23.    -02                                 1140600200067 
 1.441  +00 2.56   +00 23.    -02                                 1140600200068 
 1.453  +00 2.02   +00 24.    -02                                 1140600200069 
 1.465  +00 2.06   +00 25.    -02                                 1140600200070 
 1.477  +00 1.74   +00 23.    -02                                 1140600200071 
 1.501  +00 2.19   +00 25.    -02                                 1140600200072 
 1.525  +00 2.06   +00 25.    -02                                 1140600200073 
 1.549  +00 2.02   +00 25.    -02                                 1140600200074 
 1.573  +00 1.81   +00 25.    -02                                 1140600200075 
 1.584  +00 1.43   +00 21.    -02                                 1140600200076 
 1.590  +00 1.89   +00 25.    -02                                 1140600200077 
 1.596  +00 1.89   +00 25.    -02                                 1140600200078 
 1.602  +00 2.75   +00 24.    -02                                 1140600200079 
 1.608  +00 4.07   +00 25.    -02                                 1140600200080 
 1.614  +00 4.11   +00 25.    -02                                 1140600200081 
 1.620  +00 3.85   +00 26.    -02                                 1140600200082 
 1.626  +00 3.59   +00 25.    -02                                 1140600200083 
 1.632  +00 2.54   +00 25.    -02                                 1140600200084 
 1.638  +00 2.77   +00 23.    -02                                 1140600200085 
 1.644  +00 2.54   +00 25.    -02                                 1140600200086 
 1.651  +00 2.07   +00 24.    -02                                 1140600200087 
 1.657  +00 2.10   +00 22.    -02                                 1140600200088 
 1.663  +00 1.73   +00 23.    -02                                 1140600200089 
 1.669  +00 2.79   +00 25.    -02                                 1140600200090 
 1.675  +00 3.04   +00 25.    -02                                 1140600200091 
 1.681  +00 3.44   +00 24.    -02                                 1140600200092 
 1.687  +00 2.59   +00 25.    -02                                 1140600200093 
 1.693  +00 2.37   +00 23.    -02                                 1140600200094 
 1.699  +00 2.63   +00 20.    -02                                 1140600200095 
 1.706  +00 2.47   +00 20.    -02                                 1140600200096 
 1.718  +00 2.10   +00 22.    -02                                 1140600200097 
 1.731  +00 2.37   +00 25.    -02                                 1140600200098 
 1.743  +00 1.70   +00 25.    -02                                 1140600200099 
 1.768  +00 1.82   +00 22.    -02                                 1140600200100 
 1.793  +00 1.75   +00 21.    -02                                 1140600200101 
 1.805  +00 1.73   +00 21.    -02                                 1140600200102 
 1.811  +00 1.55   +00 22.    -02                                 1140600200103 
 1.817  +00 1.56   +00 22.    -02                                 1140600200104 
 1.823  +00 1.82   +00 21.    -02                                 1140600200105 
 1.830  +00 1.89   +00 22.    -02                                 1140600200106 
 1.836  +00 1.86   +00 23.    -02                                 1140600200107 
 1.842  +00 2.72   +00 24.    -02                                 1140600200108 
 1.848  +00 2.43   +00 25.    -02                                 1140600200109 
 1.855  +00 2.33   +00 25.    -02                                 1140600200110 
 1.861  +00 1.77   +00 25.    -02                                 1140600200111 
 1.867  +00 1.54   +00 23.    -02                                 1140600200112 
 1.880  +00 1.74   +00 21.    -02                                 1140600200113 
 1.892  +00 2.05   +00 25.    -02                                 1140600200114 
ENDDATA            101          0                                 1140600200115 
ENDSUBENT          114          0                                 1140600299999 
SUBENT        11406003   19820813                             00001140600300001 
BIB                  3          3                                 1140600300002 
REACTION   (10-NE-0(N,EL),,DA)                                    1140600300003 
DETECTOR              RECOIL COUNTER                              1140600300004 
ERR-ANALYS (ERR-S) STATISTICAL ERROR                              1140600300005 
ENDBIB               3          0                                 1140600300006 
COMMON               1          3                                 1140600300007 
EN-RSL                                                            1140600300008 
MEV                                                               1140600300009 
 1.3    -02                                                       1140600300010 
ENDCOMMON            3          0                                 1140600300011 
DATA                 4        221                                 1140600300012 
EN         COS-CM     DATA       ERR-S                            1140600300013 
MEV        NO-DIM     MB/SR      MB/SR                            1140600300014 
 8.25   -01 0.50000    2.15   +02   25.                           1140600300015 
 8.25   -01 0.00000    2.55   +02   25.                           1140600300016 
 8.25   -01-0.5800     2.60   +02   45.                           1140600300017 
 8.25   -01-0.7800     1.92   +02   22.                           1140600300018 
 8.42   -01 0.50000    2.80   +02   30.                           1140600300019 
 8.42   -01 0.00000    2.45   +02   25.                           1140600300020 
 8.42   -01-0.5800     2.45   +02   15.                           1140600300021 
 8.42   -01-0.7800     3.00   +02   20.                           1140600300022 
 8.59   -01 0.50000    2.10   +02   30.                           1140600300023 
 8.59   -01 0.00000    2.55   +02   20.                           1140600300024 
 8.59   -01-0.5800     2.55   +02   15.                           1140600300025 
 8.59   -01-0.7800     2.30   +02   15.                           1140600300026 
 8.76   -01 0.50000    2.45   +02   45.                           1140600300027 
 8.76   -01 0.00000    2.50   +02   30.                           1140600300028 
 8.76   -01-0.5800     2.05   +02   25.                           1140600300029 
 8.76   -01-0.7800     2.70   +02   30.                           1140600300030 
 8.86   -01 0.50000    2.65   +02   55.                           1140600300031 
 8.86   -01 0.00000    2.50   +02   30.                           1140600300032 
 8.86   -01-0.5800     2.80   +02   30.                           1140600300033 
 8.86   -01-0.7800     2.35   +02   30.                           1140600300034 
 8.95   -01 0.50000    2.35   +02   55.                           1140600300035 
 8.95   -01 0.00000    2.40   +02   30.                           1140600300036 
 8.95   -01-0.5800     2.95   +02   25.                           1140600300037 
 8.95   -01-0.7800     3.10   +02   30.                           1140600300038 
 9.00   -01 0.50000    3.60   +02   45.                           1140600300039 
 9.00   -01 0.00000    3.85   +02   45.                           1140600300040 
 9.00   -01-0.5800     3.30   +02   40.                           1140600300041 
 9.00   -01-0.7800     4.20   +02   40.                           1140600300042 
 9.04   -01 0.50000    4.70   +02   60.                           1140600300043 
 9.04   -01 0.00000    4.20   +02   30.                           1140600300044 
 9.04   -01-0.5800     3.10   +02   30.                           1140600300045 
 9.04   -01-0.7800     3.60   +02   30.                           1140600300046 
 9.08   -01 0.50000    6.40   +02   60.                           1140600300047 
 9.08   -01 0.00000    4.15   +02   35.                           1140600300048 
 9.08   -01-0.5800     2.00   +02   30.                           1140600300049 
 9.08   -01-0.7800     2.50   +02   30.                           1140600300050 
 9.13   -01 0.50000    7.85   +02   50.                           1140600300051 
 9.13   -01 0.00000    3.55   +02   35.                           1140600300052 
 9.13   -01-0.5800     1.80   +02   30.                           1140600300053 
 9.13   -01-0.7800     2.40   +02   30.                           1140600300054 
 9.18   -01 0.50000    6.55   +02   55.                           1140600300055 
 9.18   -01 0.00000    3.25   +02   45.                           1140600300056 
 9.18   -01-0.5800     2.00   +02   35.                           1140600300057 
 9.18   -01-0.7800     1.80   +02   30.                           1140600300058 
 9.23   -01 0.50000    5.65   +02   55.                           1140600300059 
 9.23   -01 0.00000    3.20   +02   35.                           1140600300060 
 9.23   -01-0.5800     1.40   +02   20.                           1140600300061 
 9.23   -01-0.7800     1.55   +02   35.                           1140600300062 
 9.27   -01 0.50000    4.50   +02   60.                           1140600300063 
 9.27   -01 0.00000    3.10   +02   40.                           1140600300064 
 9.27   -01-0.5800     1.80   +02   30.                           1140600300065 
 9.27   -01-0.7800     1.10   +02   30.                           1140600300066 
 9.32   -01 0.50000    4.00   +02   50.                           1140600300067 
 9.32   -01 0.00000    2.45   +02   25.                           1140600300068 
 9.32   -01-0.5800     1.45   +02   25.                           1140600300069 
 9.32   -01-0.7800     1.25   +02   25.                           1140600300070 
 9.41   -01 0.50000    4.15   +02   55.                           1140600300071 
 9.41   -01 0.00000    2.40   +02   35.                           1140600300072 
 9.41   -01-0.5800     1.25   +02   25.                           1140600300073 
 9.41   -01-0.7800     1.20   +02   30.                           1140600300074 
 9.53   -01 0.50000    3.00   +02   50.                           1140600300075 
 9.53   -01 0.00000    2.65   +02   25.                           1140600300076 
 9.53   -01-0.5800     1.85   +02   25.                           1140600300077 
 9.53   -01-0.7800     1.55   +02   25.                           1140600300078 
 1.226  +00 0.58000    2.37   +02   30.                           1140600300079 
 1.226  +00 0.00000    2.10   +02   25.                           1140600300080 
 1.226  +00-0.5800     1.90   +02   25.                           1140600300081 
 1.226  +00-0.7800     1.75   +02   25.                           1140600300082 
 1.255  +00 0.58000    1.82   +02   25.                           1140600300083 
 1.255  +00 0.00000    2.15   +02   25.                           1140600300084 
 1.255  +00-0.5800     2.28   +02   30.                           1140600300085 
 1.255  +00-0.7800     2.00   +02   30.                           1140600300086 
 1.265  +00 0.58000    2.03   +02   20.                           1140600300087 
 1.265  +00 0.00000    2.12   +02   20.                           1140600300088 
 1.265  +00-0.5800     1.94   +02   15.                           1140600300089 
 1.265  +00-0.7800     2.25   +02   25.                           1140600300090 
 1.269  +00 0.58000    4.19   +02   30.                           1140600300091 
 1.269  +00 0.00000    3.25   +02   35.                           1140600300092 
 1.269  +00-0.5800     1.90   +02   30.                           1140600300093 
 1.269  +00-0.7800     2.78   +02   30.                           1140600300094 
 1.274  +00 0.58000    4.42   +02   35.                           1140600300095 
 1.274  +00 0.00000    2.90   +02   25.                           1140600300096 
 1.274  +00-0.5800     1.92   +02   25.                           1140600300097 
 1.274  +00-0.7800     1.43   +02   35.                           1140600300098 
 1.283  +00 0.58000    3.02   +02   25.                           1140600300099 
 1.283  +00 0.00000    2.78   +02   25.                           1140600300100 
 1.283  +00-0.5800     2.00   +02   30.                           1140600300101 
 1.283  +00-0.7800     1.40   +02   20.                           1140600300102 
 1.292  +00 0.58000    3.32   +02   35.                           1140600300103 
 1.292  +00 0.00000    2.60   +02   25.                           1140600300104 
 1.292  +00-0.5800     1.45   +02   25.                           1140600300105 
 1.292  +00-0.7800     1.75   +02   25.                           1140600300106 
 1.297  +00 0.58000    3.60   +02   40.                           1140600300107 
 1.297  +00 0.00000    3.65   +02   35.                           1140600300108 
 1.297  +00-0.5800     1.85   +02   30.                           1140600300109 
 1.297  +00-0.7800     1.45   +02   35.                           1140600300110 
 1.303  +00 0.58000    5.00   +02   30.                           1140600300111 
 1.303  +00 0.00000    3.82   +02   30.                           1140600300112 
 1.303  +00-0.5800     2.10   +02   30.                           1140600300113 
 1.303  +00-0.7800     2.10   +02   30.                           1140600300114 
 1.307  +00 0.58000    4.80   +02   30.                           1140600300115 
 1.307  +00 0.00000    3.35   +02   35.                           1140600300116 
 1.307  +00-0.5800     1.70   +02   30.                           1140600300117 
 1.307  +00-0.7800     1.55   +02   35.                           1140600300118 
 1.312  +00 0.58000    4.15   +02   20.                           1140600300119 
 1.312  +00 0.00000    2.15   +02   25.                           1140600300120 
 1.312  +00-0.5800     1.10   +02   20.                           1140600300121 
 1.312  +00-0.7800     1.45   +02   25.                           1140600300122 
 1.333  +00 0.58000    3.00   +02   30.                           1140600300123 
 1.333  +00 0.00000    1.95   +02   25.                           1140600300124 
 1.333  +00-0.5800     1.25   +02   25.                           1140600300125 
 1.333  +00-0.7800     1.40   +02   30.                           1140600300126 
 1.352  +00 0.58000    2.93   +02   35.                           1140600300127 
 1.352  +00 0.00000    1.80   +02   25.                           1140600300128 
 1.352  +00-0.5800     1.00   +02   25.                           1140600300129 
 1.352  +00-0.7800     1.23   +02   30.                           1140600300130 
 1.361  +00 0.58000    2.78   +02   35.                           1140600300131 
 1.361  +00 0.00000    2.10   +02   30.                           1140600300132 
 1.361  +00-0.5800     1.40   +02   30.                           1140600300133 
 1.361  +00-0.7800     1.60   +02   30.                           1140600300134 
 1.366  +00 0.58000    3.35   +02   40.                           1140600300135 
 1.366  +00 0.00000    2.80   +02   30.                           1140600300136 
 1.366  +00-0.5800     1.15   +02   35.                           1140600300137 
 1.366  +00-0.7800     1.73   +02   25.                           1140600300138 
 1.371  +00 0.58000    3.20   +02   35.                           1140600300139 
 1.371  +00 0.00000    1.80   +02   30.                           1140600300140 
 1.371  +00-0.5800     2.25   +02   30.                           1140600300141 
 1.371  +00-0.7800     3.85   +02   30.                           1140600300142 
 1.377  +00 0.58000    3.40   +02   30.                           1140600300143 
 1.377  +00 0.00000    1.15   +02   20.                           1140600300144 
 1.377  +00-0.5800     1.95   +02   25.                           1140600300145 
 1.377  +00-0.7800     3.40   +02   32.                           1140600300146 
 1.381  +00 0.58000    2.90   +02   30.                           1140600300147 
 1.381  +00 0.00000    1.80   +02   25.                           1140600300148 
 1.381  +00-0.5800     1.80   +02   25.                           1140600300149 
 1.381  +00-0.7800     1.95   +02   30.                           1140600300150 
 1.391  +00 0.58000    2.65   +02   30.                           1140600300151 
 1.391  +00 0.00000    1.35   +02   25.                           1140600300152 
 1.391  +00-0.5800     1.45   +02   25.                           1140600300153 
 1.391  +00-0.7800     1.90   +02   25.                           1140600300154 
 1.410  +00 0.58000    2.70   +02   30.                           1140600300155 
 1.410  +00 0.00000    1.95   +02   25.                           1140600300156 
 1.410  +00-0.5800     1.40   +02   20.                           1140600300157 
 1.410  +00-0.7800     1.10   +02   30.                           1140600300158 
 1.429  +00 0.58000    2.85   +02   35.                           1140600300159 
 1.429  +00 0.00000    1.93   +02   25.                           1140600300160 
 1.429  +00-0.5800     1.30   +02   25.                           1140600300161 
 1.429  +00-0.7800     1.97   +02   30.                           1140600300162 
 1.566  +00 0.58000    2.29   +02   40.                           1140600300163 
 1.566  +00 0.00000    1.65   +02   30.                           1140600300164 
 1.566  +00-0.5800     1.38   +02   30.                           1140600300165 
 1.566  +00-0.7800     1.22   +02   50.                           1140600300166 
 1.578  +00 0.58000    1.63   +02   40.                           1140600300167 
 1.578  +00 0.00000    8.3    +01   40.                           1140600300168 
 1.578  +00-0.5800     1.10   +02   40.                           1140600300169 
 1.578  +00-0.7800     2.35   +02   55.                           1140600300170 
 1.589  +00 0.58000    2.10   +02   40.                           1140600300171 
 1.589  +00 0.00000    1.70   +02   40.                           1140600300172 
 1.589  +00-0.5800     1.60   +02   40.                           1140600300173 
 1.598  +00 0.58000    1.30   +02   40.                           1140600300174 
 1.598  +00 0.00000    1.28   +02   35.                           1140600300175 
 1.598  +00-0.5800     6.3    +01   35.                           1140600300176 
 1.598  +00-0.7800     1.62   +02   45.                           1140600300177 
 1.608  +00 0.58000    3.00   +02   35.                           1140600300178 
 1.608  +00 0.00000    1.75   +02   40.                           1140600300179 
 1.608  +00-0.5800     2.45   +02   50.                           1140600300180 
 1.617  +00 0.58000    4.64   +02   50.                           1140600300181 
 1.617  +00 0.00000    2.65   +02   45.                           1140600300182 
 1.617  +00-0.5800     2.00   +02   50.                           1140600300183 
 1.617  +00-0.7800     1.95   +02   55.                           1140600300184 
 1.627  +00 0.58000    4.85   +02   35.                           1140600300185 
 1.627  +00 0.00000    1.65   +02   35.                           1140600300186 
 1.627  +00-0.5800     1.02   +02   35.                           1140600300187 
 1.627  +00-0.7800     1.28   +02   50.                           1140600300188 
 1.637  +00 0.58000    3.90   +02   50.                           1140600300189 
 1.637  +00 0.00000    8.9    +01   35.                           1140600300190 
 1.637  +00-0.5800     1.10   +02   40.                           1140600300191 
 1.637  +00-0.7800     1.28   +02   50.                           1140600300192 
 1.647  +00 0.58000    3.50   +02   45.                           1140600300193 
 1.647  +00 0.00000    1.90   +02   40.                           1140600300194 
 1.647  +00-0.5800     4.3    +01   45.                           1140600300195 
 1.657  +00 0.58000    2.60   +02   45.                           1140600300196 
 1.657  +00 0.00000    1.43   +02   25.                           1140600300197 
 1.657  +00-0.5800     3.3    +01   35.                           1140600300198 
 1.657  +00-0.7800     8.0    +01   50.                           1140600300199 
 1.668  +00 0.58000    2.20   +02   30.                           1140600300200 
 1.668  +00 0.00000    1.40   +02   30.                           1140600300201 
 1.668  +00-0.5800     1.67   +02   35.                           1140600300202 
 1.668  +00-0.7800     2.22   +02   45.                           1140600300203 
 1.679  +00 0.58000    2.83   +02   35.                           1140600300204 
 1.679  +00 0.00000    1.30   +02   30.                           1140600300205 
 1.679  +00-0.5800     2.75   +02   40.                           1140600300206 
 1.679  +00-0.7800     3.90   +02   45.                           1140600300207 
 1.691  +00 0.58000    2.15   +02   30.                           1140600300208 
 1.691  +00 0.00000    1.10   +02   25.                           1140600300209 
 1.691  +00-0.5800     2.00   +02   30.                           1140600300210 
 1.691  +00-0.7800     2.37   +02   45.                           1140600300211 
 1.702  +00 0.58000    2.00   +02   35.                           1140600300212 
 1.702  +00 0.00000    1.77   +02   30.                           1140600300213 
 1.702  +00-0.5800     1.32   +02   30.                           1140600300214 
 1.702  +00-0.7800     1.40   +02   55.                           1140600300215 
 1.713  +00 0.58000    2.20   +02   45.                           1140600300216 
 1.713  +00 0.00000    1.05   +02   50.                           1140600300217 
 1.713  +00-0.5800     1.00   +02   40.                           1140600300218 
 1.713  +00-0.7800     9.5    +01   55.                           1140600300219 
 1.724  +00 0.58000    2.33   +02   50.                           1140600300220 
 1.724  +00 0.00000    1.42   +02   40.                           1140600300221 
 1.724  +00-0.5800     6.2    +01   45.                           1140600300222 
 1.724  +00-0.7800     1.57   +02   55.                           1140600300223 
 1.734  +00 0.58000    1.90   +02   30.                           1140600300224 
 1.734  +00 0.00000    1.05   +02   30.                           1140600300225 
 1.734  +00-0.5800     1.20   +02   40.                           1140600300226 
 1.734  +00-0.7800     2.20   +02   40.                           1140600300227 
 1.744  +00 0.58000    2.05   +02   45.                           1140600300228 
 1.744  +00 0.00000    1.40   +02   45.                           1140600300229 
 1.744  +00-0.5800     5.5    +01   50.                           1140600300230 
 1.744  +00-0.7800     8.7    +01   45.                           1140600300231 
 1.760  +00 0.58000    1.65   +02   45.                           1140600300232 
 1.760  +00 0.00000    1.15   +02   45.                           1140600300233 
 1.760  +00-0.5800     1.65   +02   50.                           1140600300234 
 1.760  +00-0.7800     1.58   +02   55.                           1140600300235 
ENDDATA            223          0                                 1140600300236 
ENDSUBENT          235          0                                 1140600399999 
SUBENT        11406004   19820813                             00001140600400001 
BIB                  2          5                                 1140600400002 
REACTION  1(10-NE-0(N,0),,EN)                                     1140600400003 
          2(10-NE-0(N,TOT),,WID)                                  1140600400004 
          3(10-NE-0(N,0),,J)                                      1140600400005 
          4(10-NE-0(N,0),,L)                                      1140600400006 
FLAG       (1.) UNCERTAIN J ASSIGNMENT                            1140600400007 
ENDBIB               5          0                                 1140600400008 
NOCOMMON             0          0                                 1140600400009 
DATA                 6          7                                 1140600400010 
DATA      1DATA      2DATA-ERR  2DATA      3DATA      4FLAG       1140600400011 
MEV        KEV        PER-CENT   NO-DIM     NO-DIM     NO-DIM     1140600400012 
 0.91       14.        30.        1.5        1.                   1140600400013 
 1.28        6.        30.        1.5        1.                   1140600400014 
 1.31       32.        20.        0.5        1.                   1140600400015 
 1.37        9.        30.        1.5        2.         1.        1140600400016 
 1.62       27.        20.        1.5        1.                   1140600400017 
 1.68       10.        30.        1.5        2.                   1140600400018 
 1.85                                                             1140600400019 
ENDDATA              9          0                                 1140600400020 
ENDSUBENT           19          0                                 1140600499999 
ENDENTRY             4          0                                 1140699999999 
