ENTRY            11402   19820813                             00001140200000001 
SUBENT        11402001   19820813                             00001140200100001 
BIB                  7          9                                 1140200100002 
INSTITUTE  (1USAORL)                                              1140200100003 
REFERENCE  (J,PR,109,926,58)                                      1140200100004 
AUTHOR     (W.M.GOOD,J.H.NEILER,J.H.GIBBONS)                      1140200100005 
TITLE      NEUTRON TOTAL CROSS SECTIONS IN THE KEV REGION BY FAST 1140200100006 
           TIME-OF-FLIGHT MEASUREMENTS.                           1140200100007 
METHOD     (TOF).                                                 1140200100008 
STATUS     (SCSRS)                                                1140200100009 
HISTORY    (761016T) TRANSLATED FROM SCISRS                       1140200100010 
           (820813A) CONVERTED TO REACTION FORMALISM              1140200100011 
ENDBIB               9          0                                 1140200100012 
NOCOMMON             0          0                                 1140200100013 
ENDSUBENT           12          0                                 1140200199999 
SUBENT        11402002   19820813                             00001140200200001 
BIB                  1          3                                 1140200200002 
REACTION  1(11-NA-23(N,0),,EN)                                    1140200200003 
          2(11-NA-23(N,0),,J)                                     1140200200004 
          3(11-NA-23(N,TOT),,SIG,,RES)                            1140200200005 
ENDBIB               3          0                                 1140200200006 
NOCOMMON             0          0                                 1140200200007 
DATA                 4          1                                 1140200200008 
DATA      1DATA      2DATA      3DATA-ERR  3                      1140200200009 
MEV        NO-DIM     B          B                                1140200200010 
 2.80   -03 1.         380.       10.                             1140200200011 
ENDDATA              3          0                                 1140200200012 
ENDSUBENT           11          0                                 1140200299999 
SUBENT        11402003   19820813                             00001140200300001 
BIB                  1          1                                 1140200300002 
REACTION   (11-NA-23(N,TOT),,SIG)                                 1140200300003 
ENDBIB               1          0                                 1140200300004 
NOCOMMON             0          0                                 1140200300005 
DATA                 2         31                                 1140200300006 
EN         DATA                                                   1140200300007 
MEV        B                                                      1140200300008 
 2.57   -03 2.20   +02                                            1140200300009 
 2.64   -03 3.22   +02                                            1140200300010 
 2.70   -03 3.21   +02                                            1140200300011 
 2.75   -03 3.72   +02                                            1140200300012 
 2.81   -03 3.54   +02                                            1140200300013 
 2.87   -03 3.40   +02                                            1140200300014 
 2.93   -03 2.15   +02                                            1140200300015 
 3.00   -03 1.48   +02                                            1140200300016 
 3.07   -03 1.74   +02                                            1140200300017 
 3.14   -03 1.69   +02                                            1140200300018 
 3.21   -03 1.54   +02                                            1140200300019 
 3.28   -03 1.00   +02                                            1140200300020 
 3.36   -03 5.40   +01                                            1140200300021 
 4.78   -03 1.15   +01                                            1140200300022 
 4.92   -03 1.13   +01                                            1140200300023 
 5.02   -03 9.75   +00                                            1140200300024 
 5.12   -03 9.60   +00                                            1140200300025 
 5.27   -03 9.40   +00                                            1140200300026 
 5.47   -03 9.60   +00                                            1140200300027 
 5.65   -03 7.80   +00                                            1140200300028 
 5.82   -03 8.75   +00                                            1140200300029 
 6.02   -03 7.60   +00                                            1140200300030 
 6.25   -03 8.65   +00                                            1140200300031 
 6.45   -03 7.80   +00                                            1140200300032 
 6.68   -03 6.30   +00                                            1140200300033 
 6.91   -03 6.80   +00                                            1140200300034 
 7.16   -03 7.70   +00                                            1140200300035 
 7.41   -03 7.20   +00                                            1140200300036 
 7.69   -03 7.10   +00                                            1140200300037 
 8.00   -03 6.80   +00                                            1140200300038 
 8.40   -03 7.20   +00                                            1140200300039 
ENDDATA             33          0                                 1140200300040 
ENDSUBENT           39          0                                 1140200399999 
SUBENT        11402004   19820813                             00001140200400001 
BIB                  1          3                                 1140200400002 
REACTION  1(13-AL-27(N,0),,EN)                                    1140200400003 
          2(13-AL-27(N,TOT),,WID)                                 1140200400004 
          3(13-AL-27(N,0),,L)                                     1140200400005 
ENDBIB               3          0                                 1140200400006 
NOCOMMON             0          0                                 1140200400007 
DATA                 3          1                                 1140200400008 
DATA      1DATA      2DATA-MIN  3                                 1140200400009 
KEV        EV         NO-DIM                                      1140200400010 
 5.6    +00 20.    +00 1.                                         1140200400011 
ENDDATA              3          0                                 1140200400012 
ENDSUBENT           11          0                                 1140200499999 
SUBENT        11402005   19820813                             00001140200500001 
BIB                  1          1                                 1140200500002 
REACTION   (13-AL-27(N,TOT),,SIG)                                 1140200500003 
ENDBIB               1          0                                 1140200500004 
NOCOMMON             0          0                                 1140200500005 
DATA                 2         18                                 1140200500006 
EN         DATA                                                   1140200500007 
MEV        B                                                      1140200500008 
 4.88   -03 9.60   -01                                            1140200500009 
 4.98   -03 1.92   +00                                            1140200500010 
 5.03   -03 1.60   +00                                            1140200500011 
 5.10   -03 1.69   +00                                            1140200500012 
 5.15   -03 1.22   +00                                            1140200500013 
 5.25   -03 2.09   +00                                            1140200500014 
 5.30   -03 1.82   +00                                            1140200500015 
 5.40   -03 2.34   +00                                            1140200500016 
 5.48   -03 2.88   +00                                            1140200500017 
 5.55   -03 2.72   +00                                            1140200500018 
 5.65   -03 2.82   +00                                            1140200500019 
 5.75   -03 1.92   +00                                            1140200500020 
 5.80   -03 1.92   +00                                            1140200500021 
 5.90   -03 2.04   +00                                            1140200500022 
 6.03   -03 1.16   +00                                            1140200500023 
 6.13   -03 1.38   +00                                            1140200500024 
 6.20   -03 1.42   +00                                            1140200500025 
 6.35   -03 1.46   +00                                            1140200500026 
ENDDATA             20          0                                 1140200500027 
ENDSUBENT           26          0                                 1140200599999 
SUBENT        11402006   19820813                             00001140200600001 
BIB                  1          1                                 1140200600002 
REACTION   (15-P-31(N,TOT),,SIG)                                  1140200600003 
ENDBIB               1          0                                 1140200600004 
COMMON               1          3                                 1140200600005 
EN-RSL                                                            1140200600006 
NSEC/M                                                            1140200600007 
 12.                                                              1140200600008 
ENDCOMMON            3          0                                 1140200600009 
DATA                 2         27                                 1140200600010 
EN         DATA                                                   1140200600011 
MEV        B                                                      1140200600012 
 6.25   -03 4.13   +00                                            1140200600013 
 7.05   -03 4.68   +00                                            1140200600014 
 7.55   -03 4.55   +00                                            1140200600015 
 8.00   -03 5.80   +00                                            1140200600016 
 8.35   -03 4.53   +00                                            1140200600017 
 8.60   -03 5.35   +00                                            1140200600018 
 8.90   -03 5.65   +00                                            1140200600019 
 9.23   -03 4.83   +00                                            1140200600020 
 9.63   -03 6.35   +00                                            1140200600021 
 9.90   -03 4.56   +00                                            1140200600022 
 1.040  -02 4.50   +00                                            1140200600023 
 1.090  -02 4.63   +00                                            1140200600024 
 1.130  -02 5.17   +00                                            1140200600025 
 1.190  -02 4.83   +00                                            1140200600026 
 1.250  -02 4.65   +00                                            1140200600027 
 1.325  -02 4.85   +00                                            1140200600028 
 1.403  -02 5.73   +00                                            1140200600029 
 1.440  -02 5.20   +00                                            1140200600030 
 1.513  -02 4.27   +00                                            1140200600031 
 1.515  -02 5.40   +00                                            1140200600032 
 1.575  -02 3.73   +00                                            1140200600033 
 1.630  -02 4.83   +00                                            1140200600034 
 1.680  -02 3.50   +00                                            1140200600035 
 1.740  -02 3.75   +00                                            1140200600036 
 1.800  -02 4.95   +00                                            1140200600037 
 1.860  -02 4.10   +00                                            1140200600038 
 1.950  -02 3.65   +00                                            1140200600039 
ENDDATA             29          0                                 1140200600040 
ENDSUBENT           39          0                                 1140200699999 
SUBENT        11402007   19820813                             00001140200700001 
BIB                  1          2                                 1140200700002 
REACTION  1(19-K-39(N,0),,EN)                                     1140200700003 
          2(19-K-39(N,TOT),,WID)                                  1140200700004 
ENDBIB               2          0                                 1140200700005 
NOCOMMON             0          0                                 1140200700006 
DATA                 2          2                                 1140200700007 
DATA      1DATA      2                                            1140200700008 
MEV        MILLI-EV                                               1140200700009 
 3.4    -03 1.2    +04                                            1140200700010 
 9.2    -03 6.0    +04                                            1140200700011 
ENDDATA              4          0                                 1140200700012 
ENDSUBENT           11          0                                 1140200799999 
SUBENT        11402008   19820813                             00001140200800001 
BIB                  1          2                                 1140200800002 
REACTION  1(19-K-41(N,0),,EN)                                     1140200800003 
          2(19-K-41(N,TOT),,WID)                                  1140200800004 
ENDBIB               2          0                                 1140200800005 
NOCOMMON             0          0                                 1140200800006 
DATA                 2          2                                 1140200800007 
DATA      1DATA      2                                            1140200800008 
MEV        MILLI-EV                                               1140200800009 
 5.4    -03 3.5    +04                                            1140200800010 
 1.62   -02 6.0    +04                                            1140200800011 
ENDDATA              4          0                                 1140200800012 
ENDSUBENT           11          0                                 1140200899999 
SUBENT        11402009   19820813                             00001140200900001 
BIB                  1          1                                 1140200900002 
REACTION   (19-K-41(N,TOT),,SIG)                                  1140200900003 
ENDBIB               1          0                                 1140200900004 
COMMON               1          3                                 1140200900005 
EN-RSL                                                            1140200900006 
KEV                                                               1140200900007 
 0.2                                                              1140200900008 
ENDCOMMON            3          0                                 1140200900009 
DATA                 2         35                                 1140200900010 
EN         DATA                                                   1140200900011 
MEV        B                                                      1140200900012 
 4.8    -03 6.3    +00                                            1140200900013 
 5.0    -03 6.2    +00                                            1140200900014 
 5.2    -03 3.17   +01                                            1140200900015 
 5.4    -03 4.66   +01                                            1140200900016 
 5.7    -03 2.28   +01                                            1140200900017 
 5.8    -03 1.00   +01                                            1140200900018 
 5.9    -03 5.6    +00                                            1140200900019 
 6.0    -03 2.3    +00                                            1140200900020 
 6.1    -03 1.5    +00                                            1140200900021 
 6.2    -03 2.7    +00                                            1140200900022 
 6.8    -03 1.8    +00                                            1140200900023 
 7.1    -03 7.     -01                                            1140200900024 
 7.9    -03 0.     +00                                            1140200900025 
 8.9    -03 2.5    +00                                            1140200900026 
 9.4    -03 3.4    +00                                            1140200900027 
 1.02   -02 7.     -01                                            1140200900028 
 1.10   -02 3.     -01                                            1140200900029 
 1.15   -02 2.     -01                                            1140200900030 
 1.27   -02 1.2    +00                                            1140200900031 
 1.30   -02 2.0    +00                                            1140200900032 
 1.32   -02 2.5    +00                                            1140200900033 
 1.40   -02 1.8    +00                                            1140200900034 
 1.43   -02 5.     -01                                            1140200900035 
 1.48   -02 2.9    +00                                            1140200900036 
 1.50   -02 1.8    +00                                            1140200900037 
 1.53   -02 0.     +00                                            1140200900038 
 1.60   -02 6.7    +00                                            1140200900039 
 1.62   -02 1.10   +01                                            1140200900040 
 1.64   -02 1.27   +01                                            1140200900041 
 1.69   -02 2.9    +00                                            1140200900042 
 1.72   -02 3.8    +00                                            1140200900043 
 1.75   -02 2.5    +00                                            1140200900044 
 1.80   -02 2.7    +00                                            1140200900045 
 1.83   -02 2.0    +00                                            1140200900046 
 1.90   -02 1.4    +00                                            1140200900047 
ENDDATA             37          0                                 1140200900048 
ENDSUBENT           47          0                                 1140200999999 
SUBENT        11402010   19820813                             00001140201000001 
BIB                  1          1                                 1140201000002 
REACTION   (22-TI-0(N,TOT),,SIG)                                  1140201000003 
ENDBIB               1          0                                 1140201000004 
NOCOMMON             0          0                                 1140201000005 
DATA                 2         88                                 1140201000006 
EN         DATA                                                   1140201000007 
MEV        B                                                      1140201000008 
 2.80   -03 2.35   +01                                            1140201000009 
 2.90   -03 3.40   +01                                            1140201000010 
 3.00   -03 5.50   +01                                            1140201000011 
 3.00   -03 3.30   +01                                            1140201000012 
 3.05   -03 2.60   +01                                            1140201000013 
 3.10   -03 1.85   +01                                            1140201000014 
 3.15   -03 2.35   +01                                            1140201000015 
 3.20   -03 1.95   +01                                            1140201000016 
 3.30   -03 7.5    +00                                            1140201000017 
 3.40   -03 3.5    +00                                            1140201000018 
 3.50   -03 6.5    +00                                            1140201000019 
 3.55   -03 1.20   +01                                            1140201000020 
 3.60   -03 3.10   +01                                            1140201000021 
 3.70   -03 2.25   +01                                            1140201000022 
 3.80   -03 3.00   +01                                            1140201000023 
 3.85   -03 2.05   +01                                            1140201000024 
 3.90   -03 2.40   +01                                            1140201000025 
 5.75   -03 1.90   +01                                            1140201000026 
 5.85   -03 1.00   +01                                            1140201000027 
 5.95   -03 1.15   +01                                            1140201000028 
 6.10   -03 1.10   +01                                            1140201000029 
 6.15   -03 7.0    +00                                            1140201000030 
 6.25   -03 2.05   +01                                            1140201000031 
 6.35   -03 2.5    +00                                            1140201000032 
 6.45   -03 1.25   +01                                            1140201000033 
 6.55   -03 1.00   +01                                            1140201000034 
 6.65   -03 1.35   +01                                            1140201000035 
 6.75   -03 1.45   +01                                            1140201000036 
 6.90   -03 1.45   +01                                            1140201000037 
 7.00   -03 1.70   +01                                            1140201000038 
 7.10   -03 2.60   +01                                            1140201000039 
 7.20   -03 2.25   +01                                            1140201000040 
 7.25   -03 2.55   +01                                            1140201000041 
 7.35   -03 1.95   +01                                            1140201000042 
 7.35   -03 2.70   +01                                            1140201000043 
 7.45   -03 2.50   +01                                            1140201000044 
 7.60   -03 1.95   +01                                            1140201000045 
 7.60   -03 2.20   +01                                            1140201000046 
 7.70   -03 7.5    +00                                            1140201000047 
 7.90   -03 3.35   +01                                            1140201000048 
 8.10   -03 3.15   +01                                            1140201000049 
 8.20   -03 2.50   +01                                            1140201000050 
 8.35   -03 3.35   +01                                            1140201000051 
 8.50   -03 2.40   +01                                            1140201000052 
 8.70   -03 2.25   +01                                            1140201000053 
 8.90   -03 2.75   +01                                            1140201000054 
 9.05   -03 2.25   +01                                            1140201000055 
 9.20   -03 2.25   +01                                            1140201000056 
 9.45   -03 2.80   +01                                            1140201000057 
 9.55   -03 1.10   +01                                            1140201000058 
 9.75   -03 1.60   +01                                            1140201000059 
 9.95   -03 9.0    +00                                            1140201000060 
 1.150  -02 4.80   +01                                            1140201000061 
 1.165  -02 4.00   +01                                            1140201000062 
 1.185  -02 5.10   +01                                            1140201000063 
 1.200  -02 5.35   +01                                            1140201000064 
 1.220  -02 4.50   +01                                            1140201000065 
 1.240  -02 4.35   +01                                            1140201000066 
 1.260  -02 5.30   +01                                            1140201000067 
 1.275  -02 4.75   +01                                            1140201000068 
 1.295  -02 5.65   +01                                            1140201000069 
 1.315  -02 6.20   +01                                            1140201000070 
 1.340  -02 5.35   +01                                            1140201000071 
 1.360  -02 5.35   +01                                            1140201000072 
 1.375  -02 5.80   +01                                            1140201000073 
 1.420  -02 6.55   +01                                            1140201000074 
 1.440  -02 7.45   +01                                            1140201000075 
 1.470  -02 8.10   +01                                            1140201000076 
 1.485  -02 7.15   +01                                            1140201000077 
 1.490  -02 8.30   +01                                            1140201000078 
 1.525  -02 9.20   +01                                            1140201000079 
 1.525  -02 8.20   +01                                            1140201000080 
 1.550  -02 7.90   +01                                            1140201000081 
 1.570  -02 9.30   +01                                            1140201000082 
 1.600  -02 9.15   +01                                            1140201000083 
 1.630  -02 1.000  +02                                            1140201000084 
 1.660  -02 1.025  +02                                            1140201000085 
 1.690  -02 1.005  +02                                            1140201000086 
 1.725  -02 1.055  +02                                            1140201000087 
 1.755  -02 9.55   +01                                            1140201000088 
 1.790  -02 1.010  +02                                            1140201000089 
 1.825  -02 1.075  +02                                            1140201000090 
 1.850  -02 9.25   +01                                            1140201000091 
 1.890  -02 8.75   +01                                            1140201000092 
 1.920  -02 8.95   +01                                            1140201000093 
 1.960  -02 9.05   +01                                            1140201000094 
 2.00   -02 6.75   +01                                            1140201000095 
 2.40   -02 5.95   +01                                            1140201000096 
ENDDATA             90          0                                 1140201000097 
ENDSUBENT           96          0                                 1140201099999 
SUBENT        11402011   19820813                             00001140201100001 
BIB                  1          2                                 1140201100002 
REACTION  1(22-TI-0(N,0),,EN)                                     1140201100003 
          2(22-TI-0(N,TOT),,WID)                                  1140201100004 
ENDBIB               2          0                                 1140201100005 
NOCOMMON             0          0                                 1140201100006 
DATA                 2          3                                 1140201100007 
DATA      1DATA      2                                            1140201100008 
KEV        EV                                                     1140201100009 
 3.0         50.                                                  1140201100010 
 3.7                                                              1140201100011 
17.5       7000.                                                  1140201100012 
ENDDATA              5          0                                 1140201100013 
ENDSUBENT           12          0                                 1140201199999 
SUBENT        11402012   19820813                             00001140201200001 
BIB                  1          1                                 1140201200002 
REACTION   (34-SE-0(N,TOT),,SIG)                                  1140201200003 
ENDBIB               1          0                                 1140201200004 
NOCOMMON             0          0                                 1140201200005 
DATA                 2         36                                 1140201200006 
EN         DATA                                                   1140201200007 
MEV        B                                                      1140201200008 
 3.7    -03 4.     +00                                            1140201200009 
 3.8    -03 8.75   +00                                            1140201200010 
 3.87   -03 2.5    +00                                            1140201200011 
 3.95   -03 8.2    +00                                            1140201200012 
 4.     -03 2.0    +01                                            1140201200013 
 4.1    -03 2.675  +01                                            1140201200014 
 4.15   -03 3.55   +01                                            1140201200015 
 4.25   -03 3.56   +01                                            1140201200016 
 4.35   -03 3.25   +01                                            1140201200017 
 4.47   -03 1.5    +01                                            1140201200018 
 4.55   -03 1.5    +01                                            1140201200019 
 4.6    -03 1.7    +01                                            1140201200020 
 4.65   -03 1.81   +01                                            1140201200021 
 4.75   -03 2.65   +01                                            1140201200022 
 4.8    -03 3.25   +01                                            1140201200023 
 4.9    -03 3.45   +01                                            1140201200024 
 5.     -03 2.5    +01                                            1140201200025 
 5.1    -03 2.6    +01                                            1140201200026 
 5.3    -03 9.8    +00                                            1140201200027 
 5.4    -03 1.3    +01                                            1140201200028 
 5.5    -03 1.65   +01                                            1140201200029 
 5.6    -03 2.15   +01                                            1140201200030 
 5.9    -03 1.775  +01                                            1140201200031 
 6.15   -03 1.950  +01                                            1140201200032 
 6.2    -03 1.8    +01                                            1140201200033 
 6.37   -03 1.0    +01                                            1140201200034 
 6.5    -03 9.75   +00                                            1140201200035 
 6.7    -03 1.625  +01                                            1140201200036 
 6.9    -03 1.5    +01                                            1140201200037 
 7.2    -03 8.     +00                                            1140201200038 
 7.4    -03 4.25   +00                                            1140201200039 
 7.9    -03 4.5    +00                                            1140201200040 
 8.2    -03 3.1    +00                                            1140201200041 
 8.4    -03 4.75   +00                                            1140201200042 
 8.6    -03 1.32   +01                                            1140201200043 
 8.9    -03 9.75   +00                                            1140201200044 
ENDDATA             38          0                                 1140201200045 
ENDSUBENT           44          0                                 1140201299999 
SUBENT        11402013   19820813                             00001140201300001 
BIB                  2          4                                 1140201300002 
REACTION  1(34-SE-0(N,0),,EN)                                     1140201300003 
          2(34-SE-0(N,TOT),,WID)                                  1140201300004 
ANALYSIS   ASSUMED S-WAVE NEUTRONS ON SE-80 FOR CALCULATION OF    1140201300005 
            TOTAL WIDTHS.                                         1140201300006 
ENDBIB               4          0                                 1140201300007 
NOCOMMON             0          0                                 1140201300008 
DATA                 2          5                                 1140201300009 
DATA      1DATA      2                                            1140201300010 
KEV        EV                                                     1140201300011 
 4.25       35.                                                   1140201300012 
 4.95       35.                                                   1140201300013 
 5.85                                                             1140201300014 
 6.8                                                              1140201300015 
 8.6                                                              1140201300016 
ENDDATA              7          0                                 1140201300017 
ENDSUBENT           16          0                                 1140201399999 
SUBENT        11402014   19820813                             00001140201400001 
BIB                  2          2                                 1140201400002 
REACTION   (37-RB-85(N,TOT),,SIG)                                 1140201400003 
STATUS     (UNOBT) DATA UNAVAILABLE AT N.N.C.S.C.                 1140201400004 
ENDBIB               2          0                                 1140201400005 
COMMON               2          3                                 1140201400006 
EN-MIN     EN-MAX                                                 1140201400007 
KEV        KEV                                                    1140201400008 
 3.         9.                                                    1140201400009 
ENDCOMMON            3          0                                 1140201400010 
NODATA               0          0                                 1140201400011 
ENDSUBENT           10          0                                 1140201499999 
SUBENT        11402015   19820813                             00001140201500001 
BIB                  2          3                                 1140201500002 
REACTION  1(37-RB-85(N,0),,EN)                                    1140201500003 
          2(37-RB-85(N,EL),,WID,,2G)                              1140201500004 
ANALYSIS   (AREA)     AREA ANALYSIS                               1140201500005 
ENDBIB               3          0                                 1140201500006 
NOCOMMON             0          0                                 1140201500007 
DATA                 3          5                                 1140201500008 
DATA      1DATA      2DATA-ERR  2                                 1140201500009 
MEV        MILLI-EV   MILLI-EV                                    1140201500010 
 3.3    -03                                                       1140201500011 
 4.1    -03 1.8    +04 5.     +03                                 1140201500012 
 4.9    -03 3.4    +04 1.0    +04                                 1140201500013 
 5.8    -03 3.300  +04 1.0    +02                                 1140201500014 
 6.9    -03 1.7    +04 5.     +03                                 1140201500015 
ENDDATA              7          0                                 1140201500016 
ENDSUBENT           15          0                                 1140201599999 
SUBENT        11402016   19820813                             00001140201600001 
BIB                  2          3                                 1140201600002 
REACTION  1(37-RB-87(N,0),,EN)                                    1140201600003 
          2(37-RB-87(N,EL),,WID,,2G)                              1140201600004 
ANALYSIS   (AREA)     AREA ANALYSIS                               1140201600005 
ENDBIB               3          0                                 1140201600006 
NOCOMMON             0          0                                 1140201600007 
DATA                 3          4                                 1140201600008 
DATA      1DATA      2DATA-ERR  2                                 1140201600009 
MEV        MILLI-EV   MILLI-EV                                    1140201600010 
 5.0    -03 4.6    +04 1.5    +04                                 1140201600011 
 6.6    -03 1.7    +04 5.     +03                                 1140201600012 
 7.35   -03 5.4    +04 1.0    +04                                 1140201600013 
 8.55   -03 1.70   +05 5.0    +04                                 1140201600014 
ENDDATA              6          0                                 1140201600015 
ENDSUBENT           14          0                                 1140201699999 
SUBENT        11402017   19820813                             00001140201700001 
BIB                  2          3                                 1140201700002 
REACTION   (37-RB-87(N,TOT),,SIG)                                 1140201700003 
SAMPLE     SAMPLE THICKNESS 1.48*10**22ATOMS/CM2. ENRICHED TO     1140201700004 
            94.9PERCENT.                                          1140201700005 
ENDBIB               3          0                                 1140201700006 
NOCOMMON             0          0                                 1140201700007 
DATA                 2         56                                 1140201700008 
EN         DATA                                                   1140201700009 
MEV        B                                                      1140201700010 
 4.6    -03 7.5    +00                                            1140201700011 
 4.72   -03 1.02   +01                                            1140201700012 
 4.87   -03 1.4    +01                                            1140201700013 
 4.95   -03 2.15   +01                                            1140201700014 
 5.0    -03 3.15   +01                                            1140201700015 
 5.07   -03 4.25   +01                                            1140201700016 
 5.15   -03 2.84   +01                                            1140201700017 
 5.22   -03 1.62   +01                                            1140201700018 
 5.5    -03 6.0    +00                                            1140201700019 
 6.32   -03 1.8    +00                                            1140201700020 
 6.45   -03 1.2    +01                                            1140201700021 
 6.53   -03 1.9    +01                                            1140201700022 
 6.6    -03 1.8    +01                                            1140201700023 
 6.67   -03 1.52   +01                                            1140201700024 
 6.73   -03 1.71   +01                                            1140201700025 
 6.73   -03 1.7    +01                                            1140201700026 
 6.78   -03 1.28   +01                                            1140201700027 
 6.85   -03 9.2    +00                                            1140201700028 
 6.88   -03 1.02   +01                                            1140201700029 
 6.98   -03 7.5    +00                                            1140201700030 
 7.0    -03 7.5    +00                                            1140201700031 
 7.07   -03 1.08   +01                                            1140201700032 
 7.12   -03 1.66   +01                                            1140201700033 
 7.27   -03 3.13   +01                                            1140201700034 
 7.37   -03 3.95   +01                                            1140201700035 
 7.42   -03 3.17   +01                                            1140201700036 
 7.55   -03 1.71   +01                                            1140201700037 
 7.73   -03 3.4    +00                                            1140201700038 
 7.90   -03 7.5    +00                                            1140201700039 
 8.07   -03 1.30   +01                                            1140201700040 
 8.24   -03 2.19   +01                                            1140201700041 
 8.42   -03 4.20   +01                                            1140201700042 
 8.6    -03 4.63   +01                                            1140201700043 
 8.8    -03 2.77   +01                                            1140201700044 
 9.0    -03 2.05   +01                                            1140201700045 
 9.2    -03 1.35   +01                                            1140201700046 
 9.38   -03 1.25   +01                                            1140201700047 
 9.4    -03 9.7    +00                                            1140201700048 
 9.58   -03 1.25   +01                                            1140201700049 
 9.6    -03 1.13   +01                                            1140201700050 
 9.76   -03 7.5    +00                                            1140201700051 
 9.97   -03 2.8    +00                                            1140201700052 
 1.017  -02 5.1    +00                                            1140201700053 
 1.038  -02 3.4    +00                                            1140201700054 
 1.060  -02 6.3    +00                                            1140201700055 
 1.082  -02 8.0    +00                                            1140201700056 
 1.105  -02 2.8    +00                                            1140201700057 
 1.128  -02 8.6    +00                                            1140201700058 
 1.152  -02 8.0    +00                                            1140201700059 
 1.160  -02 3.4    +00                                            1140201700060 
 1.206  -02 4.5    +00                                            1140201700061 
 1.23   -02 5.1    +00                                            1140201700062 
 1.26   -02 6.9    +00                                            1140201700063 
 1.285  -02 6.9    +00                                            1140201700064 
 1.315  -02 6.3    +00                                            1140201700065 
 1.345  -02 6.3    +00                                            1140201700066 
ENDDATA             58          0                                 1140201700067 
ENDSUBENT           66          0                                 1140201799999 
SUBENT        11402018   19820813                             00001140201800001 
BIB                  2          2                                 1140201800002 
REACTION   (38-SR-86(N,0),,EN)                                    1140201800003 
ANALYSIS   (AREA)     AREA ANALYSIS                               1140201800004 
ENDBIB               2          0                                 1140201800005 
NOCOMMON             0          0                                 1140201800006 
DATA                 1          3                                 1140201800007 
DATA                                                              1140201800008 
MEV                                                               1140201800009 
 3.0    -03                                                       1140201800010 
 4.3    -03                                                       1140201800011 
 1.13   -02                                                       1140201800012 
ENDDATA              5          0                                 1140201800013 
ENDSUBENT           12          0                                 1140201899999 
SUBENT        11402019   19820813                             00001140201900001 
BIB                  2          3                                 1140201900002 
REACTION  1(38-SR-88(N,0),,EN)                                    1140201900003 
          2(38-SR-88(N,EL),,WID)                                  1140201900004 
ANALYSIS   (AREA)     AREA ANALYSIS                               1140201900005 
ENDBIB               3          0                                 1140201900006 
NOCOMMON             0          0                                 1140201900007 
DATA                 3          1                                 1140201900008 
DATA      1DATA      2DATA-ERR  2                                 1140201900009 
MEV        MILLI-EV   MILLI-EV                                    1140201900010 
 1.36   -02 4.00   +05 1.00   +05                                 1140201900011 
ENDDATA              3          0                                 1140201900012 
ENDSUBENT           11          0                                 1140201999999 
SUBENT        11402020   19820813                             00001140202000001 
BIB                  2          2                                 1140202000002 
REACTION   (38-SR-86(N,TOT),,SIG)                                 1140202000003 
STATUS     (UNOBT) DATA UNAVAILABLE AT N.N.C.S.C.                 1140202000004 
ENDBIB               2          0                                 1140202000005 
COMMON               2          3                                 1140202000006 
EN-MIN     EN-MAX                                                 1140202000007 
KEV        KEV                                                    1140202000008 
 3.         15.                                                   1140202000009 
ENDCOMMON            3          0                                 1140202000010 
NODATA               0          0                                 1140202000011 
ENDSUBENT           10          0                                 1140202099999 
SUBENT        11402021   19820813                             00001140202100001 
BIB                  2          2                                 1140202100002 
REACTION   (38-SR-88(N,TOT),,SIG)                                 1140202100003 
SAMPLE     SAMPLE THICKNESS 2.09*10**22ATOMS/CM2.                 1140202100004 
ENDBIB               2          0                                 1140202100005 
NOCOMMON             0          0                                 1140202100006 
DATA                 2         36                                 1140202100007 
EN         DATA                                                   1140202100008 
MEV        B                                                      1140202100009 
 6.8    -03 7.0    +00                                            1140202100010 
 7.1    -03 4.3    +00                                            1140202100011 
 7.3    -03 6.0    +00                                            1140202100012 
 7.6    -03 3.0    +00                                            1140202100013 
 7.9    -03 2.5    +00                                            1140202100014 
 8.4    -03 3.0    +00                                            1140202100015 
 8.8    -03 6.0    +00                                            1140202100016 
 9.3    -03 7.5    +00                                            1140202100017 
 9.4    -03 4.9    +00                                            1140202100018 
 9.5    -03 3.5    +00                                            1140202100019 
 9.7    -03 2.8    +00                                            1140202100020 
 1.01   -02 4.0    +00                                            1140202100021 
 1.05   -02 4.5    +00                                            1140202100022 
 1.10   -02 3.0    +00                                            1140202100023 
 1.15   -02 6.5    +00                                            1140202100024 
 1.18   -02 5.0    +00                                            1140202100025 
 1.25   -02 7.5    +00                                            1140202100026 
 1.25   -02 1.10   +01                                            1140202100027 
 1.27   -02 1.20   +01                                            1140202100028 
 1.30   -02 1.40   +01                                            1140202100029 
 1.30   -02 2.00   +01                                            1140202100030 
 1.32   -02 2.90   +01                                            1140202100031 
 1.33   -02 3.30   +01                                            1140202100032 
 1.36   -02 5.05   +01                                            1140202100033 
 1.38   -02 3.05   +01                                            1140202100034 
 1.42   -02 1.60   +01                                            1140202100035 
 1.43   -02 1.20   +01                                            1140202100036 
 1.44   -02 1.70   +01                                            1140202100037 
 1.45   -02 1.55   +01                                            1140202100038 
 1.46   -02 1.23   +01                                            1140202100039 
 1.50   -02 8.5    +00                                            1140202100040 
 1.55   -02 8.0    +00                                            1140202100041 
 1.60   -02 8.5    +00                                            1140202100042 
 1.68   -02 8.5    +00                                            1140202100043 
 1.75   -02 7.0    +00                                            1140202100044 
 1.85   -02 6.0    +00                                            1140202100045 
ENDDATA             38          0                                 1140202100046 
ENDSUBENT           45          0                                 1140202199999 
SUBENT        11402022   19820813                             00001140202200001 
BIB                  1          1                                 1140202200002 
REACTION   (39-Y-89(N,TOT),,SIG)                                  1140202200003 
ENDBIB               1          0                                 1140202200004 
NOCOMMON             0          0                                 1140202200005 
DATA                 2         85                                 1140202200006 
EN         DATA                                                   1140202200007 
MEV        B                                                      1140202200008 
 2.22   -03 4.75   +00                                            1140202200009 
 2.28   -03 6.0    +00                                            1140202200010 
 2.34   -03 6.5    +00                                            1140202200011 
 2.36   -03 7.0    +00                                            1140202200012 
 2.38   -03 9.4    +00                                            1140202200013 
 2.43   -03 1.43   +01                                            1140202200014 
 2.53   -03 8.25   +00                                            1140202200015 
 2.58   -03 7.8    +00                                            1140202200016 
 2.60   -03 6.8    +00                                            1140202200017 
 2.62   -03 8.7    +00                                            1140202200018 
 2.65   -03 7.8    +00                                            1140202200019 
 2.70   -03 7.3    +00                                            1140202200020 
 2.72   -03 5.5    +00                                            1140202200021 
 2.72   -03 6.5    +00                                            1140202200022 
 2.75   -03 7.75   +00                                            1140202200023 
 2.8    -03 7.25   +00                                            1140202200024 
 2.85   -03 6.3    +00                                            1140202200025 
 2.92   -03 7.3    +00                                            1140202200026 
 3.25   -03 6.0    +00                                            1140202200027 
 3.4    -03 5.7    +00                                            1140202200028 
 3.42   -03 5.5    +00                                            1140202200029 
 3.6    -03 5.7    +00                                            1140202200030 
 3.6    -03 5.5    +00                                            1140202200031 
 3.75   -03 6.7    +00                                            1140202200032 
 3.8    -03 4.3    +00                                            1140202200033 
 3.85   -03 5.25   +00                                            1140202200034 
 3.95   -03 6.0    +00                                            1140202200035 
 4.1    -03 6.1    +00                                            1140202200036 
 4.2    -03 4.7    +00                                            1140202200037 
 4.3    -03 4.8    +00                                            1140202200038 
 4.33   -03 4.2    +00                                            1140202200039 
 4.35   -03 6.0    +00                                            1140202200040 
 4.40   -03 4.75   +00                                            1140202200041 
 4.45   -03 6.5    +00                                            1140202200042 
 4.55   -03 5.0    +00                                            1140202200043 
 4.6    -03 5.9    +00                                            1140202200044 
 4.7    -03 5.0    +00                                            1140202200045 
 4.75   -03 6.8    +00                                            1140202200046 
 4.85   -03 5.0    +00                                            1140202200047 
 5.1    -03 4.5    +00                                            1140202200048 
 5.35   -03 5.25   +00                                            1140202200049 
 5.6    -03 4.75   +00                                            1140202200050 
 5.8    -03 5.6    +00                                            1140202200051 
 6.25   -03 4.2    +00                                            1140202200052 
 6.35   -03 4.6    +00                                            1140202200053 
 6.5    -03 4.75   +00                                            1140202200054 
 6.6    -03 6.70   +00                                            1140202200055 
 6.8    -03 7.25   +00                                            1140202200056 
 6.9    -03 8.20   +00                                            1140202200057 
 7.10   -03 1.08   +01                                            1140202200058 
 7.5    -03 1.27   +01                                            1140202200059 
 7.55   -03 1.175  +01                                            1140202200060 
 7.60   -03 8.6    +00                                            1140202200061 
 7.7    -03 8.25   +00                                            1140202200062 
 7.75   -03 7.8    +00                                            1140202200063 
 7.85   -03 7.25   +00                                            1140202200064 
 8.0    -03 6.5    +00                                            1140202200065 
 8.25   -03 6.5    +00                                            1140202200066 
 8.5    -03 5.4    +00                                            1140202200067 
 8.7    -03 7.75   +00                                            1140202200068 
 8.9    -03 6.75   +00                                            1140202200069 
 9.2    -03 6.5    +00                                            1140202200070 
 9.5    -03 7.5    +00                                            1140202200071 
 1.0    -02 6.1    +00                                            1140202200072 
 1.02   -02 5.5    +00                                            1140202200073 
 1.06   -02 5.5    +00                                            1140202200074 
 1.11   -02 1.45   +01                                            1140202200075 
 1.13   -02 1.28   +01                                            1140202200076 
 1.17   -02 7.1    +00                                            1140202200077 
 1.20   -02 7.6    +00                                            1140202200078 
 1.21   -02 8.75   +00                                            1140202200079 
 1.24   -02 9.5    +00                                            1140202200080 
 1.25   -02 1.02   +01                                            1140202200081 
 1.26   -02 8.4    +00                                            1140202200082 
 1.30   -02 6.8    +00                                            1140202200083 
 1.35   -02 6.3    +00                                            1140202200084 
 1.37   -02 6.3    +00                                            1140202200085 
 1.42   -02 5.7    +00                                            1140202200086 
 1.45   -02 6.2    +00                                            1140202200087 
 1.48   -02 9.4    +00                                            1140202200088 
 1.52   -02 8.0    +00                                            1140202200089 
 1.61   -02 7.6    +00                                            1140202200090 
 1.65   -02 7.0    +00                                            1140202200091 
 1.72   -02 6.8    +00                                            1140202200092 
 1.80   -02 6.8    +00                                            1140202200093 
ENDDATA             87          0                                 1140202200094 
ENDSUBENT           93          0                                 1140202299999 
SUBENT        11402023   19820813                             00001140202300001 
BIB                  2          3                                 1140202300002 
REACTION  1(39-Y-89(N,0),,EN)                                     1140202300003 
          2(39-Y-89(N,EL),,WID,,2G)                               1140202300004 
ANALYSIS   (AREA)     AREA ANALYSIS                               1140202300005 
ENDBIB               3          0                                 1140202300006 
NOCOMMON             0          0                                 1140202300007 
DATA                 2          5                                 1140202300008 
DATA      1DATA      2                                            1140202300009 
MEV        MILLI-EV                                               1140202300010 
 2.5    -03 6.     +03                                            1140202300011 
 7.35   -03 5.5    +04                                            1140202300012 
 1.125  -02 6.0    +04                                            1140202300013 
 1.4    -02                                                       1140202300014 
 1.7    -02                                                       1140202300015 
ENDDATA              7          0                                 1140202300016 
ENDSUBENT           15          0                                 1140202399999 
SUBENT        11402024   19820813                             00001140202400001 
BIB                  2          2                                 1140202400002 
REACTION   (82-PB-0(N,TOT),,SIG)                                  1140202400003 
STATUS     (UNOBT) DATA UNAVAILABLE AT N.N.C.S.C.                 1140202400004 
ENDBIB               2          0                                 1140202400005 
COMMON               2          3                                 1140202400006 
EN-MIN     EN-MAX                                                 1140202400007 
KEV        KEV                                                    1140202400008 
 20.        34.                                                   1140202400009 
ENDCOMMON            3          0                                 1140202400010 
NODATA               0          0                                 1140202400011 
ENDSUBENT           10          0                                 1140202499999 
SUBENT        11402025   19820813                             00001140202500001 
BIB                  2          2                                 1140202500002 
REACTION   (83-BI-209(N,TOT),,SIG)                                1140202500003 
SAMPLE     SAMPLE THICKNESS 2.42 * 10**22 ATOMS/CM2.              1140202500004 
ENDBIB               2          0                                 1140202500005 
NOCOMMON             0          0                                 1140202500006 
DATA                 2         18                                 1140202500007 
EN         DATA                                                   1140202500008 
MEV        B                                                      1140202500009 
 2.15   -03 1.7    +01                                            1140202500010 
 2.16   -03 1.62   +01                                            1140202500011 
 2.18   -03 2.07   +01                                            1140202500012 
 2.20   -03 2.9    +01                                            1140202500013 
 2.23   -03 3.59   +01                                            1140202500014 
 2.26   -03 4.9    +01                                            1140202500015 
 2.28   -03 5.68   +01                                            1140202500016 
 2.31   -03 4.8    +01                                            1140202500017 
 2.34   -03 3.31   +01                                            1140202500018 
 2.36   -03 2.72   +01                                            1140202500019 
 2.38   -03 3.03   +01                                            1140202500020 
 2.40   -03 1.71   +01                                            1140202500021 
 2.42   -03 1.84   +01                                            1140202500022 
 2.45   -03 2.24   +01                                            1140202500023 
 2.48   -03 1.65   +01                                            1140202500024 
 2.51   -03 1.21   +01                                            1140202500025 
 2.54   -03 2.02   +01                                            1140202500026 
 2.57   -03 1.67   +01                                            1140202500027 
ENDDATA             20          0                                 1140202500028 
ENDSUBENT           27          0                                 1140202599999 
SUBENT        11402026   19820813                             00001140202600001 
BIB                  2          2                                 1140202600002 
REACTION   (19-K-39(N,TOT),,SIG)                                  1140202600003 
METHOD     (TOF)      TIME-OF-FLIGHT                              1140202600004 
ENDBIB               2          0                                 1140202600005 
COMMON               1          3                                 1140202600006 
EN-RSL                                                            1140202600007 
PER-CENT                                                          1140202600008 
 3.0                                                              1140202600009 
ENDCOMMON            3          0                                 1140202600010 
DATA                 2         16                                 1140202600011 
EN         DATA                                                   1140202600012 
MEV        B                                                      1140202600013 
 8.25   -03 3.3    +00                                            1140202600014 
 8.35   -03 2.0    +00                                            1140202600015 
 8.40   -03 2.9    +00                                            1140202600016 
 8.53   -03 3.3    +00                                            1140202600017 
 8.75   -03 3.0    +00                                            1140202600018 
 8.85   -03 2.8    +00                                            1140202600019 
 8.95   -03 4.8    +00                                            1140202600020 
 9.05   -03 7.8    +00                                            1140202600021 
 9.15   -03 9.9    +00                                            1140202600022 
 9.30   -03 1.03   +01                                            1140202600023 
 9.40   -03 8.3    +00                                            1140202600024 
 9.50   -03 5.0    +00                                            1140202600025 
 9.60   -03 3.3    +00                                            1140202600026 
 9.70   -03 1.8    +00                                            1140202600027 
 9.80   -03 4.0    +00                                            1140202600028 
 9.90   -03 3.0    +00                                            1140202600029 
ENDDATA             18          0                                 1140202600030 
ENDSUBENT           29          0                                 1140202699999 
SUBENT        11402027   19820813                             00001140202700001 
BIB                  1          2                                 1140202700002 
REACTION  1(83-BI-209(N,0),,EN)                                   1140202700003 
          2(83-BI-209(N,TOT),,WID)                                1140202700004 
ENDBIB               2          0                                 1140202700005 
NOCOMMON             0          0                                 1140202700006 
DATA                 2          4                                 1140202700007 
DATA      1DATA      2                                            1140202700008 
KEV        EV                                                     1140202700009 
 2.3        24.                                                   1140202700010 
12.5                                                              1140202700011 
15.5                                                              1140202700012 
33.                                                               1140202700013 
ENDDATA              6          0                                 1140202700014 
ENDSUBENT           13          0                                 1140202799999 
ENDENTRY            27          0                                 1140299999999 
