ENTRY            11412   19820813                             00001141200000001 
SUBENT        11412001   19820813                             00001141200100001 
BIB                  6          8                                 1141200100002 
INSTITUTE  (1USATEX)                                              1141200100003 
REFERENCE  (J,PR,122,1877,61)                                     1141200100004 
AUTHOR     (C.F.WILLIAMSON)                                       1141200100005 
TITLE      ABSOLUTE CROSS SECTIONS OF THE REACTIONS NA23(N,P)NE23 1141200100006 
           AND NA23(N,ALPHA)F20.                                  1141200100007 
STATUS     (SCSRS)                                                1141200100008 
HISTORY    (760715T) TRANSLATED FROM SCISRS                       1141200100009 
           (820813A) CONVERTED TO REACTION FORMALISM              1141200100010 
ENDBIB               8          0                                 1141200100011 
NOCOMMON             0          0                                 1141200100012 
ENDSUBENT           11          0                                 1141200199999 
SUBENT        11412002   19820813                             00001141200200001 
BIB                  3          3                                 1141200200002 
REACTION   (11-NA-23(N,A)9-F-20,,SIG)                             1141200200003 
METHOD     (ACTIV)    ACTIVATION                                  1141200200004 
DECAY-DATA (9-F-20,,B)                                            1141200200005 
ENDBIB               3          0                                 1141200200006 
NOCOMMON             0          0                                 1141200200007 
DATA                 4         39                                 1141200200008 
EN         EN-RSL     DATA       DATA-ERR                         1141200200009 
MEV        MEV        B          PER-CENT                         1141200200010 
 6.30   +00 1.3    -01 1.2    -03   24.                           1141200200011 
 6.40   +00 1.3    -01 2.1    -03   24.                           1141200200012 
 6.50   +00 1.3    -01 2.8    -03   24.                           1141200200013 
 6.60   +00 1.3    -01 3.7    -03   24.                           1141200200014 
 6.70   +00 1.3    -01 4.8    -03   24.                           1141200200015 
 6.80   +00 1.3    -01 5.1    -03   24.                           1141200200016 
 6.90   +00 1.3    -01 7.0    -03   24.                           1141200200017 
 7.00   +00 1.3    -01 7.5    -03   24.                           1141200200018 
 7.10   +00 1.3    -01 8.2    -03   24.                           1141200200019 
 7.20   +00 1.3    -01 9.3    -03   24.                           1141200200020 
 7.30   +00 1.3    -01 1.10   -02   24.                           1141200200021 
 7.40   +00 7.     -02 1.23   -02   24.                           1141200200022 
 7.50   +00 7.     -02 1.51   -02   24.                           1141200200023 
 7.60   +00 7.     -02 1.68   -02   24.                           1141200200024 
 7.70   +00 7.     -02 2.50   -02   33.                           1141200200025 
 8.7    +00 4.     -02 4.50   -02   33.                           1141200200026 
 8.8    +00 4.     -02 2.50   -02   33.                           1141200200027 
 8.9    +00 4.     -02 3.00   -02   33.                           1141200200028 
 9.0    +00 4.     -02 4.60   -02   33.                           1141200200029 
 9.1    +00 4.     -02 6.00   -02   33.                           1141200200030 
 9.2    +00 4.     -02 5.00   -02   33.                           1141200200031 
 9.3    +00 4.     -02 3.90   -02   33.                           1141200200032 
 9.4    +00 4.     -02 3.20   -02   33.                           1141200200033 
 9.5    +00 4.     -02 4.80   -02   33.                           1141200200034 
 9.6    +00 4.     -02 5.90   -02   33.                           1141200200035 
 9.7    +00 4.     -02 5.00   -02   33.                           1141200200036 
 9.8    +00 4.     -02 5.20   -02   33.                           1141200200037 
 9.9    +00 4.     -02 4.80   -02   33.                           1141200200038 
 1.00   +01 4.     -02 7.80   -02   33.                           1141200200039 
 1.01   +01 4.     -02 7.80   -02   33.                           1141200200040 
 1.02   +01 4.     -02 5.00   -02   33.                           1141200200041 
 1.03   +01 4.     -02 4.20   -02   33.                           1141200200042 
 1.04   +01 4.     -02 5.00   -02   33.                           1141200200043 
 1.05   +01 4.     -02 7.10   -02   33.                           1141200200044 
 1.59   +01 3.     -02 1.00   -01   33.                           1141200200045 
 1.68   +01 3.     -02 6.9    -02   33.                           1141200200046 
 1.75   +01 3.     -02 6.0    -02   33.                           1141200200047 
 1.82   +01 3.     -02 5.4    -02   33.                           1141200200048 
 1.90   +01 3.     -02 3.9    -02   33.                           1141200200049 
ENDDATA             41          0                                 1141200200050 
ENDSUBENT           49          0                                 1141200299999 
SUBENT        11412003   19820813                             00001141200300001 
BIB                  4          4                                 1141200300002 
REACTION   (11-NA-23(N,P)10-NE-23,,SIG)                           1141200300003 
INC-SPECT  ENERGY RESOLUTION 20 TO 40 KEV                         1141200300004 
METHOD     (ACTIV)    ACTIVATION                                  1141200300005 
DECAY-DATA (10-NE-23,,B)                                          1141200300006 
ENDBIB               4          0                                 1141200300007 
COMMON               1          3                                 1141200300008 
EN-RSL                                                            1141200300009 
KEV                                                               1141200300010 
 40.                                                              1141200300011 
ENDCOMMON            3          0                                 1141200300012 
DATA                 3        103                                 1141200300013 
EN         DATA       DATA-ERR                                    1141200300014 
MEV        B          PER-CENT                                    1141200300015 
 4.00   +00 7.5    -05   16.                                      1141200300016 
 4.05   +00 1.00   -04   16.                                      1141200300017 
 4.10   +00 1.50   -04   16.                                      1141200300018 
 4.15   +00 2.00   -04   16.                                      1141200300019 
 4.20   +00 2.50   -04   16.                                      1141200300020 
 4.25   +00 2.90   -04   16.                                      1141200300021 
 4.30   +00 3.25   -04   16.                                      1141200300022 
 4.35   +00 4.00   -04   16.                                      1141200300023 
 4.40   +00 4.60   -04   16.                                      1141200300024 
 4.45   +00 5.30   -04   16.                                      1141200300025 
 4.50   +00 6.00   -04   16.                                      1141200300026 
 4.55   +00 6.40   -04   16.                                      1141200300027 
 4.60   +00 7.10   -04   16.                                      1141200300028 
 4.65   +00 7.80   -04   16.                                      1141200300029 
 4.70   +00 8.90   -04   16.                                      1141200300030 
 4.75   +00 1.01   -03   16.                                      1141200300031 
 4.80   +00 1.15   -03   16.                                      1141200300032 
 4.85   +00 1.50   -03   16.                                      1141200300033 
 4.90   +00 2.37   -03   16.                                      1141200300034 
 4.95   +00 1.74   -03   16.                                      1141200300035 
 5.00   +00 2.15   -03   16.                                      1141200300036 
 5.05   +00 3.24   -03   16.                                      1141200300037 
 5.10   +00 3.60   -03   16.                                      1141200300038 
 5.15   +00 3.40   -03   16.                                      1141200300039 
 5.20   +00 2.75   -03   16.                                      1141200300040 
 5.25   +00 2.10   -03   16.                                      1141200300041 
 5.30   +00 4.00   -03   16.                                      1141200300042 
 5.35   +00 9.1    -03   16.                                      1141200300043 
 5.40   +00 8.1    -03   16.                                      1141200300044 
 5.45   +00 6.2    -03   16.                                      1141200300045 
 5.50   +00 1.00   -02   16.                                      1141200300046 
 5.55   +00 7.0    -03   16.                                      1141200300047 
 5.60   +00 1.15   -02   16.                                      1141200300048 
 5.65   +00 8.0    -03   16.                                      1141200300049 
 5.70   +00 1.28   -02   16.                                      1141200300050 
 5.75   +00 1.54   -02   16.                                      1141200300051 
 5.80   +00 1.52   -02   16.                                      1141200300052 
 5.85   +00 1.60   -02   16.                                      1141200300053 
 5.90   +00 2.25   -02   16.                                      1141200300054 
 5.95   +00 2.42   -02   16.                                      1141200300055 
 6.00   +00 1.62   -02   24.                                      1141200300056 
 6.05   +00 1.30   -02   24.                                      1141200300057 
 6.10   +00 1.69   -02   24.                                      1141200300058 
 6.15   +00 1.68   -02   24.                                      1141200300059 
 6.20   +00 1.36   -02   24.                                      1141200300060 
 6.25   +00 3.10   -02   24.                                      1141200300061 
 6.30   +00 2.50   -02   24.                                      1141200300062 
 6.35   +00 2.00   -02   24.                                      1141200300063 
 6.40   +00 3.50   -02   24.                                      1141200300064 
 6.45   +00 3.85   -02   24.                                      1141200300065 
 6.50   +00 2.85   -02   24.                                      1141200300066 
 6.55   +00 2.50   -02   24.                                      1141200300067 
 6.60   +00 2.23   -02   24.                                      1141200300068 
 6.65   +00 2.10   -02   24.                                      1141200300069 
 6.70   +00 2.10   -02   24.                                      1141200300070 
 6.75   +00 2.09   -02   24.                                      1141200300071 
 6.80   +00 2.17   -02   24.                                      1141200300072 
 6.85   +00 2.28   -02   24.                                      1141200300073 
 6.90   +00 2.50   -02   24.                                      1141200300074 
 6.95   +00 4.00   -02   24.                                      1141200300075 
 7.00   +00 3.83   -02   24.                                      1141200300076 
 7.05   +00 3.48   -02   24.                                      1141200300077 
 7.10   +00 2.65   -02   24.                                      1141200300078 
 7.15   +00 2.60   -02   24.                                      1141200300079 
 7.20   +00 3.07   -02   24.                                      1141200300080 
 7.25   +00 4.09   -02   24.                                      1141200300081 
 7.30   +00 3.90   -02   24.                                      1141200300082 
 7.35   +00 3.40   -02   24.                                      1141200300083 
 7.40   +00 3.10   -02   24.                                      1141200300084 
 7.45   +00 3.23   -02   24.                                      1141200300085 
 7.50   +00 3.50   -02   24.                                      1141200300086 
 7.55   +00 3.73   -02   24.                                      1141200300087 
 7.60   +00 4.00   -02   24.                                      1141200300088 
 7.65   +00 4.22   -02   24.                                      1141200300089 
 7.70   +00 4.00   -02   24.                                      1141200300090 
 7.75   +00 3.20   -02   24.                                      1141200300091 
 7.80   +00 3.10   -02   24.                                      1141200300092 
 7.85   +00 4.00   -02   24.                                      1141200300093 
 7.90   +00 3.00   -02   24.                                      1141200300094 
 8.6    +00 4.10   -02   33.                                      1141200300095 
 8.7    +00 5.50   -02   33.                                      1141200300096 
 8.8    +00 6.80   -02   33.                                      1141200300097 
 8.9    +00 6.00   -02   33.                                      1141200300098 
 9.0    +00 4.70   -02   33.                                      1141200300099 
 9.1    +00 4.20   -02   33.                                      1141200300100 
 9.2    +00 4.00   -02   33.                                      1141200300101 
 9.3    +00 4.40   -02   33.                                      1141200300102 
 9.4    +00 5.60   -02   33.                                      1141200300103 
 9.5    +00 7.00   -02   33.                                      1141200300104 
 9.6    +00 8.30   -02   33.                                      1141200300105 
 9.7    +00 6.30   -02   33.                                      1141200300106 
 9.8    +00 5.00   -02   33.                                      1141200300107 
 9.9    +00 5.80   -02   33.                                      1141200300108 
 1.00   +01 7.80   -02   33.                                      1141200300109 
 1.01   +01 1.21   -01   33.                                      1141200300110 
 1.02   +01 1.05   -01   33.                                      1141200300111 
 1.03   +01 7.80   -02   33.                                      1141200300112 
 1.04   +01 7.80   -02   33.                                      1141200300113 
 1.59   +01 3.2    -02   33.                                      1141200300114 
 1.68   +01 2.25   -02   33.                                      1141200300115 
 1.75   +01 1.90   -02   33.                                      1141200300116 
 1.82   +01 2.3    -02   33.                                      1141200300117 
 1.90   +01 2.0    -02   33.                                      1141200300118 
ENDDATA            105          0                                 1141200300119 
ENDSUBENT          118          0                                 1141200399999 
SUBENT        11412004   19820813                             00001141200400001 
BIB                  2          2                                 1141200400002 
REACTION   (11-NA-23(N,0),,EN)                                    1141200400003 
FLAG       (1.) RESONANCE DOUBTFUL                                1141200400004 
ENDBIB               2          0                                 1141200400005 
NOCOMMON             0          0                                 1141200400006 
DATA                 2         12                                 1141200400007 
DATA       FLAG                                                   1141200400008 
MEV        NO-DIM                                                 1141200400009 
 5.206                                                            1141200400010 
 5.599                                                            1141200400011 
 5.816                                                            1141200400012 
 6.033                                                            1141200400013 
 6.248                                                            1141200400014 
 6.423                                                            1141200400015 
 6.575                                                            1141200400016 
 6.935                                                            1141200400017 
 7.137      1.                                                    1141200400018 
 7.267                                                            1141200400019 
 7.450      1.                                                    1141200400020 
 7.760                                                            1141200400021 
ENDDATA             14          0                                 1141200400022 
ENDSUBENT           21          0                                 1141200499999 
ENDENTRY             4          0                                 1141299999999 
