ENTRY            11413   19820813                             00001141300000001 
SUBENT        11413001   19820813                             00001141300100001 
BIB                  6          9                                 1141300100002 
INSTITUTE  (1USAANL)                                              1141300100003 
REFERENCE  (J,PR,122,1235,61)                                     1141300100004 
           (W,HIBDON,6406) TABULATED DATA.                        1141300100005 
AUTHOR     (C.T.HIBDON)                                           1141300100006 
TITLE      NUCLEAR ENERGY LEVELS OF NA23 IN THE REGION FROM 350 TO1141300100007 
           630 KEV.                                               1141300100008 
STATUS     (SCSRS)                                                1141300100009 
HISTORY    (760715T) TRANSLATED FROM SCISRS                       1141300100010 
           (820813A) CONVERTED TO REACTION FORMALISM              1141300100011 
ENDBIB               9          0                                 1141300100012 
NOCOMMON             0          0                                 1141300100013 
ENDSUBENT           12          0                                 1141300199999 
SUBENT        11413002   19820813                             00001141300200001 
BIB                  2          2                                 1141300200002 
REACTION   (11-NA-23(N,TOT),,SIG)                                 1141300200003 
COMMENT    FLAT DETECTION.                                        1141300200004 
ENDBIB               2          0                                 1141300200005 
NOCOMMON             0          0                                 1141300200006 
DATA                 2        346                                 1141300200007 
EN         DATA                                                   1141300200008 
MEV        B                                                      1141300200009 
 3.500  -01 2.93   +00                                            1141300200010 
 3.510  -01 3.05   +00                                            1141300200011 
 3.520  -01 3.37   +00                                            1141300200012 
 3.530  -01 3.38   +00                                            1141300200013 
 3.540  -01 3.17   +00                                            1141300200014 
 3.550  -01 3.19   +00                                            1141300200015 
 3.560  -01 3.42   +00                                            1141300200016 
 3.570  -01 3.17   +00                                            1141300200017 
 3.580  -01 2.94   +00                                            1141300200018 
 3.585  -01 3.00   +00                                            1141300200019 
 3.590  -01 3.33   +00                                            1141300200020 
 3.595  -01 3.63   +00                                            1141300200021 
 3.600  -01 3.33   +00                                            1141300200022 
 3.605  -01 3.14   +00                                            1141300200023 
 3.610  -01 3.39   +00                                            1141300200024 
 3.620  -01 3.74   +00                                            1141300200025 
 3.630  -01 3.33   +00                                            1141300200026 
 3.640  -01 3.68   +00                                            1141300200027 
 3.650  -01 3.17   +00                                            1141300200028 
 3.660  -01 3.08   +00                                            1141300200029 
 3.670  -01 3.32   +00                                            1141300200030 
 3.675  -01 3.54   +00                                            1141300200031 
 3.680  -01 3.70   +00                                            1141300200032 
 3.685  -01 3.47   +00                                            1141300200033 
 3.690  -01 3.13   +00                                            1141300200034 
 3.700  -01 3.33   +00                                            1141300200035 
 3.710  -01 3.34   +00                                            1141300200036 
 3.720  -01 3.90   +00                                            1141300200037 
 3.730  -01 3.52   +00                                            1141300200038 
 3.740  -01 3.69   +00                                            1141300200039 
 3.750  -01 3.84   +00                                            1141300200040 
 3.760  -01 3.60   +00                                            1141300200041 
 3.770  -01 3.45   +00                                            1141300200042 
 3.780  -01 3.89   +00                                            1141300200043 
 3.785  -01 4.09   +00                                            1141300200044 
 3.790  -01 4.27   +00                                            1141300200045 
 3.795  -01 4.18   +00                                            1141300200046 
 3.800  -01 4.07   +00                                            1141300200047 
 3.805  -01 3.85   +00                                            1141300200048 
 3.810  -01 3.78   +00                                            1141300200049 
 3.820  -01 4.45   +00                                            1141300200050 
 3.830  -01 4.27   +00                                            1141300200051 
 3.840  -01 4.05   +00                                            1141300200052 
 3.845  -01 4.21   +00                                            1141300200053 
 3.850  -01 4.71   +00                                            1141300200054 
 3.855  -01 4.73   +00                                            1141300200055 
 3.860  -01 4.34   +00                                            1141300200056 
 3.865  -01 4.11   +00                                            1141300200057 
 3.870  -01 4.15   +00                                            1141300200058 
 3.880  -01 4.61   +00                                            1141300200059 
 3.890  -01 5.19   +00                                            1141300200060 
 3.900  -01 4.08   +00                                            1141300200061 
 3.905  -01 4.11   +00                                            1141300200062 
 3.910  -01 4.71   +00                                            1141300200063 
 3.915  -01 4.75   +00                                            1141300200064 
 3.920  -01 4.48   +00                                            1141300200065 
 3.925  -01 4.11   +00                                            1141300200066 
 3.930  -01 4.39   +00                                            1141300200067 
 3.935  -01 4.62   +00                                            1141300200068 
 3.940  -01 4.86   +00                                            1141300200069 
 3.945  -01 4.84   +00                                            1141300200070 
 3.950  -01 4.39   +00                                            1141300200071 
 3.955  -01 4.20   +00                                            1141300200072 
 3.960  -01 4.44   +00                                            1141300200073 
 3.970  -01 4.97   +00                                            1141300200074 
 3.980  -01 5.31   +00                                            1141300200075 
 3.990  -01 4.65   +00                                            1141300200076 
 4.000  -01 5.09   +00                                            1141300200077 
 4.010  -01 5.00   +00                                            1141300200078 
 4.020  -01 3.98   +00                                            1141300200079 
 4.020  -01 4.00   +00                                            1141300200080 
 4.025  -01 4.13   +00                                            1141300200081 
 4.030  -01 4.77   +00                                            1141300200082 
 4.040  -01 4.60   +00                                            1141300200083 
 4.045  -01 3.70   +00                                            1141300200084 
 4.050  -01 3.84   +00                                            1141300200085 
 4.060  -01 4.50   +00                                            1141300200086 
 4.070  -01 4.00   +00                                            1141300200087 
 4.080  -01 3.50   +00                                            1141300200088 
 4.090  -01 3.28   +00                                            1141300200089 
 4.100  -01 3.68   +00                                            1141300200090 
 4.110  -01 4.00   +00                                            1141300200091 
 4.120  -01 3.83   +00                                            1141300200092 
 4.130  -01 3.52   +00                                            1141300200093 
 4.140  -01 3.75   +00                                            1141300200094 
 4.150  -01 3.57   +00                                            1141300200095 
 4.160  -01 3.56   +00                                            1141300200096 
 4.170  -01 3.77   +00                                            1141300200097 
 4.180  -01 3.17   +00                                            1141300200098 
 4.185  -01 3.15   +00                                            1141300200099 
 4.190  -01 3.34   +00                                            1141300200100 
 4.195  -01 3.65   +00                                            1141300200101 
 4.200  -01 2.68   +00                                            1141300200102 
 4.205  -01 2.55   +00                                            1141300200103 
 4.210  -01 2.68   +00                                            1141300200104 
 4.220  -01 3.76   +00                                            1141300200105 
 4.230  -01 3.95   +00                                            1141300200106 
 4.240  -01 3.25   +00                                            1141300200107 
 4.250  -01 3.05   +00                                            1141300200108 
 4.260  -01 3.60   +00                                            1141300200109 
 4.270  -01 3.25   +00                                            1141300200110 
 4.280  -01 3.45   +00                                            1141300200111 
 4.290  -01 3.14   +00                                            1141300200112 
 4.300  -01 3.55   +00                                            1141300200113 
 4.310  -01 3.58   +00                                            1141300200114 
 4.320  -01 3.87   +00                                            1141300200115 
 4.330  -01 3.50   +00                                            1141300200116 
 4.340  -01 3.28   +00                                            1141300200117 
 4.350  -01 3.12   +00                                            1141300200118 
 4.360  -01 3.33   +00                                            1141300200119 
 4.370  -01 3.34   +00                                            1141300200120 
 4.380  -01 3.15   +00                                            1141300200121 
 4.385  -01 3.48   +00                                            1141300200122 
 4.390  -01 3.99   +00                                            1141300200123 
 4.395  -01 3.68   +00                                            1141300200124 
 4.400  -01 3.37   +00                                            1141300200125 
 4.410  -01 3.27   +00                                            1141300200126 
 4.420  -01 3.50   +00                                            1141300200127 
 4.430  -01 4.09   +00                                            1141300200128 
 4.440  -01 3.82   +00                                            1141300200129 
 4.450  -01 3.82   +00                                            1141300200130 
 4.455  -01 4.18   +00                                            1141300200131 
 4.460  -01 4.67   +00                                            1141300200132 
 4.460  -01 4.60   +00                                            1141300200133 
 4.465  -01 4.61   +00                                            1141300200134 
 4.470  -01 4.17   +00                                            1141300200135 
 4.480  -01 4.67   +00                                            1141300200136 
 4.490  -01 5.55   +00                                            1141300200137 
 4.495  -01 5.92   +00                                            1141300200138 
 4.500  -01 6.08   +00                                            1141300200139 
 4.505  -01 5.61   +00                                            1141300200140 
 4.510  -01 4.90   +00                                            1141300200141 
 4.520  -01 5.67   +00                                            1141300200142 
 4.530  -01 5.24   +00                                            1141300200143 
 4.540  -01 4.63   +00                                            1141300200144 
 4.550  -01 3.89   +00                                            1141300200145 
 4.560  -01 4.38   +00                                            1141300200146 
 4.570  -01 3.83   +00                                            1141300200147 
 4.580  -01 2.92   +00                                            1141300200148 
 4.590  -01 2.94   +00                                            1141300200149 
 4.595  -01 3.18   +00                                            1141300200150 
 4.600  -01 3.40   +00                                            1141300200151 
 4.605  -01 3.06   +00                                            1141300200152 
 4.610  -01 2.71   +00                                            1141300200153 
 4.620  -01 2.87   +00                                            1141300200154 
 4.630  -01 3.18   +00                                            1141300200155 
 4.640  -01 2.75   +00                                            1141300200156 
 4.650  -01 2.20   +00                                            1141300200157 
 4.660  -01 3.12   +00                                            1141300200158 
 4.670  -01 3.76   +00                                            1141300200159 
 4.680  -01 3.16   +00                                            1141300200160 
 4.690  -01 2.93   +00                                            1141300200161 
 4.700  -01 2.70   +00                                            1141300200162 
 4.710  -01 3.02   +00                                            1141300200163 
 4.720  -01 2.75   +00                                            1141300200164 
 4.730  -01 2.53   +00                                            1141300200165 
 4.740  -01 2.52   +00                                            1141300200166 
 4.750  -01 2.81   +00                                            1141300200167 
 4.760  -01 3.21   +00                                            1141300200168 
 4.770  -01 3.17   +00                                            1141300200169 
 4.780  -01 2.60   +00                                            1141300200170 
 4.790  -01 2.35   +00                                            1141300200171 
 4.800  -01 2.34   +00                                            1141300200172 
 4.810  -01 2.90   +00                                            1141300200173 
 4.820  -01 2.55   +00                                            1141300200174 
 4.830  -01 2.36   +00                                            1141300200175 
 4.840  -01 2.25   +00                                            1141300200176 
 4.850  -01 2.16   +00                                            1141300200177 
 4.860  -01 2.37   +00                                            1141300200178 
 4.870  -01 2.92   +00                                            1141300200179 
 4.880  -01 2.75   +00                                            1141300200180 
 4.890  -01 2.35   +00                                            1141300200181 
 4.900  -01 2.16   +00                                            1141300200182 
 4.900  -01 2.12   +00                                            1141300200183 
 4.910  -01 2.16   +00                                            1141300200184 
 4.910  -01 2.11   +00                                            1141300200185 
 4.915  -01 2.19   +00                                            1141300200186 
 4.920  -01 2.28   +00                                            1141300200187 
 4.920  -01 2.17   +00                                            1141300200188 
 4.930  -01 2.42   +00                                            1141300200189 
 4.940  -01 3.02   +00                                            1141300200190 
 4.940  -01 2.92   +00                                            1141300200191 
 4.950  -01 2.48   +00                                            1141300200192 
 4.950  -01 2.41   +00                                            1141300200193 
 4.960  -01 2.37   +00                                            1141300200194 
 4.960  -01 2.36   +00                                            1141300200195 
 4.970  -01 2.35   +00                                            1141300200196 
 4.970  -01 2.27   +00                                            1141300200197 
 4.980  -01 2.30   +00                                            1141300200198 
 4.980  -01 2.25   +00                                            1141300200199 
 4.990  -01 2.26   +00                                            1141300200200 
 4.990  -01 2.21   +00                                            1141300200201 
 5.000  -01 2.32   +00                                            1141300200202 
 5.000  -01 2.25   +00                                            1141300200203 
 5.010  -01 2.29   +00                                            1141300200204 
 5.010  -01 2.22   +00                                            1141300200205 
 5.020  -01 2.27   +00                                            1141300200206 
 5.020  -01 2.19   +00                                            1141300200207 
 5.030  -01 2.27   +00                                            1141300200208 
 5.030  -01 2.22   +00                                            1141300200209 
 5.040  -01 2.29   +00                                            1141300200210 
 5.040  -01 2.21   +00                                            1141300200211 
 5.050  -01 2.29   +00                                            1141300200212 
 5.050  -01 2.28   +00                                            1141300200213 
 5.060  -01 2.19   +00                                            1141300200214 
 5.070  -01 2.18   +00                                            1141300200215 
 5.080  -01 2.19   +00                                            1141300200216 
 5.090  -01 2.28   +00                                            1141300200217 
 5.100  -01 2.62   +00                                            1141300200218 
 5.105  -01 2.95   +00                                            1141300200219 
 5.110  -01 3.15   +00                                            1141300200220 
 5.115  -01 2.89   +00                                            1141300200221 
 5.120  -01 2.53   +00                                            1141300200222 
 5.130  -01 2.19   +00                                            1141300200223 
 5.140  -01 2.16   +00                                            1141300200224 
 5.150  -01 2.11   +00                                            1141300200225 
 5.160  -01 2.00   +00                                            1141300200226 
 5.170  -01 1.97   +00                                            1141300200227 
 5.180  -01 1.99   +00                                            1141300200228 
 5.190  -01 1.95   +00                                            1141300200229 
 5.200  -01 1.89   +00                                            1141300200230 
 5.210  -01 1.87   +00                                            1141300200231 
 5.220  -01 1.76   +00                                            1141300200232 
 5.230  -01 1.81   +00                                            1141300200233 
 5.240  -01 1.87   +00                                            1141300200234 
 5.240  -01 1.83   +00                                            1141300200235 
 5.250  -01 1.86   +00                                            1141300200236 
 5.260  -01 1.89   +00                                            1141300200237 
 5.270  -01 1.97   +00                                            1141300200238 
 5.280  -01 2.07   +00                                            1141300200239 
 5.290  -01 2.36   +00                                            1141300200240 
 5.290  -01 2.33   +00                                            1141300200241 
 5.300  -01 2.85   +00                                            1141300200242 
 5.310  -01 2.19   +00                                            1141300200243 
 5.320  -01 2.79   +00                                            1141300200244 
 5.330  -01 3.11   +00                                            1141300200245 
 5.340  -01 2.53   +00                                            1141300200246 
 5.350  -01 2.85   +00                                            1141300200247 
 5.360  -01 3.35   +00                                            1141300200248 
 5.370  -01 2.80   +00                                            1141300200249 
 5.380  -01 2.87   +00                                            1141300200250 
 5.385  -01 3.05   +00                                            1141300200251 
 5.390  -01 3.47   +00                                            1141300200252 
 5.400  -01 4.03   +00                                            1141300200253 
 5.410  -01 4.28   +00                                            1141300200254 
 5.420  -01 3.89   +00                                            1141300200255 
 5.430  -01 3.67   +00                                            1141300200256 
 5.440  -01 3.72   +00                                            1141300200257 
 5.450  -01 4.04   +00                                            1141300200258 
 5.460  -01 3.65   +00                                            1141300200259 
 5.470  -01 3.38   +00                                            1141300200260 
 5.480  -01 3.59   +00                                            1141300200261 
 5.490  -01 4.12   +00                                            1141300200262 
 5.500  -01 4.37   +00                                            1141300200263 
 5.510  -01 3.63   +00                                            1141300200264 
 5.520  -01 3.80   +00                                            1141300200265 
 5.530  -01 4.25   +00                                            1141300200266 
 5.540  -01 4.02   +00                                            1141300200267 
 5.550  -01 3.85   +00                                            1141300200268 
 5.560  -01 3.77   +00                                            1141300200269 
 5.570  -01 4.20   +00                                            1141300200270 
 5.580  -01 3.48   +00                                            1141300200271 
 5.590  -01 3.55   +00                                            1141300200272 
 5.600  -01 3.76   +00                                            1141300200273 
 5.610  -01 4.35   +00                                            1141300200274 
 5.620  -01 3.94   +00                                            1141300200275 
 5.630  -01 3.56   +00                                            1141300200276 
 5.640  -01 3.89   +00                                            1141300200277 
 5.650  -01 4.50   +00                                            1141300200278 
 5.660  -01 3.91   +00                                            1141300200279 
 5.670  -01 3.55   +00                                            1141300200280 
 5.680  -01 4.03   +00                                            1141300200281 
 5.690  -01 3.56   +00                                            1141300200282 
 5.700  -01 4.12   +00                                            1141300200283 
 5.710  -01 4.10   +00                                            1141300200284 
 5.720  -01 3.61   +00                                            1141300200285 
 5.730  -01 3.55   +00                                            1141300200286 
 5.740  -01 3.96   +00                                            1141300200287 
 5.750  -01 4.46   +00                                            1141300200288 
 5.760  -01 3.80   +00                                            1141300200289 
 5.770  -01 3.37   +00                                            1141300200290 
 5.780  -01 3.93   +00                                            1141300200291 
 5.790  -01 4.27   +00                                            1141300200292 
 5.800  -01 3.66   +00                                            1141300200293 
 5.810  -01 3.37   +00                                            1141300200294 
 5.820  -01 4.30   +00                                            1141300200295 
 5.820  -01 4.25   +00                                            1141300200296 
 5.830  -01 4.31   +00                                            1141300200297 
 5.830  -01 4.13   +00                                            1141300200298 
 5.840  -01 3.89   +00                                            1141300200299 
 5.850  -01 3.57   +00                                            1141300200300 
 5.850  -01 3.48   +00                                            1141300200301 
 5.860  -01 4.17   +00                                            1141300200302 
 5.860  -01 4.13   +00                                            1141300200303 
 5.870  -01 4.66   +00                                            1141300200304 
 5.880  -01 4.24   +00                                            1141300200305 
 5.890  -01 4.10   +00                                            1141300200306 
 5.900  -01 4.26   +00                                            1141300200307 
 5.910  -01 4.34   +00                                            1141300200308 
 5.920  -01 4.61   +00                                            1141300200309 
 5.930  -01 5.25   +00                                            1141300200310 
 5.940  -01 4.51   +00                                            1141300200311 
 5.950  -01 5.27   +00                                            1141300200312 
 5.960  -01 5.45   +00                                            1141300200313 
 5.970  -01 4.67   +00                                            1141300200314 
 5.980  -01 4.83   +00                                            1141300200315 
 5.990  -01 5.26   +00                                            1141300200316 
 5.990  -01 5.17   +00                                            1141300200317 
 6.000  -01 5.76   +00                                            1141300200318 
 6.000  -01 5.69   +00                                            1141300200319 
 6.005  -01 6.16   +00                                            1141300200320 
 6.010  -01 6.85   +00                                            1141300200321 
 6.020  -01 5.30   +00                                            1141300200322 
 6.020  -01 5.52   +00                                            1141300200323 
 6.030  -01 5.00   +00                                            1141300200324 
 6.040  -01 4.83   +00                                            1141300200325 
 6.050  -01 5.32   +00                                            1141300200326 
 6.060  -01 4.85   +00                                            1141300200327 
 6.070  -01 4.55   +00                                            1141300200328 
 6.080  -01 5.30   +00                                            1141300200329 
 6.090  -01 4.64   +00                                            1141300200330 
 6.100  -01 4.37   +00                                            1141300200331 
 6.110  -01 5.00   +00                                            1141300200332 
 6.120  -01 4.69   +00                                            1141300200333 
 6.130  -01 4.07   +00                                            1141300200334 
 6.140  -01 4.17   +00                                            1141300200335 
 6.150  -01 4.98   +00                                            1141300200336 
 6.155  -01 4.76   +00                                            1141300200337 
 6.160  -01 4.25   +00                                            1141300200338 
 6.170  -01 3.97   +00                                            1141300200339 
 6.180  -01 4.28   +00                                            1141300200340 
 6.190  -01 4.43   +00                                            1141300200341 
 6.200  -01 4.03   +00                                            1141300200342 
 6.205  -01 4.25   +00                                            1141300200343 
 6.210  -01 4.57   +00                                            1141300200344 
 6.215  -01 4.28   +00                                            1141300200345 
 6.220  -01 4.05   +00                                            1141300200346 
 6.230  -01 4.50   +00                                            1141300200347 
 6.240  -01 3.88   +00                                            1141300200348 
 6.245  -01 3.86   +00                                            1141300200349 
 6.250  -01 4.36   +00                                            1141300200350 
 6.260  -01 4.92   +00                                            1141300200351 
 6.265  -01 5.00   +00                                            1141300200352 
 6.270  -01 4.57   +00                                            1141300200353 
 6.280  -01 3.95   +00                                            1141300200354 
 6.290  -01 4.18   +00                                            1141300200355 
ENDDATA            348          0                                 1141300200356 
ENDSUBENT          355          0                                 1141300299999 
SUBENT        11413003   19820813                             00001141300300001 
BIB                  2          2                                 1141300300002 
REACTION   (11-NA-23(N,TOT),,SIG)                                 1141300300003 
COMMENT    SELF DETECTION.                                        1141300300004 
ENDBIB               2          0                                 1141300300005 
NOCOMMON             0          0                                 1141300300006 
DATA                 2        458                                 1141300300007 
EN         DATA                                                   1141300300008 
MEV        B                                                      1141300300009 
 3.500  -01 2.82   +00                                            1141300300010 
 3.510  -01 3.00   +00                                            1141300300011 
 3.520  -01 3.63   +00                                            1141300300012 
 3.525  -01 4.00   +00                                            1141300300013 
 3.530  -01 3.54   +00                                            1141300300014 
 3.530  -01 3.48   +00                                            1141300300015 
 3.540  -01 2.93   +00                                            1141300300016 
 3.550  -01 2.90   +00                                            1141300300017 
 3.555  -01 3.37   +00                                            1141300300018 
 3.560  -01 3.94   +00                                            1141300300019 
 3.565  -01 3.85   +00                                            1141300300020 
 3.570  -01 3.24   +00                                            1141300300021 
 3.580  -01 2.83   +00                                            1141300300022 
 3.585  -01 2.92   +00                                            1141300300023 
 3.590  -01 3.50   +00                                            1141300300024 
 3.590  -01 3.39   +00                                            1141300300025 
 3.595  -01 4.25   +00                                            1141300300026 
 3.600  -01 3.41   +00                                            1141300300027 
 3.605  -01 2.60   +00                                            1141300300028 
 3.610  -01 3.47   +00                                            1141300300029 
 3.615  -01 4.02   +00                                            1141300300030 
 3.620  -01 4.35   +00                                            1141300300031 
 3.625  -01 3.83   +00                                            1141300300032 
 3.630  -01 3.00   +00                                            1141300300033 
 3.630  -01 2.86   +00                                            1141300300034 
 3.635  -01 3.06   +00                                            1141300300035 
 3.635  -01 3.14   +00                                            1141300300036 
 3.640  -01 4.02   +00                                            1141300300037 
 3.645  -01 3.66   +00                                            1141300300038 
 3.650  -01 3.35   +00                                            1141300300039 
 3.660  -01 2.82   +00                                            1141300300040 
 3.670  -01 3.11   +00                                            1141300300041 
 3.675  -01 3.78   +00                                            1141300300042 
 3.680  -01 4.08   +00                                            1141300300043 
 3.685  -01 3.90   +00                                            1141300300044 
 3.690  -01 2.87   +00                                            1141300300045 
 3.700  -01 2.72   +00                                            1141300300046 
 3.710  -01 3.63   +00                                            1141300300047 
 3.715  -01 4.21   +00                                            1141300300048 
 3.720  -01 4.52   +00                                            1141300300049 
 3.725  -01 4.14   +00                                            1141300300050 
 3.730  -01 3.17   +00                                            1141300300051 
 3.735  -01 3.44   +00                                            1141300300052 
 3.740  -01 4.00   +00                                            1141300300053 
 3.745  -01 4.32   +00                                            1141300300054 
 3.745  -01 4.50   +00                                            1141300300055 
 3.750  -01 4.75   +00                                            1141300300056 
 3.755  -01 3.99   +00                                            1141300300057 
 3.760  -01 3.28   +00                                            1141300300058 
 3.770  -01 2.97   +00                                            1141300300059 
 3.780  -01 3.75   +00                                            1141300300060 
 3.785  -01 3.73   +00                                            1141300300061 
 3.790  -01 5.15   +00                                            1141300300062 
 3.795  -01 4.69   +00                                            1141300300063 
 3.800  -01 3.90   +00                                            1141300300064 
 3.805  -01 3.64   +00                                            1141300300065 
 3.810  -01 3.33   +00                                            1141300300066 
 3.815  -01 4.00   +00                                            1141300300067 
 3.820  -01 4.85   +00                                            1141300300068 
 3.825  -01 6.03   +00                                            1141300300069 
 3.830  -01 4.32   +00                                            1141300300070 
 3.835  -01 3.58   +00                                            1141300300071 
 3.840  -01 3.56   +00                                            1141300300072 
 3.845  -01 4.71   +00                                            1141300300073 
 3.850  -01 5.50   +00                                            1141300300074 
 3.855  -01 5.48   +00                                            1141300300075 
 3.860  -01 4.64   +00                                            1141300300076 
 3.865  -01 3.62   +00                                            1141300300077 
 3.870  -01 3.64   +00                                            1141300300078 
 3.875  -01 3.97   +00                                            1141300300079 
 3.880  -01 4.88   +00                                            1141300300080 
 3.885  -01 6.06   +00                                            1141300300081 
 3.885  -01 6.27   +00                                            1141300300082 
 3.890  -01 5.34   +00                                            1141300300083 
 3.895  -01 4.60   +00                                            1141300300084 
 3.900  -01 3.50   +00                                            1141300300085 
 3.905  -01 3.76   +00                                            1141300300086 
 3.910  -01 5.45   +00                                            1141300300087 
 3.915  -01 5.97   +00                                            1141300300088 
 3.920  -01 4.62   +00                                            1141300300089 
 3.925  -01 3.10   +00                                            1141300300090 
 3.930  -01 3.82   +00                                            1141300300091 
 3.935  -01 5.03   +00                                            1141300300092 
 3.940  -01 6.25   +00                                            1141300300093 
 3.945  -01 5.93   +00                                            1141300300094 
 3.950  -01 3.78   +00                                            1141300300095 
 3.955  -01 3.85   +00                                            1141300300096 
 3.960  -01 4.06   +00                                            1141300300097 
 3.965  -01 4.60   +00                                            1141300300098 
 3.970  -01 5.34   +00                                            1141300300099 
 3.975  -01 6.50   +00                                            1141300300100 
 3.980  -01 5.79   +00                                            1141300300101 
 3.985  -01 4.52   +00                                            1141300300102 
 3.990  -01 4.30   +00                                            1141300300103 
 3.995  -01 4.79   +00                                            1141300300104 
 4.000  -01 5.52   +00                                            1141300300105 
 4.005  -01 5.98   +00                                            1141300300106 
 4.010  -01 5.25   +00                                            1141300300107 
 4.015  -01 4.37   +00                                            1141300300108 
 4.020  -01 3.76   +00                                            1141300300109 
 4.025  -01 4.25   +00                                            1141300300110 
 4.030  -01 5.08   +00                                            1141300300111 
 4.035  -01 5.61   +00                                            1141300300112 
 4.040  -01 5.30   +00                                            1141300300113 
 4.045  -01 3.99   +00                                            1141300300114 
 4.050  -01 3.66   +00                                            1141300300115 
 4.055  -01 3.92   +00                                            1141300300116 
 4.060  -01 4.70   +00                                            1141300300117 
 4.065  -01 5.00   +00                                            1141300300118 
 4.070  -01 4.27   +00                                            1141300300119 
 4.080  -01 3.60   +00                                            1141300300120 
 4.090  -01 3.18   +00                                            1141300300121 
 4.100  -01 3.49   +00                                            1141300300122 
 4.105  -01 4.40   +00                                            1141300300123 
 4.110  -01 5.18   +00                                            1141300300124 
 4.115  -01 4.84   +00                                            1141300300125 
 4.120  -01 3.95   +00                                            1141300300126 
 4.125  -01 3.47   +00                                            1141300300127 
 4.125  -01 3.65   +00                                            1141300300128 
 4.130  -01 3.11   +00                                            1141300300129 
 4.140  -01 4.25   +00                                            1141300300130 
 4.145  -01 5.00   +00                                            1141300300131 
 4.150  -01 3.67   +00                                            1141300300132 
 4.155  -01 3.43   +00                                            1141300300133 
 4.160  -01 3.67   +00                                            1141300300134 
 4.170  -01 4.40   +00                                            1141300300135 
 4.180  -01 3.36   +00                                            1141300300136 
 4.185  -01 3.00   +00                                            1141300300137 
 4.190  -01 3.85   +00                                            1141300300138 
 4.195  -01 4.58   +00                                            1141300300139 
 4.195  -01 4.48   +00                                            1141300300140 
 4.200  -01 2.99   +00                                            1141300300141 
 4.205  -01 2.47   +00                                            1141300300142 
 4.210  -01 2.63   +00                                            1141300300143 
 4.215  -01 3.12   +00                                            1141300300144 
 4.220  -01 4.15   +00                                            1141300300145 
 4.220  -01 3.95   +00                                            1141300300146 
 4.225  -01 4.49   +00                                            1141300300147 
 4.225  -01 4.56   +00                                            1141300300148 
 4.235  -01 3.52   +00                                            1141300300149 
 4.240  -01 3.33   +00                                            1141300300150 
 4.240  -01 3.16   +00                                            1141300300151 
 4.245  -01 3.00   +00                                            1141300300152 
 4.250  -01 2.86   +00                                            1141300300153 
 4.255  -01 3.50   +00                                            1141300300154 
 4.260  -01 4.05   +00                                            1141300300155 
 4.265  -01 3.45   +00                                            1141300300156 
 4.270  -01 3.13   +00                                            1141300300157 
 4.275  -01 3.21   +00                                            1141300300158 
 4.280  -01 4.47   +00                                            1141300300159 
 4.285  -01 3.83   +00                                            1141300300160 
 4.290  -01 3.00   +00                                            1141300300161 
 4.295  -01 3.34   +00                                            1141300300162 
 4.300  -01 4.18   +00                                            1141300300163 
 4.305  -01 4.07   +00                                            1141300300164 
 4.310  -01 3.14   +00                                            1141300300165 
 4.310  -01 3.36   +00                                            1141300300166 
 4.315  -01 3.66   +00                                            1141300300167 
 4.320  -01 4.45   +00                                            1141300300168 
 4.320  -01 4.37   +00                                            1141300300169 
 4.325  -01 3.82   +00                                            1141300300170 
 4.330  -01 3.56   +00                                            1141300300171 
 4.335  -01 3.20   +00                                            1141300300172 
 4.340  -01 3.19   +00                                            1141300300173 
 4.345  -01 3.10   +00                                            1141300300174 
 4.350  -01 2.99   +00                                            1141300300175 
 4.355  -01 3.33   +00                                            1141300300176 
 4.360  -01 4.11   +00                                            1141300300177 
 4.365  -01 4.60   +00                                            1141300300178 
 4.370  -01 3.55   +00                                            1141300300179 
 4.375  -01 2.69   +00                                            1141300300180 
 4.380  -01 3.08   +00                                            1141300300181 
 4.385  -01 3.75   +00                                            1141300300182 
 4.385  -01 3.66   +00                                            1141300300183 
 4.390  -01 4.78   +00                                            1141300300184 
 4.395  -01 4.10   +00                                            1141300300185 
 4.400  -01 3.66   +00                                            1141300300186 
 4.400  -01 3.15   +00                                            1141300300187 
 4.410  -01 3.07   +00                                            1141300300188 
 4.415  -01 3.38   +00                                            1141300300189 
 4.420  -01 3.64   +00                                            1141300300190 
 4.425  -01 3.85   +00                                            1141300300191 
 4.430  -01 4.89   +00                                            1141300300192 
 4.435  -01 4.52   +00                                            1141300300193 
 4.445  -01 3.45   +00                                            1141300300194 
 4.450  -01 3.98   +00                                            1141300300195 
 4.455  -01 4.60   +00                                            1141300300196 
 4.460  -01 5.38   +00                                            1141300300197 
 4.465  -01 5.55   +00                                            1141300300198 
 4.465  -01 5.40   +00                                            1141300300199 
 4.470  -01 4.30   +00                                            1141300300200 
 4.470  -01 4.06   +00                                            1141300300201 
 4.475  -01 3.89   +00                                            1141300300202 
 4.480  -01 4.61   +00                                            1141300300203 
 4.485  -01 5.06   +00                                            1141300300204 
 4.485  -01 5.21   +00                                            1141300300205 
 4.490  -01 5.61   +00                                            1141300300206 
 4.490  -01 5.78   +00                                            1141300300207 
 4.495  -01 6.20   +00                                            1141300300208 
 4.495  -01 6.38   +00                                            1141300300209 
 4.500  -01 6.61   +00                                            1141300300210 
 4.500  -01 6.70   +00                                            1141300300211 
 4.505  -01 5.85   +00                                            1141300300212 
 4.505  -01 5.68   +00                                            1141300300213 
 4.510  -01 5.02   +00                                            1141300300214 
 4.515  -01 5.37   +00                                            1141300300215 
 4.515  -01 5.48   +00                                            1141300300216 
 4.520  -01 5.74   +00                                            1141300300217 
 4.520  -01 5.62   +00                                            1141300300218 
 4.525  -01 5.91   +00                                            1141300300219 
 4.525  -01 5.85   +00                                            1141300300220 
 4.530  -01 5.50   +00                                            1141300300221 
 4.535  -01 5.02   +00                                            1141300300222 
 4.535  -01 4.89   +00                                            1141300300223 
 4.540  -01 4.57   +00                                            1141300300224 
 4.540  -01 4.50   +00                                            1141300300225 
 4.545  -01 4.13   +00                                            1141300300226 
 4.545  -01 4.28   +00                                            1141300300227 
 4.550  -01 3.84   +00                                            1141300300228 
 4.550  -01 3.94   +00                                            1141300300229 
 4.555  -01 3.88   +00                                            1141300300230 
 4.555  -01 3.91   +00                                            1141300300231 
 4.560  -01 4.56   +00                                            1141300300232 
 4.560  -01 4.62   +00                                            1141300300233 
 4.565  -01 4.98   +00                                            1141300300234 
 4.565  -01 5.07   +00                                            1141300300235 
 4.570  -01 3.71   +00                                            1141300300236 
 4.570  -01 3.66   +00                                            1141300300237 
 4.575  -01 3.08   +00                                            1141300300238 
 4.580  -01 2.86   +00                                            1141300300239 
 4.585  -01 2.67   +00                                            1141300300240 
 4.585  -01 2.76   +00                                            1141300300241 
 4.590  -01 3.39   +00                                            1141300300242 
 4.590  -01 3.17   +00                                            1141300300243 
 4.595  -01 3.78   +00                                            1141300300244 
 4.595  -01 3.63   +00                                            1141300300245 
 4.600  -01 4.27   +00                                            1141300300246 
 4.600  -01 4.16   +00                                            1141300300247 
 4.605  -01 3.40   +00                                            1141300300248 
 4.610  -01 2.87   +00                                            1141300300249 
 4.610  -01 2.68   +00                                            1141300300250 
 4.615  -01 3.48   +00                                            1141300300251 
 4.615  -01 3.57   +00                                            1141300300252 
 4.620  -01 3.91   +00                                            1141300300253 
 4.620  -01 3.16   +00                                            1141300300254 
 4.625  -01 3.62   +00                                            1141300300255 
 4.625  -01 3.69   +00                                            1141300300256 
 4.630  -01 3.86   +00                                            1141300300257 
 4.630  -01 3.93   +00                                            1141300300258 
 4.635  -01 3.14   +00                                            1141300300259 
 4.635  -01 3.07   +00                                            1141300300260 
 4.640  -01 2.87   +00                                            1141300300261 
 4.640  -01 2.66   +00                                            1141300300262 
 4.645  -01 2.32   +00                                            1141300300263 
 4.645  -01 2.48   +00                                            1141300300264 
 4.650  -01 2.05   +00                                            1141300300265 
 4.650  -01 2.12   +00                                            1141300300266 
 4.655  -01 2.53   +00                                            1141300300267 
 4.655  -01 2.63   +00                                            1141300300268 
 4.660  -01 3.17   +00                                            1141300300269 
 4.660  -01 3.03   +00                                            1141300300270 
 4.665  -01 4.53   +00                                            1141300300271 
 4.670  -01 3.96   +00                                            1141300300272 
 4.670  -01 4.07   +00                                            1141300300273 
 4.675  -01 3.62   +00                                            1141300300274 
 4.675  -01 3.55   +00                                            1141300300275 
 4.680  -01 3.03   +00                                            1141300300276 
 4.680  -01 3.08   +00                                            1141300300277 
 4.685  -01 2.98   +00                                            1141300300278 
 4.685  -01 2.92   +00                                            1141300300279 
 4.690  -01 2.83   +00                                            1141300300280 
 4.690  -01 2.88   +00                                            1141300300281 
 4.695  -01 2.67   +00                                            1141300300282 
 4.695  -01 2.76   +00                                            1141300300283 
 4.700  -01 2.61   +00                                            1141300300284 
 4.700  -01 2.55   +00                                            1141300300285 
 4.705  -01 2.76   +00                                            1141300300286 
 4.705  -01 2.61   +00                                            1141300300287 
 4.710  -01 3.18   +00                                            1141300300288 
 4.715  -01 3.52   +00                                            1141300300289 
 4.720  -01 3.25   +00                                            1141300300290 
 4.730  -01 2.34   +00                                            1141300300291 
 4.740  -01 2.37   +00                                            1141300300292 
 4.750  -01 2.70   +00                                            1141300300293 
 4.755  -01 3.08   +00                                            1141300300294 
 4.760  -01 3.49   +00                                            1141300300295 
 4.765  -01 3.71   +00                                            1141300300296 
 4.770  -01 3.21   +00                                            1141300300297 
 4.780  -01 2.34   +00                                            1141300300298 
 4.790  -01 2.28   +00                                            1141300300299 
 4.800  -01 2.39   +00                                            1141300300300 
 4.805  -01 2.55   +00                                            1141300300301 
 4.810  -01 3.06   +00                                            1141300300302 
 4.815  -01 3.42   +00                                            1141300300303 
 4.820  -01 2.73   +00                                            1141300300304 
 4.825  -01 2.38   +00                                            1141300300305 
 4.830  -01 2.30   +00                                            1141300300306 
 4.840  -01 2.18   +00                                            1141300300307 
 4.850  -01 2.11   +00                                            1141300300308 
 4.860  -01 2.32   +00                                            1141300300309 
 4.865  -01 2.63   +00                                            1141300300310 
 4.870  -01 3.21   +00                                            1141300300311 
 4.875  -01 3.50   +00                                            1141300300312 
 4.880  -01 2.86   +00                                            1141300300313 
 4.885  -01 2.54   +00                                            1141300300314 
 4.890  -01 2.42   +00                                            1141300300315 
 4.900  -01 2.30   +00                                            1141300300316 
 4.920  -01 2.25   +00                                            1141300300317 
 4.930  -01 2.57   +00                                            1141300300318 
 4.940  -01 3.52   +00                                            1141300300319 
 4.940  -01 3.45   +00                                            1141300300320 
 4.945  -01 2.82   +00                                            1141300300321 
 4.950  -01 2.36   +00                                            1141300300322 
 4.950  -01 2.52   +00                                            1141300300323 
 5.080  -01 2.30   +00                                            1141300300324 
 5.090  -01 2.37   +00                                            1141300300325 
 5.100  -01 2.76   +00                                            1141300300326 
 5.105  -01 3.37   +00                                            1141300300327 
 5.110  -01 4.01   +00                                            1141300300328 
 5.115  -01 3.36   +00                                            1141300300329 
 5.120  -01 2.46   +00                                            1141300300330 
 5.120  -01 2.67   +00                                            1141300300331 
 5.130  -01 2.12   +00                                            1141300300332 
 5.140  -01 2.19   +00                                            1141300300333 
 5.150  -01 2.14   +00                                            1141300300334 
 5.280  -01 2.03   +00                                            1141300300335 
 5.290  -01 2.42   +00                                            1141300300336 
 5.295  -01 2.94   +00                                            1141300300337 
 5.300  -01 3.53   +00                                            1141300300338 
 5.305  -01 2.51   +00                                            1141300300339 
 5.310  -01 1.89   +00                                            1141300300340 
 5.315  -01 2.40   +00                                            1141300300341 
 5.320  -01 3.11   +00                                            1141300300342 
 5.325  -01 3.69   +00                                            1141300300343 
 5.330  -01 3.39   +00                                            1141300300344 
 5.335  -01 2.28   +00                                            1141300300345 
 5.335  -01 2.57   +00                                            1141300300346 
 5.340  -01 2.03   +00                                            1141300300347 
 5.345  -01 2.74   +00                                            1141300300348 
 5.350  -01 3.25   +00                                            1141300300349 
 5.355  -01 3.75   +00                                            1141300300350 
 5.360  -01 4.08   +00                                            1141300300351 
 5.365  -01 3.18   +00                                            1141300300352 
 5.370  -01 2.67   +00                                            1141300300353 
 5.375  -01 2.66   +00                                            1141300300354 
 5.380  -01 2.76   +00                                            1141300300355 
 5.385  -01 3.09   +00                                            1141300300356 
 5.390  -01 3.39   +00                                            1141300300357 
 5.400  -01 4.12   +00                                            1141300300358 
 5.410  -01 4.37   +00                                            1141300300359 
 5.420  -01 3.83   +00                                            1141300300360 
 5.430  -01 3.54   +00                                            1141300300361 
 5.440  -01 3.84   +00                                            1141300300362 
 5.445  -01 4.17   +00                                            1141300300363 
 5.450  -01 4.39   +00                                            1141300300364 
 5.455  -01 3.87   +00                                            1141300300365 
 5.460  -01 3.52   +00                                            1141300300366 
 5.465  -01 3.27   +00                                            1141300300367 
 5.470  -01 3.28   +00                                            1141300300368 
 5.480  -01 3.64   +00                                            1141300300369 
 5.490  -01 3.94   +00                                            1141300300370 
 5.495  -01 4.35   +00                                            1141300300371 
 5.500  -01 4.94   +00                                            1141300300372 
 5.510  -01 3.48   +00                                            1141300300373 
 5.515  -01 3.33   +00                                            1141300300374 
 5.520  -01 3.94   +00                                            1141300300375 
 5.530  -01 4.69   +00                                            1141300300376 
 5.540  -01 4.06   +00                                            1141300300377 
 5.550  -01 3.55   +00                                            1141300300378 
 5.560  -01 3.85   +00                                            1141300300379 
 5.570  -01 4.88   +00                                            1141300300380 
 5.580  -01 3.55   +00                                            1141300300381 
 5.590  -01 3.25   +00                                            1141300300382 
 5.600  -01 3.87   +00                                            1141300300383 
 5.610  -01 4.87   +00                                            1141300300384 
 5.620  -01 3.88   +00                                            1141300300385 
 5.630  -01 3.25   +00                                            1141300300386 
 5.640  -01 3.40   +00                                            1141300300387 
 5.650  -01 4.94   +00                                            1141300300388 
 5.660  -01 3.98   +00                                            1141300300389 
 5.670  -01 3.39   +00                                            1141300300390 
 5.680  -01 4.35   +00                                            1141300300391 
 5.690  -01 3.40   +00                                            1141300300392 
 5.700  -01 3.98   +00                                            1141300300393 
 5.705  -01 4.47   +00                                            1141300300394 
 5.710  -01 3.97   +00                                            1141300300395 
 5.720  -01 3.38   +00                                            1141300300396 
 5.730  -01 3.24   +00                                            1141300300397 
 5.740  -01 3.87   +00                                            1141300300398 
 5.750  -01 4.99   +00                                            1141300300399 
 5.760  -01 3.87   +00                                            1141300300400 
 5.770  -01 3.26   +00                                            1141300300401 
 5.780  -01 3.80   +00                                            1141300300402 
 5.790  -01 4.48   +00                                            1141300300403 
 5.800  -01 3.69   +00                                            1141300300404 
 5.810  -01 3.25   +00                                            1141300300405 
 5.820  -01 4.53   +00                                            1141300300406 
 5.830  -01 4.17   +00                                            1141300300407 
 5.840  -01 3.77   +00                                            1141300300408 
 5.850  -01 3.17   +00                                            1141300300409 
 5.860  -01 4.06   +00                                            1141300300410 
 5.870  -01 4.90   +00                                            1141300300411 
 5.880  -01 4.32   +00                                            1141300300412 
 5.890  -01 4.02   +00                                            1141300300413 
 5.900  -01 4.18   +00                                            1141300300414 
 5.910  -01 4.27   +00                                            1141300300415 
 5.920  -01 4.68   +00                                            1141300300416 
 5.930  -01 5.50   +00                                            1141300300417 
 5.940  -01 4.06   +00                                            1141300300418 
 5.950  -01 5.68   +00                                            1141300300419 
 5.960  -01 5.17   +00                                            1141300300420 
 5.970  -01 4.52   +00                                            1141300300421 
 5.980  -01 4.67   +00                                            1141300300422 
 5.990  -01 5.06   +00                                            1141300300423 
 6.000  -01 5.84   +00                                            1141300300424 
 6.010  -01 6.90   +00                                            1141300300425 
 6.010  -01 7.00   +00                                            1141300300426 
 6.020  -01 5.38   +00                                            1141300300427 
 6.025  -01 4.77   +00                                            1141300300428 
 6.030  -01 4.80   +00                                            1141300300429 
 6.030  -01 4.70   +00                                            1141300300430 
 6.035  -01 4.66   +00                                            1141300300431 
 6.040  -01 5.02   +00                                            1141300300432 
 6.050  -01 5.57   +00                                            1141300300433 
 6.060  -01 4.61   +00                                            1141300300434 
 6.070  -01 4.41   +00                                            1141300300435 
 6.070  -01 4.24   +00                                            1141300300436 
 6.080  -01 5.48   +00                                            1141300300437 
 6.085  -01 5.86   +00                                            1141300300438 
 6.090  -01 4.29   +00                                            1141300300439 
 6.095  -01 4.02   +00                                            1141300300440 
 6.100  -01 4.15   +00                                            1141300300441 
 6.110  -01 5.14   +00                                            1141300300442 
 6.115  -01 5.36   +00                                            1141300300443 
 6.130  -01 3.82   +00                                            1141300300444 
 6.140  -01 4.04   +00                                            1141300300445 
 6.150  -01 5.41   +00                                            1141300300446 
 6.155  -01 5.68   +00                                            1141300300447 
 6.160  -01 4.37   +00                                            1141300300448 
 6.170  -01 3.89   +00                                            1141300300449 
 6.180  -01 4.13   +00                                            1141300300450 
 6.185  -01 5.08   +00                                            1141300300451 
 6.190  -01 4.56   +00                                            1141300300452 
 6.200  -01 3.89   +00                                            1141300300453 
 6.205  -01 4.68   +00                                            1141300300454 
 6.210  -01 5.19   +00                                            1141300300455 
 6.215  -01 4.74   +00                                            1141300300456 
 6.220  -01 4.11   +00                                            1141300300457 
 6.230  -01 4.85   +00                                            1141300300458 
 6.240  -01 3.96   +00                                            1141300300459 
 6.250  -01 4.24   +00                                            1141300300460 
 6.260  -01 5.06   +00                                            1141300300461 
 6.265  -01 5.47   +00                                            1141300300462 
 6.270  -01 5.33   +00                                            1141300300463 
 6.280  -01 5.06   +00                                            1141300300464 
 6.285  -01 3.85   +00                                            1141300300465 
 6.290  -01 4.02   +00                                            1141300300466 
 6.295  -01 4.88   +00                                            1141300300467 
ENDDATA            460          0                                 1141300300468 
ENDSUBENT          467          0                                 1141300399999 
SUBENT        11413004   19820813                             00001141300400001 
BIB                  3          6                                 1141300400002 
REACTION  1(11-NA-23(N,0),,EN)                                    1141300400003 
          2(11-NA-23(N,0),,J)                                     1141300400004 
          3(11-NA-23(N,0),,L)                                     1141300400005 
          4(11-NA-23(N,EL),,WID)                                  1141300400006 
FLAG       (1.) L VALUE UNCERTAIN                                 1141300400007 
HISTORY    (820514A) SUBENTRIES 4,5 COMBINED                      1141300400008 
ENDBIB               6          0                                 1141300400009 
NOCOMMON             0          0                                 1141300400010 
DATA                 5         71                                 1141300400011 
DATA      1DATA      2DATA      3FLAG       DATA      4           1141300400012 
MEV        NO-DIM     NO-DIM     NO-DIM     KEV                   1141300400013 
 3.526  -01 1.     +00 1.                    1.6                  1141300400014 
 3.559  -01 1.     +00 1.                    1.5                  1141300400015 
 3.597  -01 2.         2.                    0.9                  1141300400016 
 3.620  -01 2.         2.                    1.0                  1141300400017 
 3.638  -01 2.         2.                    0.8                  1141300400018 
 3.680  -01 1.     +00 1.                    1.6                  1141300400019 
 3.722  -01 2.     +00 1.                    0.9                  1141300400020 
 3.750  -01 2.     +00 1.                    1.5                  1141300400021 
 3.789  -01 2.     +00 1.                    1.6                  1141300400022 
 3.827  -01 3.     +00 3.         1.         0.9                  1141300400023 
 3.847  -01 2.     +00 1.                    1.5                  1141300400024 
 3.888  -01 3.     +00 3.         1.         1.4                  1141300400025 
 3.912  -01 3.     +00 3.         1.         0.7                  1141300400026 
 3.936  -01 3.     +00 3.         1.         0.8                  1141300400027 
 3.979  -01 4.         2.                    1.3                  1141300400028 
 4.005  -01 4.         2.                    1.4                  1141300400029 
 4.030  -01 4.         2.         1.         1.1                  1141300400030 
 4.058  -01 2.     +00 0.                    3.0                  1141300400031 
 4.112  -01 2.         2.                    1.5                  1141300400032 
 4.146  -01 3.     +00 3.         1.         0.9                  1141300400033 
 4.170  -01 2.     +00 3.         1.         1.2                  1141300400034 
 4.191  -01 3.     +00 3.         1.         0.9                  1141300400035 
 4.216  -01 2.     +00 0.                    1.9                  1141300400036 
 4.265  -01 1.     +00 3.         1.         0.9                  1141300400037 
 4.284  -01 2.     +00 3.                    0.6                  1141300400038 
 4.304  -01 2.     +00 3.                    0.7                  1141300400039 
 4.322  -01 2.     +00 3.                    0.9                  1141300400040 
 4.365  -01 3.     +00 3.                    0.7                  1141300400041 
 4.390  -01 3.     +00 3.         1.         1.1                  1141300400042 
 4.430  -01 3.         2.         1.         1.3                  1141300400043 
 4.462  -01 4.     +00 3.         1.         1.2                  1141300400044 
 4.496  -01 4.         2.         1.         1.9                  1141300400045 
 4.512  -01 2.     +00 0.                    3.7                  1141300400046 
 4.566  -01 2.     +00 3.         1.         0.8                  1141300400047 
 4.597  -01 2.     +00 3.         1.         0.6                  1141300400048 
 4.632  -01 2.         2.         1.         1.1                  1141300400049 
 4.657  -01 2.     +00 0.                    0.70                 1141300400050 
 4.715  -01 2.     +00 3.         1.         0.70                 1141300400051 
 4.765  -01 2.         2.                    1.3                  1141300400052 
 4.813  -01 2.     +00 3.         1.         0.75                 1141300400053 
 4.872  -01 2.     +00 3.                    1.1                  1141300400054 
 4.939  -01 2.     +00 3.                    0.75                 1141300400055 
 5.110  -01 2.     +00 3.                    1.0                  1141300400056 
 5.303  -01 3.     +00 3.                    0.75                 1141300400057 
 5.327  -01 3.     +00 3.                    1.0                  1141300400058 
 5.354  -01 3.     +00 3.                    1.1                  1141300400059 
 5.388  -01 2.     +00 0.                    4.5                  1141300400060 
 5.450  -01 2.     +00 3.                    0.6                  1141300400061 
 5.499  -01 2.         2.                    1.4                  1141300400062 
 5.528  -01 2.         2.                    1.4                  1141300400063 
 5.570  -01 3.     +00 3.         1.         0.8                  1141300400064 
 5.612  -01 3.         2.         1.         1.3                  1141300400065 
 5.648  -01 3.         2.         1.         1.3                  1141300400066 
 5.683  -01 3.     +00 3.         1.         0.6                  1141300400067 
 5.704  -01 3.     +00 3.         1.         0.9                  1141300400068 
 5.753  -01 3.         2.                    1.5                  1141300400069 
 5.787  -01 2.         2.                    2.0                  1141300400070 
 5.829  -01 3.         2.         1.         1.6                  1141300400071 
 5.866  -01 3.         2.         1.         1.6                  1141300400072 
 5.900  -01 1.         2.                    1.6                  1141300400073 
 5.928  -01 4.     +00 3.                    1.6                  1141300400074 
 5.953  -01 4.     +00 3.                    1.2                  1141300400075 
 6.010  -01 4.         2.                    1.3                  1141300400076 
 6.050  -01 3.     +00 3.                    3.5                  1141300400077 
 6.083  -01 4.     +00 3.                    1.7                  1141300400078 
 6.113  -01 3.     +00 3.                    1.0                  1141300400079 
 6.152  -01 4.     +00 3.                    1.7                  1141300400080 
 6.188  -01 3.     +00 3.                    1.1                  1141300400081 
 6.210  -01 4.     +00 3.                    1.7                  1141300400082 
 6.230  -01 4.     +00 3.                    0.8                  1141300400083 
 6.262  -01 3.         2.                    0.8                  1141300400084 
ENDDATA             73          0                                 1141300400085 
ENDSUBENT           84          0                                 1141300499999 
NOSUBENT      11413005   19820812                             00001141300500001 
ENDENTRY             5          0                                 1141399999999 
