ENTRY            11415   19820813                             00001141500000001 
SUBENT        11415001   19820813                             00001141500100001 
BIB                  6          8                                 1141500100002 
INSTITUTE  (1USALAS)                                              1141500100003 
REFERENCE  (J,PR,127,1229,62)                                     1141500100004 
AUTHOR     (J.A.DE JUREN,R.W.STOOKSBURY,M.WALLIS)                 1141500100005 
TITLE      MEASUREMENT OF THE O16(N,P)N16 CROSS SECTION FROM 11 TO1141500100006 
           19 MEV.                                                1141500100007 
STATUS     (SCSRS)                                                1141500100008 
HISTORY    (760715T) TRANSLATED FROM SCISRS                       1141500100009 
           (820813A) CONVERTED TO REACTION FORMALISM              1141500100010 
ENDBIB               8          0                                 1141500100011 
NOCOMMON             0          0                                 1141500100012 
ENDSUBENT           11          0                                 1141500199999 
SUBENT        11415002   19820813                             00001141500200001 
BIB                  4          4                                 1141500200002 
REACTION   (8-O-16(N,P)7-N-16,,SIG)                               1141500200003 
INC-SPECT  ENERGY RESOLUTION WHERE NOT GIVEN IS LESS THAN 0.1 MEV.1141500200004 
METHOD     (ACTIV)    ACTIVATION                                  1141500200005 
DECAY-DATA (7-N-16,,B)                                            1141500200006 
ENDBIB               4          0                                 1141500200007 
NOCOMMON             0          0                                 1141500200008 
DATA                 4         27                                 1141500200009 
EN         EN-RSL     DATA       DATA-ERR                         1141500200010 
MEV        MEV        B          B                                1141500200011 
 1.108  +01            9.47   -03 8.0    -04                      1141500200012 
 1.136  +01            2.230  -02 1.76   -03                      1141500200013 
 1.176  +01            8.047  -02 5.40   -03                      1141500200014 
 1.180  +01            8.560  -02 5.05   -03                      1141500200015 
 1.185  +01            8.128  -02 5.29   -03                      1141500200016 
 1.198  +01            5.214  -02 2.86   -03                      1141500200017 
 1.211  +01            3.192  -02 1.73   -03                      1141500200018 
 1.269  +01            2.179  -02 6.8    -04                      1141500200019 
 1.300  +01            3.149  -02 2.30   -03                      1141500200020 
 1.344  +01            4.589  -02 3.35   -03                      1141500200021 
 1.385  +01 1.2    -01 4.768  -02 4.3    -04                      1141500200022 
 1.422  +01 1.9    -01 4.182  -02 2.38   -03                      1141500200023 
 1.430  +01 1.5    -01 4.200  -02 3.02   -03                      1141500200024 
 1.476  +01 1.6    -01 3.329  -02 2.40   -03                      1141500200025 
 1.491  +01 2.2    -01 3.410  -02 1.81   -03                      1141500200026 
 1.522  +01 1.6    -01 4.085  -02 2.94   -03                      1141500200027 
 1.544  +01 1.8    -01 2.912  -02 1.54   -03                      1141500200028 
 1.561  +01 1.7    -01 3.031  -02 2.27   -03                      1141500200029 
 1.600  +01 2.1    -01 2.984  -02 1.58   -03                      1141500200030 
 1.613  +01 1.7    -01 3.044  -02 2.22   -03                      1141500200031 
 1.708  +01 1.6    -01 3.361  -02 1.95   -03                      1141500200032 
 1.721  +01 1.7    -01 3.232  -02 2.35   -03                      1141500200033 
 1.761  +01 1.1    -01 2.814  -02 2.05   -03                      1141500200034 
 1.774  +01 1.1    -01 2.885  -02 1.64   -03                      1141500200035 
 1.828  +01 1.2    -01 2.638  -02 1.47   -03                      1141500200036 
 1.879  +01 1.1    -01 2.484  -02 1.86   -03                      1141500200037 
 1.904  +01            2.590  -02 1.50   -03                      1141500200038 
ENDDATA             29          0                                 1141500200039 
ENDSUBENT           38          0                                 1141500299999 
ENDENTRY             2          0                                 1141599999999 
