ENTRY            11427   19820813                             00001142700000001 
SUBENT        11427001   19820813                             00001142700100001 
BIB                  5          6                                 1142700100002 
INSTITUTE  (1USADKE)                                              1142700100003 
REFERENCE  (W,BILPUCH,6404)                                       1142700100004 
AUTHOR     (E.BILPUCH)                                            1142700100005 
STATUS     (SCSRS)                                                1142700100006 
HISTORY    (761016T) TRANSLATED FROM SCISRS                       1142700100007 
           (820813A) CONVERTED TO REACTION FORMALISM              1142700100008 
ENDBIB               6          0                                 1142700100009 
NOCOMMON             0          0                                 1142700100010 
ENDSUBENT            9          0                                 1142700199999 
SUBENT        11427002   19820813                             00001142700200001 
BIB                  1          1                                 1142700200002 
REACTION   (9-F-19(N,TOT),,SIG)                                   1142700200003 
ENDBIB               1          0                                 1142700200004 
NOCOMMON             0          0                                 1142700200005 
DATA                 2        201                                 1142700200006 
EN         DATA                                                   1142700200007 
MEV        B                                                      1142700200008 
 4.6    -02 7.849  +00                                            1142700200009 
 4.7    -02 1.145  +01                                            1142700200010 
 4.8    -02 2.209  +01                                            1142700200011 
 4.85   -02 3.033  +01                                            1142700200012 
 4.9    -02 3.175  +01                                            1142700200013 
 4.95   -02 2.537  +01                                            1142700200014 
 5.00   -02 1.701  +01                                            1142700200015 
 5.05   -02 1.152  +01                                            1142700200016 
 5.1    -02 8.273  +00                                            1142700200017 
 5.15   -02 6.840  +00                                            1142700200018 
 5.2    -02 5.667  +00                                            1142700200019 
 5.25   -02 4.834  +00                                            1142700200020 
 5.3    -02 4.530  +00                                            1142700200021 
 5.4    -02 4.084  +00                                            1142700200022 
 5.5    -02 3.723  +00                                            1142700200023 
 5.6    -02 3.777  +00                                            1142700200024 
 5.7    -02 4.047  +00                                            1142700200025 
 5.8    -02 3.758  +00                                            1142700200026 
 5.9    -02 3.411  +00                                            1142700200027 
 6.0    -02 3.681  +00                                            1142700200028 
 6.1    -02 3.763  +00                                            1142700200029 
 6.2    -02 3.606  +00                                            1142700200030 
 6.3    -02 3.243  +00                                            1142700200031 
 6.4    -02 3.635  +00                                            1142700200032 
 6.5    -02 3.614  +00                                            1142700200033 
 6.6    -02 3.394  +00                                            1142700200034 
 6.7    -02 3.599  +00                                            1142700200035 
 6.8    -02 3.558  +00                                            1142700200036 
 6.9    -02 3.653  +00                                            1142700200037 
 7.0    -02 3.533  +00                                            1142700200038 
 7.1    -02 4.074  +00                                            1142700200039 
 7.2    -02 3.978  +00                                            1142700200040 
 7.3    -02 3.715  +00                                            1142700200041 
 7.4    -02 4.026  +00                                            1142700200042 
 7.5    -02 4.241  +00                                            1142700200043 
 7.6    -02 4.206  +00                                            1142700200044 
 7.7    -02 4.497  +00                                            1142700200045 
 7.8    -02 4.538  +00                                            1142700200046 
 7.9    -02 4.475  +00                                            1142700200047 
 8.0    -02 4.898  +00                                            1142700200048 
 8.1    -02 5.163  +00                                            1142700200049 
 8.2    -02 5.588  +00                                            1142700200050 
 8.3    -02 5.873  +00                                            1142700200051 
 8.4    -02 6.165  +00                                            1142700200052 
 8.5    -02 6.772  +00                                            1142700200053 
 8.6    -02 7.119  +00                                            1142700200054 
 9.0    -02 1.134  +01                                            1142700200055 
 9.1    -02 1.229  +01                                            1142700200056 
 9.2    -02 1.376  +01                                            1142700200057 
 9.3    -02 1.655  +01                                            1142700200058 
 9.4    -02 1.817  +01                                            1142700200059 
 9.5    -02 2.107  +01                                            1142700200060 
 9.6    -02 2.183  +01                                            1142700200061 
 9.65   -02 2.338  +01                                            1142700200062 
 9.7    -02 2.437  +01                                            1142700200063 
 9.75   -02 2.484  +01                                            1142700200064 
 9.8    -02 2.441  +01                                            1142700200065 
 9.85   -02 2.483  +01                                            1142700200066 
 9.9    -02 2.406  +01                                            1142700200067 
 9.95   -02 2.418  +01                                            1142700200068 
 1.00   -01 2.337  +01                                            1142700200069 
 1.005  -01 2.250  +01                                            1142700200070 
 1.01   -01 2.115  +01                                            1142700200071 
 1.015  -01 1.904  +01                                            1142700200072 
 1.02   -01 2.028  +01                                            1142700200073 
 1.025  -01 1.747  +01                                            1142700200074 
 1.03   -01 1.715  +01                                            1142700200075 
 1.035  -01 1.770  +01                                            1142700200076 
 1.04   -01 1.582  +01                                            1142700200077 
 1.045  -01 1.566  +01                                            1142700200078 
 1.05   -01 1.445  +01                                            1142700200079 
 1.055  -01 1.346  +01                                            1142700200080 
 1.06   -01 1.259  +01                                            1142700200081 
 1.065  -01 1.220  +01                                            1142700200082 
 1.07   -01 1.269  +01                                            1142700200083 
 1.075  -01 1.146  +01                                            1142700200084 
 1.08   -01 1.141  +01                                            1142700200085 
 1.085  -01 1.091  +01                                            1142700200086 
 1.09   -01 1.031  +01                                            1142700200087 
 1.095  -01 9.561  +00                                            1142700200088 
 1.10   -01 9.305  +00                                            1142700200089 
 1.103  -01 8.726  +00                                            1142700200090 
 1.105  -01 9.392  +00                                            1142700200091 
 1.108  -01 8.864  +00                                            1142700200092 
 1.11   -01 8.930  +00                                            1142700200093 
 1.113  -01 8.856  +00                                            1142700200094 
 1.115  -01 8.750  +00                                            1142700200095 
 1.118  -01 8.108  +00                                            1142700200096 
 1.12   -01 8.595  +00                                            1142700200097 
 1.123  -01 8.071  +00                                            1142700200098 
 1.125  -01 8.287  +00                                            1142700200099 
 1.128  -01 7.745  +00                                            1142700200100 
 1.13   -01 7.816  +00                                            1142700200101 
 1.133  -01 7.326  +00                                            1142700200102 
 1.135  -01 7.935  +00                                            1142700200103 
 1.138  -01 7.107  +00                                            1142700200104 
 1.14   -01 7.005  +00                                            1142700200105 
 1.143  -01 6.880  +00                                            1142700200106 
 1.145  -01 7.611  +00                                            1142700200107 
 1.148  -01 7.069  +00                                            1142700200108 
 1.15   -01 7.087  +00                                            1142700200109 
 1.153  -01 6.612  +00                                            1142700200110 
 1.155  -01 6.965  +00                                            1142700200111 
 1.158  -01 6.646  +00                                            1142700200112 
 1.160  -01 6.467  +00                                            1142700200113 
 1.163  -01 6.501  +00                                            1142700200114 
 1.165  -01 6.575  +00                                            1142700200115 
 1.168  -01 6.726  +00                                            1142700200116 
 1.170  -01 6.922  +00                                            1142700200117 
 1.173  -01 5.491  +00                                            1142700200118 
 1.175  -01 6.485  +00                                            1142700200119 
 1.178  -01 6.215  +00                                            1142700200120 
 1.180  -01 6.553  +00                                            1142700200121 
 1.183  -01 6.926  +00                                            1142700200122 
 1.185  -01 6.470  +00                                            1142700200123 
 1.188  -01 6.258  +00                                            1142700200124 
 1.19   -01 6.157  +00                                            1142700200125 
 1.193  -01 6.263  +00                                            1142700200126 
 1.195  -01 6.310  +00                                            1142700200127 
 1.198  -01 5.718  +00                                            1142700200128 
 1.20   -01 5.755  +00                                            1142700200129 
 1.205  -01 6.415  +00                                            1142700200130 
 1.21   -01 6.528  +00                                            1142700200131 
 1.215  -01 5.708  +00                                            1142700200132 
 1.22   -01 5.077  +00                                            1142700200133 
 1.225  -01 5.538  +00                                            1142700200134 
 1.23   -01 5.490  +00                                            1142700200135 
 1.235  -01 5.963  +00                                            1142700200136 
 1.24   -01 6.164  +00                                            1142700200137 
 1.245  -01 5.528  +00                                            1142700200138 
 1.25   -01 5.140  +00                                            1142700200139 
 1.255  -01 5.204  +00                                            1142700200140 
 1.26   -01 5.555  +00                                            1142700200141 
 1.265  -01 5.742  +00                                            1142700200142 
 1.27   -01 5.361  +00                                            1142700200143 
 1.275  -01 5.155  +00                                            1142700200144 
 1.28   -01 4.908  +00                                            1142700200145 
 1.285  -01 5.833  +00                                            1142700200146 
 1.285  -01 5.249  +00                                            1142700200147 
 1.290  -01 5.488  +00                                            1142700200148 
 1.29   -01 5.583  +00                                            1142700200149 
 1.295  -01 5.168  +00                                            1142700200150 
 1.295  -01 5.169  +00                                            1142700200151 
 1.300  -01 4.989  +00                                            1142700200152 
 1.30   -01 6.287  +00                                            1142700200153 
 1.310  -01 4.916  +00                                            1142700200154 
 1.320  -01 4.809  +00                                            1142700200155 
 1.330  -01 5.198  +00                                            1142700200156 
 1.340  -01 5.064  +00                                            1142700200157 
 1.350  -01 4.716  +00                                            1142700200158 
 1.360  -01 4.919  +00                                            1142700200159 
 1.370  -01 4.920  +00                                            1142700200160 
 1.380  -01 4.886  +00                                            1142700200161 
 1.390  -01 4.324  +00                                            1142700200162 
 1.400  -01 4.521  +00                                            1142700200163 
 1.410  -01 4.906  +00                                            1142700200164 
 1.420  -01 4.670  +00                                            1142700200165 
 1.430  -01 4.555  +00                                            1142700200166 
 1.440  -01 4.539  +00                                            1142700200167 
 1.450  -01 4.382  +00                                            1142700200168 
 1.460  -01 4.637  +00                                            1142700200169 
 1.470  -01 4.358  +00                                            1142700200170 
 1.50   -01 4.329  +00                                            1142700200171 
 1.52   -01 3.905  +00                                            1142700200172 
 1.54   -01 4.012  +00                                            1142700200173 
 1.56   -01 4.359  +00                                            1142700200174 
 1.58   -01 4.034  +00                                            1142700200175 
 1.60   -01 4.376  +00                                            1142700200176 
 1.62   -01 3.985  +00                                            1142700200177 
 1.64   -01 3.922  +00                                            1142700200178 
 1.66   -01 3.960  +00                                            1142700200179 
 1.68   -01 4.007  +00                                            1142700200180 
 1.70   -01 4.275  +00                                            1142700200181 
 1.72   -01 3.627  +00                                            1142700200182 
 1.74   -01 4.197  +00                                            1142700200183 
 1.76   -01 3.581  +00                                            1142700200184 
 1.78   -01 3.892  +00                                            1142700200185 
 1.78   -01 4.121  +00                                            1142700200186 
 1.79   -01 3.810  +00                                            1142700200187 
 1.80   -01 4.402  +00                                            1142700200188 
 1.80   -01 4.231  +00                                            1142700200189 
 1.81   -01 3.838  +00                                            1142700200190 
 1.82   -01 4.068  +00                                            1142700200191 
 1.83   -01 4.022  +00                                            1142700200192 
 1.84   -01 4.168  +00                                            1142700200193 
 1.85   -01 4.210  +00                                            1142700200194 
 1.86   -01 3.720  +00                                            1142700200195 
 1.87   -01 4.215  +00                                            1142700200196 
 1.88   -01 3.681  +00                                            1142700200197 
 1.89   -01 4.063  +00                                            1142700200198 
 1.90   -01 3.942  +00                                            1142700200199 
 1.91   -01 4.365  +00                                            1142700200200 
 1.92   -01 3.910  +00                                            1142700200201 
 1.93   -01 3.639  +00                                            1142700200202 
 1.94   -01 4.110  +00                                            1142700200203 
 1.95   -01 4.266  +00                                            1142700200204 
 1.96   -01 4.045  +00                                            1142700200205 
 1.97   -01 4.515  +00                                            1142700200206 
 1.98   -01 3.846  +00                                            1142700200207 
 1.99   -01 4.088  +00                                            1142700200208 
 2.00   -01 3.660  +00                                            1142700200209 
ENDDATA            203          0                                 1142700200210 
ENDSUBENT          209          0                                 1142700299999 
ENDENTRY             2          0                                 1142799999999 
