ENTRY            11428   19820813                             00001142800000001 
SUBENT        11428001   19820813                             00001142800100001 
BIB                  5          6                                 1142800100002 
INSTITUTE  (1USABNL)                                              1142800100003 
REFERENCE  (W,PALEVSKY,5503)                                      1142800100004 
AUTHOR     (H.PALEVSKY)                                           1142800100005 
STATUS     (SCSRS)                                                1142800100006 
HISTORY    (760715T) TRANSLATED FROM SCISRS                       1142800100007 
           (820813A) CONVERTED TO REACTION FORMALISM              1142800100008 
ENDBIB               6          0                                 1142800100009 
NOCOMMON             0          0                                 1142800100010 
ENDSUBENT            9          0                                 1142800199999 
SUBENT        11428002   19820813                             00001142800200001 
BIB                  2          2                                 1142800200002 
REACTION   (8-O-0(N,TOT),,SIG)                                    1142800200003 
METHOD     (TOF)      TIME-OF-FLIGHT                              1142800200004 
ENDBIB               2          0                                 1142800200005 
NOCOMMON             0          0                                 1142800200006 
DATA                 2         12                                 1142800200007 
EN         DATA                                                   1142800200008 
MEV        B                                                      1142800200009 
 8.1    -10 1.19   +01                                            1142800200010 
 8.8    -10 1.12   +01                                            1142800200011 
 9.9    -10 1.09   +01                                            1142800200012 
 1.10   -09 1.07   +01                                            1142800200013 
 1.29   -09 1.02   +01                                            1142800200014 
 1.36   -09 9.75   +00                                            1142800200015 
 1.54   -09 9.35   +00                                            1142800200016 
 1.74   -09 9.10   +00                                            1142800200017 
 2.03   -09 8.50   +00                                            1142800200018 
 2.34   -09 8.15   +00                                            1142800200019 
 2.74   -09 7.70   +00                                            1142800200020 
 3.24   -09 7.25   +00                                            1142800200021 
ENDDATA             14          0                                 1142800200022 
ENDSUBENT           21          0                                 1142800299999 
ENDENTRY             2          0                                 1142899999999 
