ENTRY            11451   20220320                             149411451  0    1 
SUBENT        11451001   20220320                             149411451  1    1 
BIB                  8         14                                 11451  1    2 
INSTITUTE  (1USARIC)                                              11451  1    3 
REFERENCE  (J,NP,14,270,1959)                                     11451  1    4 
AUTHOR     (R.J.Bell,T.W.Bonner,F.Gabbard)                        11451  1    5 
TITLE      The disintegration of Ne-20 by fast neutrons.          11451  1    6 
FACILITY   (VDG,1USARIC) 5.5 MeV Van de Graaff                    11451  1    7 
INC-SOURCE (P-T,D-D)                                              11451  1    8 
DETECTOR   (IOCH)                                                 11451  1    9 
           (LONGC) for neutron flux monitoring                    11451  1   10 
HISTORY    (19760715T) Translated from SCISRS                     11451  1   11 
           (19820813A) Converted to reaction formalism            11451  1   12 
           (20180725A) OS. REACTION in sub.4 corrected. Converted 11451  1   13 
            to lower and upper case. Added FACILITY, INC-SOURCE.  11451  1   14 
           (20220223A) OS. Level energies corrected in            11451  1   15 
            subs.2,3,6                                            11451  1   16 
ENDBIB              14          0                                 11451  1   17 
NOCOMMON             0          0                                 11451  1   18 
ENDSUBENT           17          0                                 11451  199999 
SUBENT        11451002   20220320                             149411451  2    1 
BIB                  5          8                                 11451  2    2 
REACTION   (10-NE-20(N,A)8-O-17,PAR,SIG)                          11451  2    3 
CORRECTION Published data increased by 20% due to error in        11451  2    4 
            long counter calibration(Gabbard,priv.Comm.,1963).    11451  2    5 
ERR-ANALYS (DATA-ERR) Error in the absolute cross section.        11451  2    6 
            The error in the relative cross section is somewhat   11451  2    7 
            less.                                                 11451  2    8 
STATUS     (SCSRS)                                                11451  2    9 
HISTORY    (20220223A) E-LVL corrected                            11451  2   10 
ENDBIB               8          0                                 11451  2   11 
COMMON               4          3                                 11451  2   12 
E-LVL      E-LVL      EN-RSL     DATA-ERR                         11451  2   13 
MEV        MEV        KEV        PER-CENT                         11451  2   14 
 0.          0.870        100.       25.                          11451  2   15 
ENDCOMMON            3          0                                 11451  2   16 
DATA                 2         63                                 11451  2   17 
EN         DATA                                                   11451  2   18 
MEV        B                                                      11451  2   19 
 4.36   +00 1.788  -01                                            11451  2   20 
 4.44   +00 1.800  -01                                            11451  2   21 
 4.52   +00 1.968  -01                                            11451  2   22 
 4.57   +00 2.088  -01                                            11451  2   23 
 4.66   +00 2.112  -01                                            11451  2   24 
 4.72   +00 1.836  -01                                            11451  2   25 
 4.80   +00 1.332  -01                                            11451  2   26 
 4.87   +00 1.272  -01                                            11451  2   27 
 4.94   +00 1.740  -01                                            11451  2   28 
 4.97   +00 1.716  -01                                            11451  2   29 
 5.00   +00 1.704  -01                                            11451  2   30 
 5.06   +00 1.296  -01                                            11451  2   31 
 5.12   +00 1.320  -01                                            11451  2   32 
 5.18   +00 1.056  -01                                            11451  2   33 
 5.24   +00 1.104  -01                                            11451  2   34 
 5.33   +00 1.044  -01                                            11451  2   35 
 5.36   +00 1.056  -01                                            11451  2   36 
 5.40   +00 1.080  -01                                            11451  2   37 
 5.44   +00 1.164  -01                                            11451  2   38 
 5.47   +00 1.224  -01                                            11451  2   39 
 5.54   +00 1.344  -01                                            11451  2   40 
 5.57   +00 1.152  -01                                            11451  2   41 
 5.60   +00 9.00   -02                                            11451  2   42 
 5.64   +00 6.96   -02                                            11451  2   43 
 5.68   +00 6.72   -02                                            11451  2   44 
 5.72   +00 6.96   -02                                            11451  2   45 
 5.75   +00 7.56   -02                                            11451  2   46 
 5.79   +00 7.80   -02                                            11451  2   47 
 5.83   +00 9.84   -02                                            11451  2   48 
 5.87   +00 1.320  -01                                            11451  2   49 
 5.91   +00 1.608  -01                                            11451  2   50 
 5.96   +00 1.620  -01                                            11451  2   51 
 5.99   +00 1.524  -01                                            11451  2   52 
 6.04   +00 1.284  -01                                            11451  2   53 
 6.08   +00 1.176  -01                                            11451  2   54 
 6.12   +00 9.60   -02                                            11451  2   55 
 6.17   +00 8.04   -02                                            11451  2   56 
 6.21   +00 6.96   -02                                            11451  2   57 
 6.24   +00 6.84   -02                                            11451  2   58 
 6.28   +00 7.44   -02                                            11451  2   59 
 6.33   +00 8.40   -02                                            11451  2   60 
 6.36   +00 8.16   -02                                            11451  2   61 
 6.37   +00 7.44   -02                                            11451  2   62 
 6.42   +00 5.28   -02                                            11451  2   63 
 6.45   +00 5.16   -02                                            11451  2   64 
 6.50   +00 6.36   -02                                            11451  2   65 
 6.55   +00 7.80   -02                                            11451  2   66 
 6.58   +00 1.080  -01                                            11451  2   67 
 6.64   +00 9.96   -02                                            11451  2   68 
 6.68   +00 7.68   -02                                            11451  2   69 
 6.73   +00 8.28   -02                                            11451  2   70 
 6.78   +00 7.92   -02                                            11451  2   71 
 6.82   +00 8.28   -02                                            11451  2   72 
 6.86   +00 9.00   -02                                            11451  2   73 
 6.90   +00 9.84   -02                                            11451  2   74 
 6.94   +00 9.60   -02                                            11451  2   75 
 7.00   +00 9.12   -02                                            11451  2   76 
 7.04   +00 7.92   -02                                            11451  2   77 
 7.09   +00 8.16   -02                                            11451  2   78 
 7.14   +00 8.52   -02                                            11451  2   79 
 7.19   +00 8.76   -02                                            11451  2   80 
 7.23   +00 8.64   -02                                            11451  2   81 
 7.28   +00 9.36   -02                                            11451  2   82 
ENDDATA             65          0                                 11451  2   83 
ENDSUBENT           82          0                                 11451  299999 
SUBENT        11451003   20220320                             149411451  3    1 
BIB                  4          5                                 11451  3    2 
REACTION   (10-NE-20(N,A)8-O-17,PAR,SIG)                          11451  3    3 
ERR-ANALYS (DATA-ERR) No information on source of uncertainties   11451  3    4 
STATUS     (OUTDT,11451002)                                       11451  3    5 
           (SCSRS) Data shown in Fig.3, Nucl.Phys.14,270,1959     11451  3    6 
HISTORY    (20220223A) E-LVL corrected                            11451  3    7 
ENDBIB               5          0                                 11451  3    8 
COMMON               2          3                                 11451  3    9 
E-LVL      E-LVL                                                  11451  3   10 
MEV        MEV                                                    11451  3   11 
 0.          0.870                                                11451  3   12 
ENDCOMMON            3          0                                 11451  3   13 
DATA                 4         63                                 11451  3   14 
EN         EN-RSL     DATA       DATA-ERR                         11451  3   15 
MEV        MEV        B          PER-CENT                         11451  3   16 
 4.36   +00 1.0    -01 1.49   -01   25.                           11451  3   17 
 4.44   +00 1.0    -01 1.50   -01   25.                           11451  3   18 
 4.52   +00 1.0    -01 1.64   -01   25.                           11451  3   19 
 4.57   +00 1.0    -01 1.74   -01   25.                           11451  3   20 
 4.66   +00 1.0    -01 1.76   -01   25.                           11451  3   21 
 4.72   +00 1.0    -01 1.53   -01   25.                           11451  3   22 
 4.80   +00 1.0    -01 1.11   -01   25.                           11451  3   23 
 4.87   +00 1.0    -01 1.06   -01   25.                           11451  3   24 
 4.94   +00 1.0    -01 1.45   -01   25.                           11451  3   25 
 4.97   +00 1.0    -01 1.43   -01   25.                           11451  3   26 
 5.00   +00 1.0    -01 1.42   -01   25.                           11451  3   27 
 5.06   +00 1.0    -01 1.08   -01   25.                           11451  3   28 
 5.12   +00 1.0    -01 1.10   -01   25.                           11451  3   29 
 5.18   +00 1.0    -01 8.8    -02   25.                           11451  3   30 
 5.24   +00 1.0    -01 9.2    -02   25.                           11451  3   31 
 5.33   +00 1.0    -01 8.7    -02   25.                           11451  3   32 
 5.36   +00 1.0    -01 8.8    -02   25.                           11451  3   33 
 5.40   +00 1.0    -01 9.0    -02   25.                           11451  3   34 
 5.44   +00 1.0    -01 9.7    -02   25.                           11451  3   35 
 5.47   +00 1.0    -01 1.02   -01   25.                           11451  3   36 
 5.54   +00 1.0    -01 1.12   -01   25.                           11451  3   37 
 5.57   +00 1.0    -01 9.6    -02   25.                           11451  3   38 
 5.60   +00 1.0    -01 7.5    -02   25.                           11451  3   39 
 5.64   +00 1.0    -01 5.8    -02   25.                           11451  3   40 
 5.68   +00 1.0    -01 5.6    -02   25.                           11451  3   41 
 5.72   +00 1.0    -01 5.8    -02   25.                           11451  3   42 
 5.75   +00 1.0    -01 6.3    -02   25.                           11451  3   43 
 5.79   +00 1.0    -01 6.5    -02   25.                           11451  3   44 
 5.83   +00 1.0    -01 8.2    -02   25.                           11451  3   45 
 5.87   +00 1.0    -01 1.10   -01   25.                           11451  3   46 
 5.91   +00 1.0    -01 1.34   -01   25.                           11451  3   47 
 5.96   +00 1.0    -01 1.35   -01   25.                           11451  3   48 
 5.99   +00 1.0    -01 1.27   -01   25.                           11451  3   49 
 6.04   +00 1.0    -01 1.07   -01   25.                           11451  3   50 
 6.08   +00 1.0    -01 9.8    -02   25.                           11451  3   51 
 6.12   +00 1.0    -01 8.0    -02   25.                           11451  3   52 
 6.17   +00 1.0    -01 6.7    -02   25.                           11451  3   53 
 6.21   +00 1.0    -01 5.8    -02   25.                           11451  3   54 
 6.24   +00 1.0    -01 5.7    -02   25.                           11451  3   55 
 6.28   +00 1.0    -01 6.2    -02   25.                           11451  3   56 
 6.33   +00 1.0    -01 7.0    -02   25.                           11451  3   57 
 6.36   +00 1.0    -01 6.8    -02   25.                           11451  3   58 
 6.37   +00 1.0    -01 6.2    -02   25.                           11451  3   59 
 6.42   +00   10.      4.4    -02   25.                           11451  3   60 
 6.45   +00   10.      4.3    -02   25.                           11451  3   61 
 6.50   +00   10.      5.3    -02   25.                           11451  3   62 
 6.55   +00   10.      6.5    -02   25.                           11451  3   63 
 6.58   +00   10.      9.0    -02   25.                           11451  3   64 
 6.64   +00   10.      8.3    -02   25.                           11451  3   65 
 6.68   +00   10.      6.4    -02   25.                           11451  3   66 
 6.73   +00   10.      6.9    -02   25.                           11451  3   67 
 6.78   +00   10.      6.6    -02   25.                           11451  3   68 
 6.82   +00   10.      6.9    -02   25.                           11451  3   69 
 6.86   +00   10.      7.5    -02   25.                           11451  3   70 
 6.90   +00   10.      8.2    -02   25.                           11451  3   71 
 6.94   +00   10.      8.0    -02   25.                           11451  3   72 
 7.00   +00   10.      7.6    -02   25.                           11451  3   73 
 7.04   +00   10.      6.6    -02   25.                           11451  3   74 
 7.09   +00   10.      6.8    -02   25.                           11451  3   75 
 7.14   +00   10.      7.1    -02   25.                           11451  3   76 
 7.19   +00   10.      7.3    -02   25.                           11451  3   77 
 7.23   +00   10.      7.2    -02   25.                           11451  3   78 
 7.28   +00   10.      7.8    -02   25.                           11451  3   79 
ENDDATA             65          0                                 11451  3   80 
ENDSUBENT           79          0                                 11451  399999 
SUBENT        11451004   20180818                             144311451  4    1 
BIB                  4          4                                 11451  4    2 
REACTION   (10-NE-20(N,A)8-O-17,,SIG,,RES)                        11451  4    3 
COMMENT    Sum of ground and first excited state of O17.          11451  4    4 
STATUS     (TABLE) Table I, Nucl.Phys.14,270                      11451  4    5 
HISTORY    (20180725A) REACTION corrected                         11451  4    6 
ENDBIB               4          0                                 11451  4    7 
NOCOMMON             0          0                                 11451  4    8 
DATA                 2         16                                 11451  4    9 
EN-RES     DATA                                                   11451  4   10 
MEV        B                                                      11451  4   11 
 2.89   +00 1.00   -01                                            11451  4   12 
 3.19   +00 1.63   -01                                            11451  4   13 
 3.29   +00 2.13   -01                                            11451  4   14 
 3.52   +00 8.9    -02                                            11451  4   15 
 3.60   +00 9.3    -02                                            11451  4   16 
 3.70   +00 1.97   -01                                            11451  4   17 
 3.87   +00 2.77   -01                                            11451  4   18 
 4.15   +00 2.65   -01                                            11451  4   19 
 4.31   +00 1.67   -01                                            11451  4   20 
 4.63   +00 1.78   -01                                            11451  4   21 
 4.98   +00 1.45   -01                                            11451  4   22 
 5.52   +00 1.12   -01                                            11451  4   23 
 5.93   +00 1.38   -01                                            11451  4   24 
 6.33   +00 6.8    -02                                            11451  4   25 
 6.60   +00 9.7    -02                                            11451  4   26 
 6.93   +00 8.9    -02                                            11451  4   27 
ENDDATA             18          0                                 11451  4   28 
ENDSUBENT           27          0                                 11451  499999 
SUBENT        11451005   20180818                             144311451  5    1 
BIB                  2          3                                 11451  5    2 
REACTION  1(10-NE-20(N,0),,EN)                                    11451  5    3 
          2(10-NE-20(N,TOT),,WID)                                 11451  5    4 
STATUS     (TABLE) Table I, Nucl.Phys.14,270                      11451  5    5 
ENDBIB               3          0                                 11451  5    6 
NOCOMMON             0          0                                 11451  5    7 
DATA                 3         16                                 11451  5    8 
DATA      1DATA      2DATA-MAX  2                                 11451  5    9 
MEV        MILLI-EV   MILLI-EV                                    11451  5   10 
 2.89   +00 4.0    +07                                            11451  5   11 
 3.19   +00 4.0    +07                                            11451  5   12 
 3.29   +00 4.5    +07                                            11451  5   13 
 3.52   +00 3.5    +07                                            11451  5   14 
 3.60   +00 4.0    +07                                            11451  5   15 
 3.70   +00 6.5    +07                                            11451  5   16 
 3.87   +00 8.5    +07                                            11451  5   17 
 4.15   +00 3.0    +07                                            11451  5   18 
 4.31   +00 4.0    +07                                            11451  5   19 
 4.63   +00 3.00   +08                                            11451  5   20 
 4.98   +00 1.00   +08                                            11451  5   21 
 5.52   +00 1.20   +08                                            11451  5   22 
 5.93   +00 2.40   +08                                            11451  5   23 
 6.33   +00 1.25   +08                                            11451  5   24 
 6.60   +00            1.00   +08                                 11451  5   25 
 6.93   +00 2.20   +08                                            11451  5   26 
ENDDATA             18          0                                 11451  5   27 
ENDSUBENT           26          0                                 11451  599999 
SUBENT        11451006   20220320                             149411451  6    1 
BIB                  4          5                                 11451  6    2 
REACTION   (10-NE-20(N,A)8-O-17,PAR,SIG)                          11451  6    3 
COMMENT    Published data increased by 20% due to error in        11451  6    4 
            long counter calibration (GABBARD, priv.Comm.,1963).  11451  6    5 
STATUS     (CURVE) Data read from graphs.                         11451  6    6 
HISTORY    (20220223A) E-LVL corrected                            11451  6    7 
ENDBIB               5          0                                 11451  6    8 
COMMON               1          3                                 11451  6    9 
EN-RSL                                                            11451  6   10 
KEV                                                               11451  6   11 
 23.                                                              11451  6   12 
ENDCOMMON            3          0                                 11451  6   13 
DATA                 3        157                                 11451  6   14 
E-LVL      EN         DATA                                        11451  6   15 
MEV        MEV        MB                                          11451  6   16 
 0.         2.80         9.84                                     11451  6   17 
 0.         2.815       12.                                       11451  6   18 
 0.         2.825       12.12                                     11451  6   19 
 0.         2.842       16.8                                      11451  6   20 
 0.         2.85        33.                                       11451  6   21 
 0.         2.858       39.                                       11451  6   22 
 0.         2.862       71.4                                      11451  6   23 
 0.         2.87       103.2                                      11451  6   24 
 0.         2.88       113.                                       11451  6   25 
 0.         2.88       122.4                                      11451  6   26 
 0.         2.89        96.                                       11451  6   27 
 0.         2.898       82.2                                      11451  6   28 
 0.         2.91        63.6                                      11451  6   29 
 0.         2.925       33.                                       11451  6   30 
 0.         2.938       25.8                                      11451  6   31 
 0.         2.955       19.2                                      11451  6   32 
 0.         2.986       18.                                       11451  6   33 
 0.         3.009       15.9                                      11451  6   34 
 0.         3.025       16.8                                      11451  6   35 
 0.         3.039       15.9                                      11451  6   36 
 0.         3.042       15.                                       11451  6   37 
 0.         3.056       15.6                                      11451  6   38 
 0.         3.06        22.8                                      11451  6   39 
 0.         3.088       22.8                                      11451  6   40 
 0.         3.098       21.6                                      11451  6   41 
 0.         3.107       26.4                                      11451  6   42 
 0.         3.128       30.                                       11451  6   43 
 0.         3.131       34.8                                      11451  6   44 
 0.         3.15        55.2                                      11451  6   45 
 0.         3.167       88.8                                      11451  6   46 
 0.         3.173      170.4                                      11451  6   47 
 0.         3.19       175.2                                      11451  6   48 
 0.         3.198      156.                                       11451  6   49 
 0.         3.212      126.                                       11451  6   50 
 0.         3.215      139.2                                      11451  6   51 
 0.         3.22       115.2                                      11451  6   52 
 0.         3.232      110.4                                      11451  6   53 
 0.         3.24       112.2                                      11451  6   54 
 0.         3.245      132.                                       11451  6   55 
 0.         3.252      175.2                                      11451  6   56 
 0.         3.258      201.                                       11451  6   57 
 0.         3.265      226.8                                      11451  6   58 
 0.         3.27       234.                                       11451  6   59 
 0.         3.278      253.8                                      11451  6   60 
 0.         3.285      240.                                       11451  6   61 
 0.         3.287      200.4                                      11451  6   62 
 0.         3.295      190.8                                      11451  6   63 
 0.         3.305      161.4                                      11451  6   64 
 0.         3.32       120.                                       11451  6   65 
 0.         3.33       100.8                                      11451  6   66 
 0.         3.345       92.4                                      11451  6   67 
 0.         3.355       84.                                       11451  6   68 
 0.         3.375       79.2                                      11451  6   69 
 0.         3.413       71.4                                      11451  6   70 
 0.         3.44        72.6                                      11451  6   71 
 0.         3.47        86.4                                      11451  6   72 
 0.         3.48        83.4                                      11451  6   73 
 0.         3.492       93.                                       11451  6   74 
 0.         3.502      103.8                                      11451  6   75 
 0.         3.516      100.8                                      11451  6   76 
 0.         3.535       91.2                                      11451  6   77 
 0.         3.552       92.4                                      11451  6   78 
 0.         3.57       100.8                                      11451  6   79 
 0.         3.598      105.6                                      11451  6   80 
 0.         3.609       97.8                                      11451  6   81 
 0.         3.63        90.                                       11451  6   82 
 0.         3.645      103.2                                      11451  6   83 
 0.         3.66       141.                                       11451  6   84 
 0.         3.732      196.2                                      11451  6   85 
 0.         3.758      184.8                                      11451  6   86 
 0.         3.77       177.                                       11451  6   87 
 0.         3.80       186.                                       11451  6   88 
 0.         3.835      228.6                                      11451  6   89 
 0.         3.851      317.4                                      11451  6   90 
 0.         3.87       325.2                                      11451  6   91 
 0.         3.912      234.                                       11451  6   92 
 0.         3.93       215.4                                      11451  6   93 
 0.         3.942      196.8                                      11451  6   94 
 0.         3.955      183.6                                      11451  6   95 
 0.         3.995      153.6                                      11451  6   96 
 0.         4.025      134.4                                      11451  6   97 
 0.         4.075      138.                                       11451  6   98 
 0.         4.10       145.2                                      11451  6   99 
 0.         4.13       213.6                                      11451  6  100 
 0.         4.142      286.8                                      11451  6  101 
 0.         4.16       218.4                                      11451  6  102 
 0.         4.182      157.2                                      11451  6  103 
 0.         4.20       131.4                                      11451  6  104 
 0.         4.24       117.                                       11451  6  105 
 0.         4.27       115.2                                      11451  6  106 
 0.         4.282      124.8                                      11451  6  107 
 0.         4.31       170.4                                      11451  6  108 
 0.         4.332      147.                                       11451  6  109 
 0.         4.4        133.2                                      11451  6  110 
 0.870      3.185        0.                                       11451  6  111 
 0.870      3.202        0.                                       11451  6  112 
 0.870      3.22         1.2                                      11451  6  113 
 0.870      3.24         1.2                                      11451  6  114 
 0.870      3.25         7.2                                      11451  6  115 
 0.870      3.252        4.86                                     11451  6  116 
 0.870      3.258        4.2                                      11451  6  117 
 0.870      3.265        8.4                                      11451  6  118 
 0.870      3.275        4.82                                     11451  6  119 
 0.870      3.285        4.2                                      11451  6  120 
 0.870      3.292        3.                                       11451  6  121 
 0.870      3.302        4.8                                      11451  6  122 
 0.870      3.313        4.8                                      11451  6  123 
 0.870      3.328        4.2                                      11451  6  124 
 0.870      3.338        4.8                                      11451  6  125 
 0.870      3.355        3.6                                      11451  6  126 
 0.870      3.38         3.6                                      11451  6  127 
 0.870      3.415        3.                                       11451  6  128 
 0.870      3.432        4.8                                      11451  6  129 
 0.870      3.445        4.2                                      11451  6  130 
 0.870      3.46         4.8                                      11451  6  131 
 0.870      3.475        5.16                                     11451  6  132 
 0.870      3.49         5.16                                     11451  6  133 
 0.870      3.502        9.6                                      11451  6  134 
 0.870      3.515       12.4                                      11451  6  135 
 0.870      3.532       15.6                                      11451  6  136 
 0.870      3.549       19.2                                      11451  6  137 
 0.870      3.563       15.1                                      11451  6  138 
 0.870      3.595        8.4                                      11451  6  139 
 0.870      3.61         4.2                                      11451  6  140 
 0.870      3.63         4.2                                      11451  6  141 
 0.870      3.645        4.2                                      11451  6  142 
 0.870      3.662        4.8                                      11451  6  143 
 0.870      3.678        0.6                                      11451  6  144 
 0.870      3.692        1.2                                      11451  6  145 
 0.870      3.708        1.2                                      11451  6  146 
 0.870      3.732        1.8                                      11451  6  147 
 0.870      3.75         1.8                                      11451  6  148 
 0.870      3.78         4.8                                      11451  6  149 
 0.870      3.81         3.6                                      11451  6  150 
 0.870      3.83         3.6                                      11451  6  151 
 0.870      3.852        9.                                       11451  6  152 
 0.870      3.862        5.4                                      11451  6  153 
 0.870      3.882        2.4                                      11451  6  154 
 0.870      3.90         0.                                       11451  6  155 
 0.870      3.925        4.2                                      11451  6  156 
 0.870      3.942        3.                                       11451  6  157 
 0.870      3.96         6.                                       11451  6  158 
 0.870      3.995        7.1                                      11451  6  159 
 0.870      4.03         7.2                                      11451  6  160 
 0.870      4.07        12.                                       11451  6  161 
 0.870      4.102       15.                                       11451  6  162 
 0.870      4.112       25.8                                      11451  6  163 
 0.870      4.145       36.6                                      11451  6  164 
 0.870      4.16        46.2                                      11451  6  165 
 0.870      4.18        24.                                       11451  6  166 
 0.870      4.20        16.                                       11451  6  167 
 0.870      4.23        12.                                       11451  6  168 
 0.870      4.265       16.2                                      11451  6  169 
 0.870      4.285       16.8                                      11451  6  170 
 0.870      4.302       30.                                       11451  6  171 
 0.870      4.331       26.4                                      11451  6  172 
 0.870      4.395       37.2                                      11451  6  173 
ENDDATA            159          0                                 11451  6  174 
ENDSUBENT          173          0                                 11451  699999 
ENDENTRY             6          0                                 1145199999999 
