ENTRY            11456   19820813                             00001145600000001 
SUBENT        11456001   19820813                             00001145600100001 
BIB                  5          6                                 1145600100002 
INSTITUTE  (1USATEX)                                              1145600100003 
REFERENCE  (W,BOSTRUM,56)                                         1145600100004 
AUTHOR     (N.A.BOSTROM,I.L.MORGAN)                               1145600100005 
STATUS     (SCSRS)                                                1145600100006 
HISTORY    (760715T) TRANSLATED FROM SCISRS                       1145600100007 
           (820813A) CONVERTED TO REACTION FORMALISM              1145600100008 
ENDBIB               6          0                                 1145600100009 
NOCOMMON             0          0                                 1145600100010 
ENDSUBENT            9          0                                 1145600199999 
SUBENT        11456002   19820813                             00001145600200001 
BIB                  2          2                                 1145600200002 
REACTION   (13-AL-27(N,EL)13-AL-27,,DA)                           1145600200003 
DETECTOR   (HORBU)    HORNYAK BUTTON                              1145600200004 
ENDBIB               2          0                                 1145600200005 
COMMON               1          3                                 1145600200006 
EN                                                                1145600200007 
MEV                                                               1145600200008 
 6.00   -01                                                       1145600200009 
ENDCOMMON            3          0                                 1145600200010 
DATA                 3         15                                 1145600200011 
COS-CM     DATA       DATA-ERR                                    1145600200012 
NO-DIM     MB/SR      MB/SR                                       1145600200013 
 0.99000    6.30   +02                                            1145600200014 
 0.94000    5.80   +02                                            1145600200015 
 0.86000    5.70   +02                                            1145600200016 
 0.75000    5.80   +02                                            1145600200017 
 0.62000    5.40   +02                                            1145600200018 
 0.46000    5.00   +02                                            1145600200019 
 0.31000    4.40   +02                                            1145600200020 
 0.14000    3.40   +02                                            1145600200021 
-0.0250     2.85   +02 5.0    +01                                 1145600200022 
-0.2100     2.70   +02                                            1145600200023 
-0.3700     2.50   +02                                            1145600200024 
-0.5200     2.10   +02                                            1145600200025 
-0.6500     2.05   +02 2.0    +01                                 1145600200026 
-0.7800     1.90   +02                                            1145600200027 
-0.8700     1.60   +02                                            1145600200028 
ENDDATA             17          0                                 1145600200029 
ENDSUBENT           28          0                                 1145600299999 
ENDENTRY             2          0                                 1145699999999 
