ENTRY            11468   19820813                             00001146800000001 
SUBENT        11468001   19820813                             00001146800100001 
BIB                  6          7                                 1146800100002 
INSTITUTE  (1USAANL)                                              1146800100003 
REFERENCE  (J,NSE,4,576,58)                                       1146800100004 
AUTHOR     (R.J.BROWN,L.M.BOLLINGER)                              1146800100005 
TITLE      TOTAL NEUTRON CROSS SECTIONS FOR STRUCTURAL MATERIALS. 1146800100006 
STATUS     (SCSRS)                                                1146800100007 
HISTORY    (760715T) TRANSLATED FROM SCISRS                       1146800100008 
           (820813A) CONVERTED TO REACTION FORMALISM              1146800100009 
ENDBIB               7          0                                 1146800100010 
NOCOMMON             0          0                                 1146800100011 
ENDSUBENT           10          0                                 1146800199999 
SUBENT        11468002   19820813                             00001146800200001 
BIB                  2          2                                 1146800200002 
REACTION   (13-AL-27(N,TOT),,SIG)                                 1146800200003 
METHOD     (TOF)      TIME-OF-FLIGHT                              1146800200004 
ENDBIB               2          0                                 1146800200005 
NOCOMMON             0          0                                 1146800200006 
DATA                 2        131                                 1146800200007 
EN         DATA                                                   1146800200008 
MEV        B                                                      1146800200009 
 2.77   -09 9.00   -01                                            1146800200010 
 2.90   -09 1.00   +00                                            1146800200011 
 3.03   -09 9.10   -01                                            1146800200012 
 3.15   -09 9.00   -01                                            1146800200013 
 3.26   -09 8.65   -01                                            1146800200014 
 3.45   -09 9.00   -01                                            1146800200015 
 3.58   -09 9.60   -01                                            1146800200016 
 3.65   -09 8.90   -01                                            1146800200017 
 3.72   -09 9.60   -01                                            1146800200018 
 3.73   -09 1.45   +00                                            1146800200019 
 3.73   -09 2.07   +00                                            1146800200020 
 3.76   -09 2.13   +00                                            1146800200021 
 3.80   -09 2.10   +00                                            1146800200022 
 3.80   -09 1.87   +00                                            1146800200023 
 3.85   -09 1.90   +00                                            1146800200024 
 3.85   -09 1.85   +00                                            1146800200025 
 3.87   -09 1.68   +00                                            1146800200026 
 3.87   -09 1.59   +00                                            1146800200027 
 3.95   -09 1.57   +00                                            1146800200028 
 4.08   -09 1.50   +00                                            1146800200029 
 4.20   -09 1.52   +00                                            1146800200030 
 4.32   -09 1.45   +00                                            1146800200031 
 4.44   -09 1.52   +00                                            1146800200032 
 4.58   -09 1.57   +00                                            1146800200033 
 4.68   -09 1.52   +00                                            1146800200034 
 4.84   -09 1.55   +00                                            1146800200035 
 4.94   -09 1.55   +00                                            1146800200036 
 4.95   -09 1.60   +00                                            1146800200037 
 4.96   -09 2.15   +00                                            1146800200038 
 4.96   -09 2.90   +00                                            1146800200039 
 5.02   -09 2.93   +00                                            1146800200040 
 5.05   -09 2.85   +00                                            1146800200041 
 5.15   -09 2.67   +00                                            1146800200042 
 5.18   -09 2.53   +00                                            1146800200043 
 5.25   -09 2.43   +00                                            1146800200044 
 5.28   -09 2.38   +00                                            1146800200045 
 5.30   -09 2.30   +00                                            1146800200046 
 5.35   -09 1.98   +00                                            1146800200047 
 5.35   -09 2.15   +00                                            1146800200048 
 5.64   -09 1.92   +00                                            1146800200049 
 5.95   -09 1.82   +00                                            1146800200050 
 6.30   -09 1.75   +00                                            1146800200051 
 6.70   -09 1.73   +00                                            1146800200052 
 7.13   -09 1.67   +00                                            1146800200053 
 7.70   -09 1.65   +00                                            1146800200054 
 8.20   -09 1.63   +00                                            1146800200055 
 8.85   -09 1.62   +00                                            1146800200056 
 9.48   -09 1.62   +00                                            1146800200057 
 9.90   -09 1.74   +00                                            1146800200058 
 1.00   -08 1.85   +00                                            1146800200059 
 1.01   -08 1.98   +00                                            1146800200060 
 1.025  -08 1.90   +00                                            1146800200061 
 1.040  -08 1.89   +00                                            1146800200062 
 1.10   -08 1.82   +00                                            1146800200063 
 1.20   -08 1.72   +00                                            1146800200064 
 1.28   -08 1.68   +00                                            1146800200065 
 1.32   -08 1.68   +00                                            1146800200066 
 1.34   -08 1.66   +00                                            1146800200067 
 1.36   -08 1.87   +00                                            1146800200068 
 1.38   -08 1.97   +00                                            1146800200069 
 1.40   -08 2.02   +00                                            1146800200070 
 1.41   -08 1.99   +00                                            1146800200071 
 1.44   -08 1.99   +00                                            1146800200072 
 1.46   -08 1.98   +00                                            1146800200073 
 1.49   -08 2.04   +00                                            1146800200074 
 1.51   -08 2.10   +00                                            1146800200075 
 1.54   -08 2.08   +00                                            1146800200076 
 1.57   -08 2.04   +00                                            1146800200077 
 1.62   -08 2.00   +00                                            1146800200078 
 1.72   -08 1.95   +00                                            1146800200079 
 1.82   -08 1.85   +00                                            1146800200080 
 1.87   -08 1.79   +00                                            1146800200081 
 1.90   -08 1.77   +00                                            1146800200082 
 1.92   -08 1.72   +00                                            1146800200083 
 1.95   -08 1.70   +00                                            1146800200084 
 1.97   -08 1.77   +00                                            1146800200085 
 1.99   -08 1.82   +00                                            1146800200086 
 2.02   -08 1.84   +00                                            1146800200087 
 2.05   -08 1.70   +00                                            1146800200088 
 2.06   -08 1.65   +00                                            1146800200089 
 2.09   -08 1.64   +00                                            1146800200090 
 2.18   -08 1.55   +00                                            1146800200091 
 2.27   -08 1.49   +00                                            1146800200092 
 2.29   -08 1.44   +00                                            1146800200093 
 2.32   -08 1.45   +00                                            1146800200094 
 2.36   -08 1.49   +00                                            1146800200095 
 2.39   -08 1.52   +00                                            1146800200096 
 2.42   -08 1.49   +00                                            1146800200097 
 2.45   -08 1.50   +00                                            1146800200098 
 2.48   -08 1.55   +00                                            1146800200099 
 2.52   -08 1.58   +00                                            1146800200100 
 2.57   -08 1.58   +00                                            1146800200101 
 2.63   -08 1.56   +00                                            1146800200102 
 2.73   -08 1.54   +00                                            1146800200103 
 2.78   -08 1.54   +00                                            1146800200104 
 2.90   -08 1.52   +00                                            1146800200105 
 2.99   -08 1.54   +00                                            1146800200106 
 3.03   -08 1.57   +00                                            1146800200107 
 3.08   -08 1.54   +00                                            1146800200108 
 3.14   -08 1.53   +00                                            1146800200109 
 3.18   -08 1.50   +00                                            1146800200110 
 3.27   -08 1.53   +00                                            1146800200111 
 3.37   -08 1.58   +00                                            1146800200112 
 3.43   -08 1.59   +00                                            1146800200113 
 3.47   -08 1.62   +00                                            1146800200114 
 3.55   -08 1.60   +00                                            1146800200115 
 3.73   -08 1.59   +00                                            1146800200116 
 3.93   -08 1.59   +00                                            1146800200117 
 3.96   -08 1.55   +00                                            1146800200118 
 4.05   -08 1.54   +00                                            1146800200119 
 4.12   -08 1.56   +00                                            1146800200120 
 4.20   -08 1.54   +00                                            1146800200121 
 4.27   -08 1.55   +00                                            1146800200122 
 4.36   -08 1.59   +00                                            1146800200123 
 4.42   -08 1.62   +00                                            1146800200124 
 4.52   -08 1.64   +00                                            1146800200125 
 4.60   -08 1.65   +00                                            1146800200126 
 4.65   -08 1.62   +00                                            1146800200127 
 4.74   -08 1.62   +00                                            1146800200128 
 0.050  -06 1.57                                                  1146800200129 
 0.0545 -06 1.58                                                  1146800200130 
 0.0605 -06 1.54                                                  1146800200131 
 0.0620 -06 1.53                                                  1146800200132 
 0.069  -06 1.50                                                  1146800200133 
 0.082  -06 1.48                                                  1146800200134 
 0.103  -06 1.55                                                  1146800200135 
 0.135  -06 1.55                                                  1146800200136 
 0.185  -06 1.53                                                  1146800200137 
 0.252  -06 1.525                                                 1146800200138 
 0.412  -06 1.54                                                  1146800200139 
 0.72   -06 1.52                                                  1146800200140 
ENDDATA            133          0                                 1146800200141 
ENDSUBENT          140          0                                 1146800299999 
SUBENT        11468003   19820813                             00001146800300001 
BIB                  2          2                                 1146800300002 
REACTION   (28-NI-0(N,TOT),,SIG)                                  1146800300003 
STATUS     (CURVE)                                                1146800300004 
ENDBIB               2          0                                 1146800300005 
NOCOMMON             0          0                                 1146800300006 
DATA                 2         91                                 1146800300007 
EN         DATA                                                   1146800300008 
EV         B                                                      1146800300009 
 0.00206    20.4                                                  1146800300010 
 0.00231    19.0                                                  1146800300011 
 0.00261    18.4                                                  1146800300012 
 0.00298    17.8                                                  1146800300013 
 0.00342    16.6                                                  1146800300014 
 0.0038     16.2                                                  1146800300015 
 0.0041     16.2                                                  1146800300016 
 0.00443    15.7                                                  1146800300017 
 0.00464    15.2                                                  1146800300018 
 0.0047     14.8                                                  1146800300019 
 0.0048     15.2                                                  1146800300020 
 0.0048     15.8                                                  1146800300021 
 0.00487    15.7                                                  1146800300022 
 0.00494    16.8                                                  1146800300023 
 0.0050     17.8                                                  1146800300024 
 0.00505    18.0                                                  1146800300025 
 0.00506    17.6                                                  1146800300026 
 0.0052     18.3                                                  1146800300027 
 0.00532    18.8                                                  1146800300028 
 0.00555    19.5                                                  1146800300029 
 0.00585    21.2                                                  1146800300030 
 0.00615    22.0                                                  1146800300031 
 0.00645    23.5                                                  1146800300032 
 0.00665    27.7                                                  1146800300033 
 0.0067     26.8                                                  1146800300034 
 0.0068     26.25                                                 1146800300035 
 0.00695    26.0                                                  1146800300036 
 0.0070     25.7                                                  1146800300037 
 0.00725    25.6                                                  1146800300038 
 0.0077     25.0                                                  1146800300039 
 0.00815    24.2                                                  1146800300040 
 0.00865    23.2                                                  1146800300041 
 0.0091     22.25                                                 1146800300042 
 0.00975    21.25                                                 1146800300043 
 0.0104     20.2                                                  1146800300044 
 0.0112     19.6                                                  1146800300045 
 0.0119     18.5                                                  1146800300046 
 0.0124     17.95                                                 1146800300047 
 0.0125     18.0                                                  1146800300048 
 0.0128     17.8                                                  1146800300049 
 0.0130     18.7                                                  1146800300050 
 0.0131     22.0                                                  1146800300051 
 0.0133     21.7                                                  1146800300052 
 0.0140     20.0                                                  1146800300053 
 0.0151     18.3                                                  1146800300054 
 0.0164     17.4                                                  1146800300055 
 0.0172     16.5                                                  1146800300056 
 0.0176     16.9                                                  1146800300057 
 0.0180     17.8                                                  1146800300058 
 0.0182     19.4                                                  1146800300059 
 0.0184     19.5                                                  1146800300060 
 0.0188     19.2                                                  1146800300061 
 0.0192     18.9                                                  1146800300062 
 0.0199     19.1                                                  1146800300063 
 0.0215     19.0                                                  1146800300064 
 0.0234     18.6                                                  1146800300065 
 0.0249     18.5                                                  1146800300066 
 0.0255     18.6                                                  1146800300067 
 0.0260     18.2                                                  1146800300068 
 0.0266     18.5                                                  1146800300069 
 0.02725    18.3                                                  1146800300070 
 0.0277     18.3                                                  1146800300071 
 0.0283     18.1                                                  1146800300072 
 0.0288     17.8                                                  1146800300073 
 0.0295     17.7                                                  1146800300074 
 0.0304     18.0                                                  1146800300075 
 0.0310     18.3                                                  1146800300076 
 0.0318     18.5                                                  1146800300077 
 0.0325     19.0                                                  1146800300078 
 0.0333     19.75                                                 1146800300079 
 0.0341     19.4                                                  1146800300080 
 0.0348     19.0                                                  1146800300081 
 0.0357     18.9                                                  1146800300082 
 0.0366     18.6                                                  1146800300083 
 0.0375     18.3                                                  1146800300084 
 0.0387     18.2                                                  1146800300085 
 0.0395     18.2                                                  1146800300086 
 0.0406     18.2                                                  1146800300087 
 0.0417     17.9                                                  1146800300088 
 0.0425     17.9                                                  1146800300089 
 0.0440     18.1                                                  1146800300090 
 0.0450     18.3                                                  1146800300091 
 0.0463     18.4                                                  1146800300092 
 0.0478     18.1                                                  1146800300093 
 0.0491     18.1                                                  1146800300094 
 0.0536     18.1                                                  1146800300095 
 0.0665     18.6                                                  1146800300096 
 0.0930     17.9                                                  1146800300097 
 0.136      17.8                                                  1146800300098 
 0.223      17.5                                                  1146800300099 
 0.425      17.0                                                  1146800300100 
ENDDATA             93          0                                 1146800300101 
ENDSUBENT          100          0                                 1146800399999 
ENDENTRY             3          0                                 1146899999999 
