ENTRY            11477   19821124                             00001147700000001 
SUBENT        11477001   19821124                             00001147700100001 
BIB                  9         11                                 1147700100002 
INSTITUTE  (1USAMIT)                                              1147700100003 
REFERENCE  (J,PR,95,989,5408)                                     1147700100004 
AUTHOR     (R.M.KIEHN,C.GOODMAN)                                  1147700100005 
TITLE      NEUTRON INELASTIC SCATTERING                           1147700100006 
INC-SOURCE (P-LI7)                                                1147700100007 
DETECTOR   (NAICR) NAI(TL) SPECTROMETER                           1147700100008 
CORRECTION NOT CORRECTED FOR MULTIPLE SCATTERING                  1147700100009 
STATUS     (SCSRS)                                                1147700100010 
HISTORY    (760715T) TRANSLATED FROM SCISRS                       1147700100011 
           (821124A) CONVERTED TO REACTION FORMALISM              1147700100012 
           (930315A) CONVERTED TO LOWER CASE. BIB UPDATE.         1147700100013 
ENDBIB              11          0                                 1147700100014 
NOCOMMON             0          0                                 1147700100015 
ENDSUBENT           14          0                                 1147700199999 
SUBENT        11477002   19930315                             00001147700200001 
BIB                  5          6                                 1147700200002 
REACTION   (13-AL-27(N,INL)13-AL-27,PAR,SIG)                      1147700200003 
PART-DET   (G)                                                    1147700200004 
MONITOR    (26-FE-56(N,INL)26-FE-56,PAR,SIG,,A)                   1147700200005 
STATUS     (CURVE) READ FROM LARGE CURVE RECEIVED FROM AUTHORS    1147700200006 
HISTORY    (930315A) REACTION, MONITOR, AND SECONDARY ENERGY      1147700200007 
                     HEADING CORRECTED. PARTICLE DETECTED ADDED.  1147700200008 
ENDBIB               6          0                                 1147700200009 
COMMON               3          3                                 1147700200010 
E-LVL      EN-RSL     E-LVL-NRM                                   1147700200011 
MEV        KEV        MEV                                         1147700200012 
 0.847      25.        0.85                                       1147700200013 
ENDCOMMON            3          0                                 1147700200014 
DATA                 2         94                                 1147700200015 
EN         DATA                                                   1147700200016 
MEV        B                                                      1147700200017 
 1.013  +00 0.     +00                                            1147700200018 
 1.032  +00 0.     +00                                            1147700200019 
 1.052  +00 6.5    -02                                            1147700200020 
 1.067  +00 1.08   -01                                            1147700200021 
 1.086  +00 5.0    -02                                            1147700200022 
 1.102  +00 4.5    -02                                            1147700200023 
 1.104  +00 6.5    -02                                            1147700200024 
 1.125  +00 1.02   -01                                            1147700200025 
 1.144  +00 1.12   -01                                            1147700200026 
 1.146  +00 1.23   -01                                            1147700200027 
 1.164  +00 1.21   -01                                            1147700200028 
 1.165  +00 1.32   -01                                            1147700200029 
 1.186  +00 1.25   -01                                            1147700200030 
 1.186  +00 1.62   -01                                            1147700200031 
 1.195  +00 1.72   -01                                            1147700200032 
 1.207  +00 1.67   -01                                            1147700200033 
 1.207  +00 1.80   -01                                            1147700200034 
 1.225  +00 9.4    -02                                            1147700200035 
 1.245  +00 8.9    -02                                            1147700200036 
 1.265  +00 1.00   -01                                            1147700200037 
 1.283  +00 7.7    -02                                            1147700200038 
 1.283  +00 1.01   -01                                            1147700200039 
 1.303  +00 7.4    -02                                            1147700200040 
 1.322  +00 1.23   -01                                            1147700200041 
 1.344  +00 1.41   -01                                            1147700200042 
 1.346  +00 2.02   -01                                            1147700200043 
 1.365  +00 1.92   -01                                            1147700200044 
 1.370  +00 2.33   -01                                            1147700200045 
 1.377  +00 2.04   -01                                            1147700200046 
 1.388  +00 1.81   -01                                            1147700200047 
 1.409  +00 1.82   -01                                            1147700200048 
 1.429  +00 1.42   -01                                            1147700200049 
 1.448  +00 1.12   -01                                            1147700200050 
 1.468  +00 1.21   -01                                            1147700200051 
 1.488  +00 1.34   -01                                            1147700200052 
 1.509  +00 1.48   -01                                            1147700200053 
 1.530  +00 1.60   -01                                            1147700200054 
 1.553  +00 1.71   -01                                            1147700200055 
 1.573  +00 1.80   -01                                            1147700200056 
 1.595  +00 1.73   -01                                            1147700200057 
 1.617  +00 1.72   -01                                            1147700200058 
 1.640  +00 1.64   -01                                            1147700200059 
 1.640  +00 1.96   -01                                            1147700200060 
 1.663  +00 1.34   -01                                            1147700200061 
 1.690  +00 7.0    -02                                            1147700200062 
 1.711  +00 8.0    -02                                            1147700200063 
 1.733  +00 3.7    -02                                            1147700200064 
 1.757  +00 6.4    -02                                            1147700200065 
 1.760  +00 7.8    -02                                            1147700200066 
 1.780  +00 8.6    -02                                            1147700200067 
 1.780  +00 1.00   -01                                            1147700200068 
 1.803  +00 1.13   -01                                            1147700200069 
 1.823  +00 1.25   -01                                            1147700200070 
 1.847  +00 1.67   -01                                            1147700200071 
 1.868  +00 1.34   -01                                            1147700200072 
 1.892  +00 9.3    -02                                            1147700200073 
 1.919  +00 9.2    -02                                            1147700200074 
 1.940  +00 8.8    -02                                            1147700200075 
 1.958  +00 6.1    -02                                            1147700200076 
 1.982  +00 1.02   -01                                            1147700200077 
 2.000  +00 8.2    -02                                            1147700200078 
 2.023  +00 9.0    -02                                            1147700200079 
 2.042  +00 1.17   -01                                            1147700200080 
 2.064  +00 1.06   -01                                            1147700200081 
 2.083  +00 1.10   -01                                            1147700200082 
 2.107  +00 1.08   -01                                            1147700200083 
 2.134  +00 1.12   -01                                            1147700200084 
 2.156  +00 1.16   -01                                            1147700200085 
 2.180  +00 1.21   -01                                            1147700200086 
 2.194  +00 1.52   -01                                            1147700200087 
 2.205  +00 1.41   -01                                            1147700200088 
 2.220  +00 1.89   -01                                            1147700200089 
 2.230  +00 1.27   -01                                            1147700200090 
 2.258  +00 9.8    -02                                            1147700200091 
 2.284  +00 1.20   -01                                            1147700200092 
 2.308  +00 1.43   -01                                            1147700200093 
 2.327  +00 1.13   -01                                            1147700200094 
 2.350  +00 1.39   -01                                            1147700200095 
 2.375  +00 1.47   -01                                            1147700200096 
 2.392  +00 1.28   -01                                            1147700200097 
 2.420  +00 1.52   -01                                            1147700200098 
 2.443  +00 1.45   -01                                            1147700200099 
 2.463  +00 1.62   -01                                            1147700200100 
 2.486  +00 1.37   -01                                            1147700200101 
 2.514  +00 1.00   -01                                            1147700200102 
 2.539  +00 9.6    -02                                            1147700200103 
 2.562  +00 1.20   -01                                            1147700200104 
 2.591  +00 1.08   -01                                            1147700200105 
 2.624  +00 1.20   -01                                            1147700200106 
 2.643  +00 1.43   -01                                            1147700200107 
 2.657  +00 1.60   -01                                            1147700200108 
 2.697  +00 1.85   -01                                            1147700200109 
 2.720  +00 2.18   -01                                            1147700200110 
 2.756  +00 1.85   -01                                            1147700200111 
ENDDATA             96          0                                 1147700200112 
ENDSUBENT          111          0                                 1147700299999 
SUBENT        11477003   19930315                             00001147700300001 
BIB                  5          6                                 1147700300002 
REACTION   (13-AL-27(N,INL)13-AL-27,PAR,SIG)                      1147700300003 
PART-DET   (G)                                                    1147700300004 
MONITOR    (26-FE-56(N,INL)26-FE-56,PAR,SIG,,A)                   1147700300005 
STATUS     (CURVE) READ FROM LARGE CURVE RECEIVED FROM AUTHORS    1147700300006 
HISTORY    (930315A) REACTION, MONITOR, AND SECONDARY ENERGY      1147700300007 
                     HEADING CORRECTED. PARTICLE DETECTED ADDED.  1147700300008 
ENDBIB               6          0                                 1147700300009 
COMMON               3          3                                 1147700300010 
E-LVL      EN-RSL     E-LVL-NRM                                   1147700300011 
MEV        KEV        MEV                                         1147700300012 
 1.025      25.        0.85                                       1147700300013 
ENDCOMMON            3          0                                 1147700300014 
DATA                 3        125                                 1147700300015 
EN         DATA       DATA-ERR                                    1147700300016 
MEV        B          B                                           1147700300017 
 1.014  +00 0.     +00                                            1147700300018 
 1.033  +00 0.     +00                                            1147700300019 
 1.051  +00 1.2    -02                                            1147700300020 
 1.066  +00 2.5    -02                                            1147700300021 
 1.085  +00 1.17   -01                                            1147700300022 
 1.102  +00 1.92   -01                                            1147700300023 
 1.113  +00 2.23   -01                                            1147700300024 
 1.124  +00 2.54   -01                                            1147700300025 
 1.125  +00 2.74   -01                                            1147700300026 
 1.135  +00 2.12   -01                                            1147700300027 
 1.139  +00 1.68   -01                                            1147700300028 
 1.163  +00 1.68   -01                                            1147700300029 
 1.187  +00 1.85   -01                                            1147700300030 
 1.208  +00 2.27   -01                                            1147700300031 
 1.225  +00 2.19   -01                                            1147700300032 
 1.243  +00 2.54   -01                                            1147700300033 
 1.260  +00 2.84   -01                                            1147700300034 
 1.274  +00 2.06   -01                                            1147700300035 
 1.289  +00 1.98   -01                                            1147700300036 
 1.305  +00 1.75   -01                                            1147700300037 
 1.321  +00 2.28   -01                                            1147700300038 
 1.338  +00 2.33   -01                                            1147700300039 
 1.352  +00 1.93   -01                                            1147700300040 
 1.370  +00 1.59   -01                                            1147700300041 
 1.397  +00 1.61   -01                                            1147700300042 
 1.412  +00 1.89   -01                                            1147700300043 
 1.430  +00 2.32   -01                                            1147700300044 
 1.452  +00 2.80   -01                                            1147700300045 
 1.459  +00 2.70   -01                                            1147700300046 
 1.489  +00 2.46   -01                                            1147700300047 
 1.503  +00 2.22   -01                                            1147700300048 
 1.521  +00 2.10   -01                                            1147700300049 
 1.536  +00 3.58   -01                                            1147700300050 
 1.544  +00 3.57   -01                                            1147700300051 
 1.580  +00 2.25   -01                                            1147700300052 
 1.584  +00 2.75   -01                                            1147700300053 
 1.598  +00 2.40   -01                                            1147700300054 
 1.613  +00 2.69   -01                                            1147700300055 
 1.653  +00 3.45   -01                                            1147700300056 
 1.684  +00 3.86   -01                                            1147700300057 
 1.709  +00 4.00   -01                                            1147700300058 
 1.722  +00 3.47   -01                                            1147700300059 
 1.757  +00 3.11   -01                                            1147700300060 
 1.789  +00 3.13   -01                                            1147700300061 
 1.830  +00 2.71   -01                                            1147700300062 
 1.863  +00 2.65   -01                                            1147700300063 
 1.878  +00 2.35   -01                                            1147700300064 
 1.896  +00 3.64   -01                                            1147700300065 
 1.905  +00 4.18   -01                                            1147700300066 
 1.923  +00 4.49   -01                                            1147700300067 
 1.940  +00 4.35   -01                                            1147700300068 
 1.958  +00 4.04   -01                                            1147700300069 
 1.976  +00 3.83   -01                                            1147700300070 
 2.000  +00 3.72   -01                                            1147700300071 
 2.025  +00 4.00   -01                                            1147700300072 
 2.055  +00 4.42   -01                                            1147700300073 
 2.066  +00 4.84   -01                                            1147700300074 
 2.086  +00 4.63   -01                                            1147700300075 
 2.086  +00 4.85   -01                                            1147700300076 
 2.113  +00 3.77   -01                                            1147700300077 
 2.127  +00 3.58   -01                                            1147700300078 
 2.133  +00 3.92   -01                                            1147700300079 
 2.161  +00 3.60   -01                                            1147700300080 
 2.198  +00 3.60   -01                                            1147700300081 
 2.215  +00 4.30   -01                                            1147700300082 
 2.230  +00 4.65   -01                                            1147700300083 
 2.248  +00 4.82   -01                                            1147700300084 
 2.272  +00 4.27   -01                                            1147700300085 
 2.283  +00 4.04   -01                                            1147700300086 
 2.308  +00 3.98   -01                                            1147700300087 
 2.330  +00 3.87   -01                                            1147700300088 
 2.343  +00 3.54   -01                                            1147700300089 
 2.375  +00 3.53   -01                                            1147700300090 
 2.378  +00 3.25   -01 2.0    -02                                 1147700300091 
 2.397  +00 2.65   -01 2.0    -02                                 1147700300092 
 2.405  +00 2.80   -01 2.0    -02                                 1147700300093 
 2.405  +00 3.06   -01                                            1147700300094 
 2.416  +00 2.55   -01 1.5    -02                                 1147700300095 
 2.420  +00 2.91   -01                                            1147700300096 
 2.433  +00 2.95   -01 2.2    -02                                 1147700300097 
 2.437  +00 2.40   -01 2.0    -02                                 1147700300098 
 2.442  +00 3.20   -01                                            1147700300099 
 2.454  +00 4.12   -01 2.2    -02                                 1147700300100 
 2.462  +00 4.42   -01 2.0    -02                                 1147700300101 
 2.470  +00 4.39   -01                                            1147700300102 
 2.475  +00 4.35   -01 2.2    -02                                 1147700300103 
 2.475  +00 4.65   -01 2.2    -02                                 1147700300104 
 2.476  +00 4.68   -01                                            1147700300105 
 2.493  +00 4.62   -01 1.7    -02                                 1147700300106 
 2.493  +00 4.73   -01                                            1147700300107 
 2.493  +00 4.97   -01 1.7    -02                                 1147700300108 
 2.505  +00 5.35   -01 1.7    -02                                 1147700300109 
 2.514  +00 5.26   -01                                            1147700300110 
 2.516  +00 5.23   -01                                            1147700300111 
 2.517  +00 4.80   -01 2.0    -02                                 1147700300112 
 2.526  +00 5.62   -01                                            1147700300113 
 2.530  +00 4.17   -01 2.5    -02                                 1147700300114 
 2.535  +00 3.28   -01 2.0    -02                                 1147700300115 
 2.535  +00 3.52   -01 2.0    -02                                 1147700300116 
 2.539  +00 3.65   -01 2.0    -02                                 1147700300117 
 2.540  +00 5.66   -01                                            1147700300118 
 2.544  +00 5.12   -01                                            1147700300119 
 2.552  +00 4.42   -01                                            1147700300120 
 2.555  +00 3.73   -01 2.2    -02                                 1147700300121 
 2.560  +00 3.55   -01 2.2    -02                                 1147700300122 
 2.565  +00 3.57   -01                                            1147700300123 
 2.565  +00 3.95   -01                                            1147700300124 
 2.575  +00 3.90   -01 2.2    -02                                 1147700300125 
 2.578  +00 3.94   -01                                            1147700300126 
 2.585  +00 4.16   -01 1.8    -02                                 1147700300127 
 2.585  +00 3.79   -01                                            1147700300128 
 2.598  +00 4.35   -01 2.0    -02                                 1147700300129 
 2.618  +00 4.28   -01                                            1147700300130 
 2.628  +00 4.42   -01                                            1147700300131 
 2.638  +00 4.66   -01                                            1147700300132 
 2.644  +00 4.90   -01                                            1147700300133 
 2.654  +00 5.03   -01                                            1147700300134 
 2.656  +00 4.79   -01                                            1147700300135 
 2.690  +00 4.30   -01                                            1147700300136 
 2.696  +00 3.84   -01                                            1147700300137 
 2.710  +00 4.67   -01                                            1147700300138 
 2.723  +00 4.27   -01                                            1147700300139 
 2.745  +00 4.79   -01                                            1147700300140 
 2.747  +00 4.58   -01                                            1147700300141 
 2.790  +00 5.58   -01                                            1147700300142 
ENDDATA            127          0                                 1147700300143 
ENDSUBENT          142          0                                 1147700399999 
SUBENT        11477004   19930315                             00001147700400001 
BIB                  5          6                                 1147700400002 
REACTION   (13-AL-27(N,INL)13-AL-27,PAR,SIG)                      1147700400003 
PART-DET   (G)                                                    1147700400004 
MONITOR    (26-FE-56(N,INL)26-FE-56,PAR,SIG,,A)                   1147700400005 
STATUS     (CURVE) READ FROM LARGE CURVE RECEIVED FROM AUTHORS    1147700400006 
HISTORY    (930315A) REACTION, MONITOR, AND SECONDARY ENERGY      1147700400007 
                     HEADING CORRECTED. PARTICLE DETECTED ADDED.  1147700400008 
ENDBIB               6          0                                 1147700400009 
COMMON               3          3                                 1147700400010 
E-LVL      EN-RSL     E-LVL-NRM                                   1147700400011 
MEV        KEV        MEV                                         1147700400012 
 2.23       25.        0.85                                       1147700400013 
ENDCOMMON            3          0                                 1147700400014 
DATA                 2         17                                 1147700400015 
EN         DATA                                                   1147700400016 
MEV        B                                                      1147700400017 
 2.217  +00 0.     +00                                            1147700400018 
 2.264  +00 1.0    -02                                            1147700400019 
 2.313  +00 3.5    -02                                            1147700400020 
 2.348  +00 1.05   -01                                            1147700400021 
 2.383  +00 8.0    -02                                            1147700400022 
 2.418  +00 1.45   -01                                            1147700400023 
 2.451  +00 1.20   -01                                            1147700400024 
 2.485  +00 1.95   -01                                            1147700400025 
 2.505  +00 2.20   -01                                            1147700400026 
 2.524  +00 2.80   -01                                            1147700400027 
 2.543  +00 2.75   -01                                            1147700400028 
 2.562  +00 2.35   -01                                            1147700400029 
 2.598  +00 2.90   -01                                            1147700400030 
 2.635  +00 2.55   -01                                            1147700400031 
 2.679  +00 3.70   -01                                            1147700400032 
 2.719  +00 2.90   -01                                            1147700400033 
 2.760  +00 3.80   -01                                            1147700400034 
ENDDATA             19          0                                 1147700400035 
ENDSUBENT           34          0                                 1147700499999 
SUBENT        11477005   19821124                             00001147700500001 
BIB                  2          2                                 1147700500002 
REACTION   (13-AL-27(N,TOT),,SIG)                                 1147700500003 
MONITOR    (26-FE-56(N,INL)26-FE-56,PAR,SIG,G)                    1147700500004 
ENDBIB               2          0                                 1147700500005 
COMMON               2          3                                 1147700500006 
EN-RSL     E-NRM                                                  1147700500007 
KEV        MEV                                                    1147700500008 
 25.        0.85                                                  1147700500009 
ENDCOMMON            3          0                                 1147700500010 
DATA                 3          9                                 1147700500011 
EN         DATA       DATA-ERR                                    1147700500012 
MEV        B          B                                           1147700500013 
 2.420  +00 2.50   +00 2.0    -01                                 1147700500014 
 2.440  +00 2.90   +00 1.7    -01                                 1147700500015 
 2.460  +00 3.48   +00 1.5    -01                                 1147700500016 
 2.480  +00 3.87   +00 1.8    -01                                 1147700500017 
 2.500  +00 4.10   +00 1.5    -01                                 1147700500018 
 2.520  +00 3.28   +00 1.6    -01                                 1147700500019 
 2.540  +00 2.74   +00 1.8    -01                                 1147700500020 
 2.560  +00 2.61   +00 1.7    -01                                 1147700500021 
 2.580  +00 2.72   +00 1.6    -01                                 1147700500022 
ENDDATA             11          0                                 1147700500023 
ENDSUBENT           22          0                                 1147700599999 
SUBENT        11477006   19930315                             00001147700600001 
BIB                  6          8                                 1147700600002 
REACTION   (26-FE-56(N,INL)26-FE-56,PAR,SIG,,A)                   1147700600003 
PART-DET   (G)                                                    1147700600004 
MONITOR    (3-LI-7(P,N)4-BE-7,,SIG)                               1147700600005 
MONIT-REF  (,HANSEN+,J,RMP,21,635,49)                             1147700600006 
STATUS     (CURVE) READ FROM LARGE CURVE RECEIVED FROM AUTHORS    1147700600007 
HISTORY    (930315A) REACTION AND SECONDARY ENERGY HEADING        1147700600008 
                     CORRECTED. MONITOR, REFERENCE AND PARTICLE   1147700600009 
                     DETECTED ADDED.                              1147700600010 
ENDBIB               8          0                                 1147700600011 
COMMON               1          3                                 1147700600012 
E-LVL                                                             1147700600013 
MEV                                                               1147700600014 
     .845                                                         1147700600015 
ENDCOMMON            3          0                                 1147700600016 
DATA                 2        133                                 1147700600017 
EN         DATA                                                   1147700600018 
MEV        B                                                      1147700600019 
 8.12   -01 0.     +00                                            1147700600020 
 8.3    -01 0.     +00                                            1147700600021 
 8.5    -01 0.     +00                                            1147700600022 
 8.6    -01 9.0    -02                                            1147700600023 
 8.68   -01 2.52   -01                                            1147700600024 
 8.7    -01 2.90   -01                                            1147700600025 
 8.8    -01 3.10   -01                                            1147700600026 
 8.87   -01 2.45   -01                                            1147700600027 
 8.9    -01 1.90   -01                                            1147700600028 
 9.00   -01 2.00   -01                                            1147700600029 
 9.03   -01 1.73   -01                                            1147700600030 
 9.15   -01 2.50   -01                                            1147700600031 
 9.32   -01 3.30   -01                                            1147700600032 
 9.42   -01 3.50   -01                                            1147700600033 
 9.5    -01 3.30   -01                                            1147700600034 
 9.51   -01 3.00   -01                                            1147700600035 
 9.53   -01 2.60   -01                                            1147700600036 
 9.61   -01 2.49   -01                                            1147700600037 
 9.72   -01 2.90   -01                                            1147700600038 
 9.80   -01 5.00   -01                                            1147700600039 
 9.80   -01 3.50   -01                                            1147700600040 
 9.80   -01 4.50   -01                                            1147700600041 
 9.9    -01 6.00   -01                                            1147700600042 
 9.95   -01 7.00   -01                                            1147700600043 
 1.01   +00 5.50   -01                                            1147700600044 
 1.01   +00 5.95   -01                                            1147700600045 
 1.02   +00 4.50   -01                                            1147700600046 
 1.025  +00 3.95   -01                                            1147700600047 
 1.03   +00 4.20   -01                                            1147700600048 
 1.04   +00 5.90   -01                                            1147700600049 
 1.04   +00 4.60   -01                                            1147700600050 
 1.04   +00 5.21   -01                                            1147700600051 
 1.055  +00 6.41   -01                                            1147700600052 
 1.072  +00 7.05   -01                                            1147700600053 
 1.09   +00 6.65   -01                                            1147700600054 
 1.11   +00 5.90   -01                                            1147700600055 
 1.11   +00 6.50   -01                                            1147700600056 
 1.12   +00 7.45   -01                                            1147700600057 
 1.15   +00 6.41   -01                                            1147700600058 
 1.17   +00 7.08   -01                                            1147700600059 
 1.18   +00 6.30   -01                                            1147700600060 
 1.20   +00 5.71   -01                                            1147700600061 
 1.245  +00 5.65   -01                                            1147700600062 
 1.28   +00 6.50   -01                                            1147700600063 
 1.309  +00 5.70   -01                                            1147700600064 
 1.328  +00 6.20   -01                                            1147700600065 
 1.35   +00 8.00   -01                                            1147700600066 
 1.35   +00 7.00   -01                                            1147700600067 
 1.36   +00 8.90   -01                                            1147700600068 
 1.36   +00 8.50   -01                                            1147700600069 
 1.37   +00 9.50   -01                                            1147700600070 
 1.38   +00 8.50   -01                                            1147700600071 
 1.39   +00 8.10   -01                                            1147700600072 
 1.4    +00 7.00   -01                                            1147700600073 
 1.41   +00 7.80   -01                                            1147700600074 
 1.43   +00 6.98   -01                                            1147700600075 
 1.45   +00 7.80   -01                                            1147700600076 
 1.46   +00 8.10   -01                                            1147700600077 
 1.48   +00 7.90   -01                                            1147700600078 
 1.49   +00 8.85   -01                                            1147700600079 
 1.52   +00 9.00   -01                                            1147700600080 
 1.53   +00 7.80   -01                                            1147700600081 
 1.555  +00 7.39   -01                                            1147700600082 
 1.58   +00 7.30   -01                                            1147700600083 
 1.58   +00 7.00   -01                                            1147700600084 
 1.615  +00 7.89   -01                                            1147700600085 
 1.64   +00 8.0    -01                                            1147700600086 
 1.67   +00 8.7    -01                                            1147700600087 
 1.678  +00 7.8    -01                                            1147700600088 
 1.69   +00 7.4    -01                                            1147700600089 
 1.72   +00 6.9    -01                                            1147700600090 
 1.74   +00 8.0    -01                                            1147700600091 
 1.74   +00 7.5    -01                                            1147700600092 
 1.76   +00 8.7    -01                                            1147700600093 
 1.76   +00 8.3    -01                                            1147700600094 
 1.79   +00 6.6    -01                                            1147700600095 
 1.799  +00 7.2    -01                                            1147700600096 
 1.83   +00 8.9    -01                                            1147700600097 
 1.83   +00 8.3    -01                                            1147700600098 
 1.84   +00 9.8    -01                                            1147700600099 
 1.84   +00 9.3    -01                                            1147700600100 
 1.85   +00 1.09   +00                                            1147700600101 
 1.85   +00 1.03   +00                                            1147700600102 
 1.85   +00 1.06   +00                                            1147700600103 
 1.86   +00 1.01   +00                                            1147700600104 
 1.87   +00 9.8    -01                                            1147700600105 
 1.885  +00 8.85   -01                                            1147700600106 
 1.9    +00 8.4    -01                                            1147700600107 
 1.92   +00 7.93   -01                                            1147700600108 
 1.93   +00 8.8    -01                                            1147700600109 
 1.94   +00 9.7    -01                                            1147700600110 
 1.96   +00 1.110  +00                                            1147700600111 
 1.96   +00 1.00   +00                                            1147700600112 
 1.98   +00 1.180  +00                                            1147700600113 
 2.01   +00 1.190  +00                                            1147700600114 
 2.03   +00 1.205  +00                                            1147700600115 
 2.065  +00 1.228  +00                                            1147700600116 
 2.09   +00 1.180  +00                                            1147700600117 
 2.12   +00 1.100  +00                                            1147700600118 
 2.14   +00 1.180  +00                                            1147700600119 
 2.18   +00 1.320  +00                                            1147700600120 
 2.18   +00 1.230  +00                                            1147700600121 
 2.19   +00 1.380  +00                                            1147700600122 
 2.21   +00 1.305  +00                                            1147700600123 
 2.22   +00 1.220  +00                                            1147700600124 
 2.24   +00 1.190  +00                                            1147700600125 
 2.24   +00 1.020  +00                                            1147700600126 
 2.26   +00 1.250  +00                                            1147700600127 
 2.26   +00 1.200  +00                                            1147700600128 
 2.27   +00 1.320  +00                                            1147700600129 
 2.29   +00 1.420  +00                                            1147700600130 
 2.29   +00 1.390  +00                                            1147700600131 
 2.31   +00 1.350  +00                                            1147700600132 
 2.32   +00 1.280  +00                                            1147700600133 
 2.34   +00 1.180  +00                                            1147700600134 
 2.35   +00 1.120  +00                                            1147700600135 
 2.385  +00 1.179  +00                                            1147700600136 
 2.41   +00 1.269  +00                                            1147700600137 
 2.435  +00 1.269  +00                                            1147700600138 
 2.475  +00 1.272  +00                                            1147700600139 
 2.50   +00 1.320  +00                                            1147700600140 
 2.50   +00 1.250  +00                                            1147700600141 
 2.51   +00 1.280  +00                                            1147700600142 
 2.53   +00 1.290  +00                                            1147700600143 
 2.57   +00 1.310  +00                                            1147700600144 
 2.58   +00 1.380  +00                                            1147700600145 
 2.59   +00 1.250  +00                                            1147700600146 
 2.61   +00 1.320  +00                                            1147700600147 
 2.619  +00 1.380  +00                                            1147700600148 
 2.65   +00 1.400  +00                                            1147700600149 
 2.67   +00 1.410  +00                                            1147700600150 
 2.68   +00 1.270  +00                                            1147700600151 
 2.70   +00 1.250  +00                                            1147700600152 
ENDDATA            135          0                                 1147700600153 
ENDSUBENT          152          0                                 1147700699999 
SUBENT        11477007   19930315                             00001147700700001 
BIB                  5          6                                 1147700700002 
REACTION   (28-NI-0(N,INL),PAR,SIG)                               1147700700003 
PART-DET   (G)                                                    1147700700004 
MONITOR    (26-FE-56(N,INL)26-FE-56,PAR,SIG,,A)                   1147700700005 
STATUS     (CURVE) DATA READ FROM CURVE FOR BNL-325 (1960).       1147700700006 
HISTORY    (930315A) REACTION, MONITOR, AND SECONDARY ENERGY      1147700700007 
                     HEADING CORRECTED. PARTICLE DETECTED ADDED.  1147700700008 
ENDBIB               6          0                                 1147700700009 
COMMON               2          3                                 1147700700010 
EN-RSL     E-LVL-NRM                                              1147700700011 
KEV        MEV                                                    1147700700012 
 20.        0.85                                                  1147700700013 
ENDCOMMON            3          0                                 1147700700014 
DATA                 3         76                                 1147700700015 
E-LVL      EN         DATA                                        1147700700016 
MEV        MEV        B                                           1147700700017 
 1.33       1.34       0.                                         1147700700018 
 1.33       1.36       0.12                                       1147700700019 
 1.33       1.39       0.06                                       1147700700020 
 1.33       1.42       0.19                                       1147700700021 
 1.33       1.46       0.14                                       1147700700022 
 1.33       1.50       0.24                                       1147700700023 
 1.33       1.54       0.24                                       1147700700024 
 1.33       1.59       0.17                                       1147700700025 
 1.33       1.63       0.23                                       1147700700026 
 1.33       1.68       0.24                                       1147700700027 
 1.33       1.72       0.20                                       1147700700028 
 1.33       1.76       0.20                                       1147700700029 
 1.33       1.81       0.25                                       1147700700030 
 1.33       1.84       0.25                                       1147700700031 
 1.33       1.88       0.26                                       1147700700032 
 1.33       1.92       0.28                                       1147700700033 
 1.33       1.94       0.24                                       1147700700034 
 1.33       1.96       0.29                                       1147700700035 
 1.33       1.98       0.25                                       1147700700036 
 1.33       2.01       0.28                                       1147700700037 
 1.33       2.03       0.27                                       1147700700038 
 1.33       2.07       0.30                                       1147700700039 
 1.33       2.12       0.30                                       1147700700040 
 1.33       2.15       0.30                                       1147700700041 
 1.33       2.17       0.31                                       1147700700042 
 1.33       2.19       0.31                                       1147700700043 
 1.33       2.21       0.27                                       1147700700044 
 1.33       2.24       0.26                                       1147700700045 
 1.33       2.26       0.32                                       1147700700046 
 1.33       2.31       0.31                                       1147700700047 
 1.33       2.33       0.35                                       1147700700048 
 1.33       2.35       0.36                                       1147700700049 
 1.33       2.37       0.33                                       1147700700050 
 1.33       2.40       0.37                                       1147700700051 
 1.33       2.44       0.40                                       1147700700052 
 1.33       2.49       0.40                                       1147700700053 
 1.33       2.53       0.38                                       1147700700054 
 1.33       2.58       0.43                                       1147700700055 
 1.33       2.63       0.48                                       1147700700056 
 1.33       2.68       0.43                                       1147700700057 
 1.47       1.46       0.16                                       1147700700058 
 1.47       1.50       0.26                                       1147700700059 
 1.47       1.55       0.27                                       1147700700060 
 1.47       1.59       0.30                                       1147700700061 
 1.47       1.63       0.57                                       1147700700062 
 1.47       1.68       0.56                                       1147700700063 
 1.47       1.72       0.55                                       1147700700064 
 1.47       1.77       0.62                                       1147700700065 
 1.47       1.81       0.74                                       1147700700066 
 1.47       1.85       0.62                                       1147700700067 
 1.47       1.90       0.64                                       1147700700068 
 1.47       1.92       0.60                                       1147700700069 
 1.47       1.94       0.55                                       1147700700070 
 1.47       1.96       0.63                                       1147700700071 
 1.47       1.98       0.78                                       1147700700072 
 1.47       2.01       0.90                                       1147700700073 
 1.47       2.04       0.77                                       1147700700074 
 1.47       2.085      0.765                                      1147700700075 
 1.47       2.135      0.855                                      1147700700076 
 1.47       2.15       0.84                                       1147700700077 
 1.47       2.17       0.66                                       1147700700078 
 1.47       2.20       0.77                                       1147700700079 
 1.47       2.22       0.88                                       1147700700080 
 1.47       2.24       0.81                                       1147700700081 
 1.47       2.26       0.86                                       1147700700082 
 1.47       2.31       0.74                                       1147700700083 
 1.47       2.33       0.90                                       1147700700084 
 1.47       2.35       1.02                                       1147700700085 
 1.47       2.38       0.91                                       1147700700086 
 1.47       2.41       0.90                                       1147700700087 
 1.47       2.45       1.0                                        1147700700088 
 1.47       2.50       0.85                                       1147700700089 
 1.47       2.54       0.98                                       1147700700090 
 1.47       2.59       0.97                                       1147700700091 
 1.47       2.63       1.04                                       1147700700092 
 1.47       2.68       0.95                                       1147700700093 
ENDDATA             78          0                                 1147700700094 
ENDSUBENT           93          0                                 1147700799999 
SUBENT        11477008   19930315                             00001147700800001 
BIB                  5          6                                 1147700800002 
REACTION   (82-PB-206(N,INL)82-PB-206,PAR,SIG,,A)                 1147700800003 
PART-DET   (G)                                                    1147700800004 
MONITOR    (26-FE-56(N,INL)26-FE-56,PAR,SIG,,A)                   1147700800005 
STATUS     (CURVE) READ FROM LARGE CURVE RECEIVED FROM AUTHORS    1147700800006 
HISTORY    (930315A) REACTION, MONITOR, AND SECONDARY ENERGY      1147700800007 
                     HEADING CORRECTED. PARTICLE DETECTED ADDED.  1147700800008 
ENDBIB               6          0                                 1147700800009 
COMMON               2          3                                 1147700800010 
E-LVL      E-LVL-NRM                                              1147700800011 
MEV        MEV                                                    1147700800012 
     .803   0.85                                                  1147700800013 
ENDCOMMON            3          0                                 1147700800014 
DATA                 3         27                                 1147700800015 
EN         DATA       DATA-ERR                                    1147700800016 
MEV        B          B                                           1147700800017 
 1.205  +00 9.0    -02                                            1147700800018 
 1.282  +00 1.40   -01                                            1147700800019 
 1.362  +00 1.85   -01                                            1147700800020 
 1.402  +00 2.15   -01                                            1147700800021 
 1.690  +00 2.90   -01                                            1147700800022 
 1.732  +00 3.30   -01                                            1147700800023 
 1.775  +00 3.45   -01                                            1147700800024 
 1.815  +00 3.30   -01                                            1147700800025 
 1.862  +00 4.10   -01                                            1147700800026 
 1.905  +00 4.10   -01                                            1147700800027 
 1.949  +00 4.55   -01                                            1147700800028 
 1.992  +00 4.75   -01                                            1147700800029 
 2.040  +00 4.40   -01                                            1147700800030 
 2.082  +00 5.25   -01 1.15   -01                                 1147700800031 
 2.135  +00 5.40   -01                                            1147700800032 
 2.180  +00 4.85   -01                                            1147700800033 
 2.220  +00 5.15   -01                                            1147700800034 
 2.272  +00 6.20   -01                                            1147700800035 
 2.320  +00 5.90   -01                                            1147700800036 
 2.356  +00 6.10   -01                                            1147700800037 
 2.405  +00 6.00   -01                                            1147700800038 
 2.453  +00 6.60   -01                                            1147700800039 
 2.505  +00 6.45   -01                                            1147700800040 
 2.546  +00 6.80   -01                                            1147700800041 
 2.596  +00 7.40   -01                                            1147700800042 
 2.643  +00 7.25   -01                                            1147700800043 
 2.700  +00 7.80   -01                                            1147700800044 
ENDDATA             29          0                                 1147700800045 
ENDSUBENT           44          0                                 1147700899999 
SUBENT        11477009   19930315                             00001147700900001 
BIB                  5          6                                 1147700900002 
REACTION   (83-BI-209(N,INL)83-BI-209,PAR,SIG)                    1147700900003 
PART-DET   (G)                                                    1147700900004 
MONITOR    (26-FE-56(N,INL)26-FE-56,PAR,SIG,,A)                   1147700900005 
STATUS     (CURVE) DATA READ FROM CURVE FOR BNL-325 (1960).       1147700900006 
HISTORY    (930315A) REACTION, MONITOR, AND SECONDARY ENERGY      1147700900007 
                     HEADING CORRECTED. PARTICLE DETECTED ADDED.  1147700900008 
ENDBIB               6          0                                 1147700900009 
COMMON               2          3                                 1147700900010 
EN-RSL     E-LVL-NRM                                              1147700900011 
KEV        MEV                                                    1147700900012 
 20.        0.85                                                  1147700900013 
ENDCOMMON            3          0                                 1147700900014 
DATA                 3         36                                 1147700900015 
E-LVL      EN         DATA                                        1147700900016 
MEV        MEV        B                                           1147700900017 
 0.895      0.89       0.02                                       1147700900018 
 0.895      0.95       0.08                                       1147700900019 
 0.895      1.03       0.14                                       1147700900020 
 0.895      1.09       0.19                                       1147700900021 
 0.895      1.16       0.20                                       1147700900022 
 0.895      1.24       0.22                                       1147700900023 
 0.895      1.32       0.28                                       1147700900024 
 0.895      1.39       0.30                                       1147700900025 
 0.895      1.47       0.30                                       1147700900026 
 0.895      1.56       0.34                                       1147700900027 
 0.895      1.64       0.37                                       1147700900028 
 0.895      1.73       0.34                                       1147700900029 
 0.895      1.82       0.40                                       1147700900030 
 0.895      1.90       0.46                                       1147700900031 
 0.895      1.99       0.50                                       1147700900032 
 0.895      2.09       0.58                                       1147700900033 
 0.895      2.18       0.55                                       1147700900034 
 0.895      2.27       0.59                                       1147700900035 
 0.895      2.36       0.62                                       1147700900036 
 0.895      2.45       0.66                                       1147700900037 
 0.895      2.54       0.70                                       1147700900038 
 0.895      2.63       0.76                                       1147700900039 
 0.895      2.73       0.87                                       1147700900040 
 1.56       1.65       0.                                         1147700900041 
 1.56       1.73       0.13                                       1147700900042 
 1.56       1.82       0.23                                       1147700900043 
 1.56       1.91       0.23                                       1147700900044 
 1.56       1.99       0.30                                       1147700900045 
 1.56       2.08       0.35                                       1147700900046 
 1.56       2.18       0.40                                       1147700900047 
 1.56       2.27       0.39                                       1147700900048 
 1.56       2.36       0.42                                       1147700900049 
 1.56       2.45       0.45                                       1147700900050 
 1.56       2.54       0.53                                       1147700900051 
 1.56       2.64       0.65                                       1147700900052 
 1.56       2.74       0.63                                       1147700900053 
ENDDATA             38          0                                 1147700900054 
ENDSUBENT           53          0                                 1147700999999 
SUBENT        11477010   19930315                             00001147701000001 
BIB                  5          6                                 1147701000002 
REACTION   (24-CR-52(N,INL)24-CR-52,PAR,SIG,,A)                   1147701000003 
PART-DET   (G)                                                    1147701000004 
MONITOR    (26-FE-56(N,INL)26-FE-56,PAR,SIG,,A)                   1147701000005 
STATUS     (CURVE) DATA READ FROM CURVE FOR BNL-325 (1960).       1147701000006 
HISTORY    (930315A) REACTION, MONITOR, AND SECONDARY ENERGY      1147701000007 
                     HEADING CORRECTED. PARTICLE DETECTED ADDED.  1147701000008 
ENDBIB               6          0                                 1147701000009 
COMMON               3          3                                 1147701000010 
E-LVL      EN-RSL     E-LVL-NRM                                   1147701000011 
MEV        KEV        MEV                                         1147701000012 
 1.44       20.        0.85                                       1147701000013 
ENDCOMMON            3          0                                 1147701000014 
DATA                 2         45                                 1147701000015 
EN         DATA                                                   1147701000016 
MEV        B                                                      1147701000017 
 1.44       0.0                                                   1147701000018 
 1.47       0.15                                                  1147701000019 
 1.49       0.42                                                  1147701000020 
 1.53       0.5                                                   1147701000021 
 1.56       0.7                                                   1147701000022 
 1.56       0.8                                                   1147701000023 
 1.60       0.61                                                  1147701000024 
 1.61       0.75                                                  1147701000025 
 1.63       0.385                                                 1147701000026 
 1.63       0.52                                                  1147701000027 
 1.66       0.58                                                  1147701000028 
 1.69       0.70                                                  1147701000029 
 1.71       0.92                                                  1147701000030 
 1.72       0.87                                                  1147701000031 
 1.76       0.69                                                  1147701000032 
 1.78       0.83                                                  1147701000033 
 1.80       0.79                                                  1147701000034 
 1.82       0.76                                                  1147701000035 
 1.85       0.77                                                  1147701000036 
 1.89       1.04                                                  1147701000037 
 1.92       0.99                                                  1147701000038 
 1.95       1.0                                                   1147701000039 
 1.99       1.05                                                  1147701000040 
 2.02       1.17                                                  1147701000041 
 2.06       1.24                                                  1147701000042 
 2.09       1.21                                                  1147701000043 
 2.13       1.24                                                  1147701000044 
 2.16       1.16                                                  1147701000045 
 2.20       1.40                                                  1147701000046 
 2.23       1.41                                                  1147701000047 
 2.26       1.48                                                  1147701000048 
 2.30       1.39                                                  1147701000049 
 2.33       1.18                                                  1147701000050 
 2.38       1.20                                                  1147701000051 
 2.41       1.25                                                  1147701000052 
 2.43       1.34                                                  1147701000053 
 2.47       1.47                                                  1147701000054 
 2.51       1.48                                                  1147701000055 
 2.54       1.68                                                  1147701000056 
 2.58       1.48                                                  1147701000057 
 2.61       1.53                                                  1147701000058 
 2.65       1.68                                                  1147701000059 
 2.68       1.86                                                  1147701000060 
 2.72       1.93                                                  1147701000061 
 2.76       1.79                                                  1147701000062 
ENDDATA             47          0                                 1147701000063 
ENDSUBENT           62          0                                 1147701099999 
ENDENTRY            10          0                                 1147799999999 
