ENTRY            11473   19821124                             00001147300000001 
SUBENT        11473001   19821124                             00001147300100001 
BIB                  6          7                                 1147300100002 
INSTITUTE  (1USAWIS)                                              1147300100003 
REFERENCE  (J,PR,83,479,51)                                       1147300100004 
AUTHOR     (R.E.FIELDS,M.WALT)                                    1147300100005 
TITLE      TOTAL NEUTRON CROSS SECTIONS OF MAGNESIUM AND SILICON. 1147300100006 
STATUS     (SCSRS)                                                1147300100007 
HISTORY    (760715T) TRANSLATED FROM SCISRS                       1147300100008 
           (821124A) CONVERTED TO REACTION FORMALISM              1147300100009 
ENDBIB               7          0                                 1147300100010 
NOCOMMON             0          0                                 1147300100011 
ENDSUBENT           10          0                                 1147300199999 
SUBENT        11473002   19821124                             00001147300200001 
BIB                  1          1                                 1147300200002 
REACTION   (12-MG-0(N,TOT),,SIG)                                  1147300200003 
ENDBIB               1          0                                 1147300200004 
COMMON               1          3                                 1147300200005 
EN-RSL                                                            1147300200006 
KEV                                                               1147300200007 
 10.                                                              1147300200008 
ENDCOMMON            3          0                                 1147300200009 
DATA                 3        138                                 1147300200010 
EN         DATA       DATA-ERR                                    1147300200011 
MEV        B          PER-CENT                                    1147300200012 
 1.0    -02 3.2    +00                                            1147300200013 
 1.0    -02 3.0    +00   17.                                      1147300200014 
 1.2    -02 3.6    +00                                            1147300200015 
 1.4    -02 3.5    +00   14.                                      1147300200016 
 1.8    -02 5.2    +00                                            1147300200017 
 2.0    -02 4.8    +00                                            1147300200018 
 2.2    -02 4.1    +00                                            1147300200019 
 2.6    -02 3.6    +00                                            1147300200020 
 3.1    -02 3.5    +00                                            1147300200021 
 3.8    -02 3.4    +00                                            1147300200022 
 4.5    -02 3.4    +00                                            1147300200023 
 5.2    -02 3.6    +00                                            1147300200024 
 5.7    -02 3.9    +00                                            1147300200025 
 6.1    -02 4.2    +00                                            1147300200026 
 6.6    -02 4.9    +00                                            1147300200027 
 7.2    -02 8.0    +00                                            1147300200028 
 7.8    -02 1.47   +01                                            1147300200029 
 8.3    -02 2.25   +01                                            1147300200030 
 8.5    -02 2.25   +01                                            1147300200031 
 8.7    -02 2.07   +01                                            1147300200032 
 9.2    -02 1.40   +01                                            1147300200033 
 9.8    -02 9.0    +00                                            1147300200034 
 1.03   -01 6.8    +00                                            1147300200035 
 1.09   -01 5.8    +00                                            1147300200036 
 1.12   -01 4.7    +00                                            1147300200037 
 1.18   -01 4.5    +00                                            1147300200038 
 1.26   -01 4.4    +00                                            1147300200039 
 1.33   -01 4.4    +00                                            1147300200040 
 1.36   -01 4.4    +00                                            1147300200041 
 1.50   -01 4.6    +00                                            1147300200042 
 1.60   -01 4.8    +00                                            1147300200043 
 1.71   -01 4.2    +00                                            1147300200044 
 1.83   -01 4.4    +00                                            1147300200045 
 1.95   -01 5.3    +00                                            1147300200046 
 2.10   -01 5.4    +00                                            1147300200047 
 2.19   -01 6.7    +00                                            1147300200048 
 2.30   -01 7.5    +00                                            1147300200049 
 2.40   -01 9.3    +00                                            1147300200050 
 2.52   -01 1.03   +01                                            1147300200051 
 2.61   -01 1.15   +01                                            1147300200052 
 2.73   -01 1.27   +01                                            1147300200053 
 2.83   -01 1.15   +01                                            1147300200054 
 2.94   -01 1.02   +01                                            1147300200055 
 3.06   -01 1.00   +01                                            1147300200056 
 3.18   -01 7.9    +00                                            1147300200057 
 3.26   -01 8.1    +00                                            1147300200058 
 3.36   -01 7.5    +00                                            1147300200059 
 3.48   -01 6.6    +00                                            1147300200060 
 3.57   -01 6.0    +00                                            1147300200061 
 3.68   -01 5.3    +00                                            1147300200062 
 3.70   -01 5.50   +00    9.0                                     1147300200063 
 3.78   -01 4.7    +00                                            1147300200064 
 3.80   -01 4.80   +00   10.                                      1147300200065 
 3.83   -01 5.4    +00                                            1147300200066 
 3.90   -01 5.70   +00    9.0                                     1147300200067 
 3.95   -01 5.3    +00                                            1147300200068 
 4.00   -01 6.00   +00    8.0                                     1147300200069 
 4.05   -01 6.1    +00                                            1147300200070 
 4.10   -01 6.40   +00    8.0                                     1147300200071 
 4.16   -01 7.5    +00                                            1147300200072 
 4.20   -01 7.80   +00    6.0                                     1147300200073 
 4.27   -01 1.14   +01                                            1147300200074 
 4.30   -01 1.25   +01    4.0                                     1147300200075 
 4.36   -01 1.26   +01                                            1147300200076 
 4.40   -01 1.12   +01    4.0                                     1147300200077 
 4.48   -01 9.6    +00                                            1147300200078 
 4.50   -01 9.50   +00    5.0                                     1147300200079 
 4.55   -01 8.2    +00                                            1147300200080 
 4.60   -01 8.00   +00    6.0                                     1147300200081 
 4.66   -01 6.6    +00                                            1147300200082 
 4.70   -01 6.50   +00    8.0                                     1147300200083 
 4.75   -01 5.6    +00                                            1147300200084 
 4.80   -01 5.70   +00    9.0                                     1147300200085 
 4.83   -01 5.2    +00                                            1147300200086 
 4.90   -01 5.20   +00   10.                                      1147300200087 
 4.92   -01 4.9    +00                                            1147300200088 
 5.00   -01 4.90   +00   10.                                      1147300200089 
 5.03   -01 5.1    +00                                            1147300200090 
 5.10   -01 4.50   +00   11.                                      1147300200091 
 5.13   -01 4.6    +00                                            1147300200092 
 5.20   -01 4.00   +00   13.                                      1147300200093 
 5.22   -01 4.5    +00                                            1147300200094 
 5.30   -01 4.00   +00   13.                                      1147300200095 
 5.31   -01 4.5    +00                                            1147300200096 
 5.40   -01 4.80   +00   10.                                      1147300200097 
 5.42   -01 4.8    +00                                            1147300200098 
 5.50   -01 4.90   +00   10.                                      1147300200099 
 5.52   -01 4.8    +00                                            1147300200100 
 5.60   -01 4.9    +00                                            1147300200101 
 5.60   -01 4.90   +00   10.                                      1147300200102 
 5.70   -01 5.0    +00                                            1147300200103 
 5.70   -01 5.00   +00   10.                                      1147300200104 
 5.80   -01 4.7    +00                                            1147300200105 
 5.80   -01 4.70   +00   11.                                      1147300200106 
 5.90   -01 4.5    +00                                            1147300200107 
 5.90   -01 4.50   +00   11.                                      1147300200108 
 6.00   -01 4.4    +00                                            1147300200109 
 6.00   -01 4.30   +00   12.                                      1147300200110 
 6.10   -01 4.0    +00                                            1147300200111 
 6.10   -01 3.80   +00   13.                                      1147300200112 
 6.20   -01 3.8    +00                                            1147300200113 
 6.20   -01 3.60   +00   14.                                      1147300200114 
 6.30   -01 3.8    +00                                            1147300200115 
 6.30   -01 3.60   +00   14.                                      1147300200116 
 6.40   -01 3.0    +00                                            1147300200117 
 6.40   -01 2.90   +00   17.                                      1147300200118 
 6.50   -01 3.3    +00                                            1147300200119 
 6.50   -01 3.00   +00   17.                                      1147300200120 
 6.60   -01 3.2    +00                                            1147300200121 
 6.60   -01 3.00   +00   17.                                      1147300200122 
 6.68   -01 4.5    +00                                            1147300200123 
 6.70   -01 5.20   +00   10.                                      1147300200124 
 6.77   -01 5.5    +00                                            1147300200125 
 6.80   -01 5.20   +00   10.                                      1147300200126 
 6.84   -01 5.4    +00                                            1147300200127 
 6.90   -01 4.60   +00   11.                                      1147300200128 
 6.93   -01 4.7    +00                                            1147300200129 
 7.00   -01 4.10   +00   12.                                      1147300200130 
 7.02   -01 4.2    +00                                            1147300200131 
 7.10   -01 4.10   +00   12.                                      1147300200132 
 7.13   -01 4.4    +00                                            1147300200133 
 7.20   -01 4.10   +00   12.                                      1147300200134 
 7.22   -01 4.4    +00                                            1147300200135 
 7.30   -01 4.70   +00   11.                                      1147300200136 
 7.32   -01 4.6    +00                                            1147300200137 
 7.40   -01 4.00   +00   13.                                      1147300200138 
 7.41   -01 4.0    +00                                            1147300200139 
 7.50   -01 3.8    +00                                            1147300200140 
 7.50   -01 3.80   +00   13.                                      1147300200141 
 7.59   -01 3.7    +00                                            1147300200142 
 7.60   -01 4.00   +00   13.                                      1147300200143 
 7.70   -01 3.9    +00                                            1147300200144 
 7.70   -01 4.00   +00   13.                                      1147300200145 
 7.78   -01 3.8    +00                                            1147300200146 
 7.80   -01 4.00   +00   13.                                      1147300200147 
 7.87   -01 4.0    +00                                            1147300200148 
 7.90   -01 4.10   +00   12.                                      1147300200149 
 7.96   -01 4.1    +00                                            1147300200150 
ENDDATA            140          0                                 1147300200151 
ENDSUBENT          150          0                                 1147300299999 
SUBENT        11473003   19821124                             00001147300300001 
BIB                  1          1                                 1147300300002 
REACTION   (12-MG-24(N,0),,J)                                     1147300300003 
ENDBIB               1          0                                 1147300300004 
COMMON               1          3                                 1147300300005 
MOMENTUM L                                                        1147300300006 
NO-DIM                                                            1147300300007 
    1.                                                            1147300300008 
ENDCOMMON            3          0                                 1147300300009 
DATA                 2          3                                 1147300300010 
EN-RES     DATA                                                   1147300300011 
MEV        NO-DIM                                                 1147300300012 
 8.5    -02 5.     -01                                            1147300300013 
 2.75   -01 5.     -01                                            1147300300014 
 4.30   -01 1.5    +00                                            1147300300015 
ENDDATA              5          0                                 1147300300016 
ENDSUBENT           15          0                                 1147300399999 
SUBENT        11473004   19821124                             00001147300400001 
BIB                  1          1                                 1147300400002 
REACTION   (14-SI-0(N,TOT),,SIG)                                  1147300400003 
ENDBIB               1          0                                 1147300400004 
NOCOMMON             0          0                                 1147300400005 
DATA                 3         81                                 1147300400006 
EN         EN-RSL     DATA                                        1147300400007 
MEV        MEV        B                                           1147300400008 
 1.2    -02 2.0    -02 1.80   +00                                 1147300400009 
 2.1    -02            1.55   +00                                 1147300400010 
 2.9    -02            1.75   +00                                 1147300400011 
 3.0    -02            1.60   +00                                 1147300400012 
 4.0    -02            1.40   +00                                 1147300400013 
 5.0    -02            1.45   +00                                 1147300400014 
 5.9    -02            1.80   +00                                 1147300400015 
 6.8    -02            2.15   +00                                 1147300400016 
 7.5    -02            1.80   +00                                 1147300400017 
 8.7    -02            1.40   +00                                 1147300400018 
 9.8    -02            1.10   +00                                 1147300400019 
 1.07   -01            9.50   -01                                 1147300400020 
 1.13   -01            8.50   -01                                 1147300400021 
 1.20   -01            7.50   -01                                 1147300400022 
 1.26   -01 3.0    -02 6.00   -01                                 1147300400023 
 1.41   -01            4.50   -01                                 1147300400024 
 1.50   -01            5.50   -01                                 1147300400025 
 1.57   -01            8.00   -01                                 1147300400026 
 1.63   -01            1.600  +00                                 1147300400027 
 1.75   -01 1.0    -02 4.300  +00                                 1147300400028 
 1.88   -01 1.0    -02 1.135  +01                                 1147300400029 
 2.10   -01 1.0    -02 1.010  +01                                 1147300400030 
 2.19   -01 1.0    -02 8.25   +00                                 1147300400031 
 2.31   -01 1.0    -02 7.30   +00                                 1147300400032 
 2.42   -01 1.0    -02 6.60   +00                                 1147300400033 
 2.51   -01 1.0    -02 5.50   +00                                 1147300400034 
 2.64   -01 1.0    -02 5.60   +00                                 1147300400035 
 2.75   -01 1.0    -02 5.15   +00                                 1147300400036 
 2.85   -01 1.0    -02 4.60   +00                                 1147300400037 
 2.94   -01 1.0    -02 4.45   +00                                 1147300400038 
 3.04   -01 1.0    -02 4.40   +00                                 1147300400039 
 3.16   -01 1.0    -02 4.15   +00                                 1147300400040 
 3.23   -01 1.0    -02 3.55   +00                                 1147300400041 
 3.34   -01 1.0    -02 3.65   +00                                 1147300400042 
 3.47   -01 1.0    -02 3.90   +00                                 1147300400043 
 3.55   -01 1.0    -02 3.60   +00                                 1147300400044 
 3.68   -01 1.0    -02 3.40   +00                                 1147300400045 
 3.78   -01 1.0    -02 3.60   +00                                 1147300400046 
 3.85   -01 1.0    -02 4.00   +00                                 1147300400047 
 3.96   -01 1.0    -02 3.65   +00                                 1147300400048 
 4.06   -01 1.0    -02 3.50   +00                                 1147300400049 
 4.16   -01 1.0    -02 3.35   +00                                 1147300400050 
 4.27   -01 1.0    -02 3.45   +00                                 1147300400051 
 4.38   -01 1.0    -02 3.35   +00                                 1147300400052 
 4.55   -01 1.0    -02 3.15   +00                                 1147300400053 
 4.66   -01 1.0    -02 3.00   +00                                 1147300400054 
 4.76   -01 1.0    -02 3.00   +00                                 1147300400055 
 4.83   -01 1.0    -02 3.25   +00                                 1147300400056 
 4.94   -01 1.0    -02 3.10   +00                                 1147300400057 
 5.03   -01 1.0    -02 2.95   +00                                 1147300400058 
 5.13   -01 1.0    -02 3.05   +00                                 1147300400059 
 5.21   -01 1.0    -02 3.10   +00                                 1147300400060 
 5.31   -01 1.0    -02 3.85   +00                                 1147300400061 
 5.42   -01 1.0    -02 3.50   +00                                 1147300400062 
 5.52   -01 1.0    -02 3.70   +00                                 1147300400063 
 5.60   -01 1.0    -02 7.35   +00                                 1147300400064 
 5.72   -01 1.0    -02 8.20   +00                                 1147300400065 
 5.80   -01 1.0    -02 5.00   +00                                 1147300400066 
 5.90   -01 1.0    -02 4.00   +00                                 1147300400067 
 6.00   -01 1.0    -02 3.70   +00                                 1147300400068 
 6.10   -01 1.0    -02 3.10   +00                                 1147300400069 
 6.19   -01 1.0    -02 3.10   +00                                 1147300400070 
 6.29   -01 1.0    -02 2.95   +00                                 1147300400071 
 6.39   -01 1.0    -02 2.90   +00                                 1147300400072 
 6.49   -01 1.0    -02 3.00   +00                                 1147300400073 
 6.57   -01 1.0    -02 2.80   +00                                 1147300400074 
 6.68   -01 1.0    -02 2.70   +00                                 1147300400075 
 6.76   -01 1.0    -02 2.75   +00                                 1147300400076 
 6.84   -01 1.0    -02 2.60   +00                                 1147300400077 
 6.92   -01 1.0    -02 2.60   +00                                 1147300400078 
 7.02   -01 1.0    -02 2.50   +00                                 1147300400079 
 7.13   -01 1.0    -02 2.35   +00                                 1147300400080 
 7.20   -01 1.0    -02 2.80   +00                                 1147300400081 
 7.30   -01 1.0    -02 2.70   +00                                 1147300400082 
 7.40   -01 1.0    -02 2.75   +00                                 1147300400083 
 7.50   -01 1.0    -02 2.85   +00                                 1147300400084 
 7.60   -01 1.0    -02 2.70   +00                                 1147300400085 
 7.70   -01 1.0    -02 2.65   +00                                 1147300400086 
 7.80   -01 1.0    -02 2.55   +00                                 1147300400087 
 7.90   -01 1.0    -02 3.10   +00                                 1147300400088 
 7.96   -01 1.0    -02 4.20   +00                                 1147300400089 
ENDDATA             83          0                                 1147300400090 
ENDSUBENT           89          0                                 1147300499999 
SUBENT        11473005   19821124                             00001147300500001 
BIB                  1          2                                 1147300500002 
REACTION  1(14-SI-28(N,0),,J)                                     1147300500003 
          2(14-SI-28(N,0),,L)                                     1147300500004 
ENDBIB               2          0                                 1147300500005 
NOCOMMON             0          0                                 1147300500006 
DATA                 4          2                                 1147300500007 
EN-RES     DATA-MIN  1DATA      1DATA      2                      1147300500008 
MEV        NO-DIM     NO-DIM     NO-DIM                           1147300500009 
 1.95   -01            0.5        0.                              1147300500010 
 5.70   -01 5.     -01                                            1147300500011 
ENDDATA              4          0                                 1147300500012 
ENDSUBENT           11          0                                 1147300599999 
ENDENTRY             5          0                                 1147399999999 
