ENTRY            11524   19830412                             00001152400000001 
SUBENT        11524001   19830412                             00001152400100001 
BIB                  5          6                                 1152400100002 
INSTITUTE  (1USALAS)                                              1152400100003 
REFERENCE  (W,HENKEL,54)                                          1152400100004 
AUTHOR     (R.L.HENKEL)                                           1152400100005 
STATUS     (SCSRS)                                                1152400100006 
HISTORY    (760715T) TRANSLATED FROM SCISRS                       1152400100007 
           (830412A) CONVERTED TO REACTION FORMALISM              1152400100008 
ENDBIB               6          0                                 1152400100009 
NOCOMMON             0          0                                 1152400100010 
ENDSUBENT            9          0                                 1152400199999 
SUBENT        11524002   19830412                             00001152400200001 
BIB                  1          1                                 1152400200002 
REACTION   (13-AL-27(N,P)12-MG-27,,SIG)                           1152400200003 
ENDBIB               1          0                                 1152400200004 
NOCOMMON             0          0                                 1152400200005 
DATA                 2         38                                 1152400200006 
EN         DATA                                                   1152400200007 
MEV        B                                                      1152400200008 
 2.63   +00 0.     +00                                            1152400200009 
 2.74   +00 4.     -04                                            1152400200010 
 2.86   +00 5.     -04                                            1152400200011 
 2.96   +00 1.3    -03                                            1152400200012 
 3.07   +00 1.3    -03                                            1152400200013 
 3.16   +00 2.4    -03                                            1152400200014 
 3.22   +00 2.0    -03                                            1152400200015 
 3.32   +00 2.4    -03                                            1152400200016 
 3.38   +00 2.5    -03                                            1152400200017 
 3.44   +00 7.3    -03                                            1152400200018 
 3.50   +00 1.0    -02                                            1152400200019 
 3.56   +00 7.5    -03                                            1152400200020 
 3.60   +00 4.5    -03                                            1152400200021 
 3.64   +00 8.3    -03                                            1152400200022 
 3.74   +00 8.4    -03                                            1152400200023 
 3.80   +00 4.0    -03                                            1152400200024 
 3.88   +00 6.0    -03                                            1152400200025 
 3.94   +00 7.7    -03                                            1152400200026 
 4.00   +00 6.3    -03                                            1152400200027 
 4.08   +00 5.3    -03                                            1152400200028 
 4.14   +00 6.3    -03                                            1152400200029 
 4.18   +00 7.5    -03                                            1152400200030 
 4.25   +00 9.7    -03                                            1152400200031 
 4.29   +00 1.25   -02                                            1152400200032 
 4.35   +00 1.15   -02                                            1152400200033 
 4.44   +00 1.24   -02                                            1152400200034 
 4.51   +00 1.55   -02                                            1152400200035 
 4.56   +00 1.87   -02                                            1152400200036 
 4.64   +00 1.90   -02                                            1152400200037 
 4.69   +00 1.75   -02                                            1152400200038 
 4.75   +00 1.56   -02                                            1152400200039 
 4.81   +00 1.36   -02                                            1152400200040 
 4.88   +00 1.84   -02                                            1152400200041 
 4.92   +00 2.15   -02                                            1152400200042 
 4.98   +00 2.64   -02                                            1152400200043 
 5.04   +00 2.60   -02                                            1152400200044 
 5.08   +00 2.53   -02                                            1152400200045 
 5.18   +00 2.75   -02                                            1152400200046 
ENDDATA             40          0                                 1152400200047 
ENDSUBENT           46          0                                 1152400299999 
ENDENTRY             2          0                                 1152499999999 
