ENTRY            11530   19840719                             00001153000000001 
SUBENT        11530001   19840719                             00001153000100001 
BIB                  9         12                                 1153000100002 
INSTITUTE  (1USAORL)                                              1153000100003 
REFERENCE  (J,PR,121,827,6102)                                    1153000100004 
AUTHOR     (H.W.SCHMITT,J.HALPERIN)                               1153000100005 
TITLE      AL27(N,A) NA24 CROSS SECTION AS A FUNCTION OF NEUTRON  1153000100006 
            ENERGY.                                               1153000100007 
METHOD     (ACTIV) ACTIVATION                                     1153000100008 
DETECTOR   (SCIN) SCINTILLATING CRYSTAL                           1153000100009 
DECAY-DATA (11-NA-24,15.0HR,DG,1370.,,DG,2750.)                   1153000100010 
STATUS     (SCSRS)                                                1153000100011 
HISTORY    (760715T) TRANSLATED FROM SCISRS                       1153000100012 
           (830412A) CONVERTED TO REACTION FORMALISM              1153000100013 
           (840719A) BIB CORRECTION. DATA ERROR MOVED.            1153000100014 
ENDBIB              12          0                                 1153000100015 
NOCOMMON             0          0                                 1153000100016 
ENDSUBENT           15          0                                 1153000199999 
SUBENT        11530002   19840719                             00001153000200001 
BIB                  4          5                                 1153000200002 
REACTION   (13-AL-27(N,A)11-NA-24,,SIG)                           1153000200003 
INC-SOURCE (D-D) D(D,N) SOURCE                                    1153000200004 
MONITOR    (92-U-238(N,F),,SIG)                                   1153000200005 
ERR-ANALYS (DATA-ERR1) ABSOLUTE ERROR                             1153000200006 
           (DATA-ERR2) RELATIVE ERROR                             1153000200007 
ENDBIB               5          0                                 1153000200008 
COMMON               1          3                                 1153000200009 
DATA-ERR1                                                         1153000200010 
PER-CENT                                                          1153000200011 
 7.0                                                              1153000200012 
ENDCOMMON            3          0                                 1153000200013 
DATA                 4         38                                 1153000200014 
EN         EN-RSL     DATA       DATA-ERR2                        1153000200015 
MEV        MEV        B          B                                1153000200016 
 6.12   +00            1.65   -03                                 1153000200017 
 6.26   +00 9.     -02 3.40   -03                                 1153000200018 
 6.46   +00            5.0    -03 4.     -04                      1153000200019 
 6.56   +00            7.0    -03 6.     -04                      1153000200020 
 6.61   +00            8.4    -03 6.     -04                      1153000200021 
 6.659  +00            9.4    -03 6.     -04                      1153000200022 
 6.705  +00            8.30   -03 6.5    -04                      1153000200023 
 6.76   +00            8.6    -03 6.     -04                      1153000200024 
 6.81   +00            1.350  -02 6.5    -04                      1153000200025 
 6.842  +00            1.10   -02 6.     -04                      1153000200026 
 6.86   +00            1.24   -02 6.     -04                      1153000200027 
 6.97   +00            1.69   -02 9.     -04                      1153000200028 
 7.03   +00 7.     -02 1.74   -02 9.     -04                      1153000200029 
 7.07   +00            1.89   -02 9.     -04                      1153000200030 
 7.1    +00            1.91   -02 9.     -04                      1153000200031 
 7.125  +00            2.00   -02 1.0    -03                      1153000200032 
 7.175  +00            2.08   -02 1.0    -03                      1153000200033 
 7.22   +00            2.15   -02 1.0    -03                      1153000200034 
 7.235  +00            2.35   -02 1.2    -03                      1153000200035 
 7.242  +00            2.45   -02 1.2    -03                      1153000200036 
 7.285  +00            2.36   -02 1.2    -03                      1153000200037 
 7.335  +00            2.17   -02 1.1    -03                      1153000200038 
 7.395  +00            2.11   -02 1.1    -03                      1153000200039 
 7.405  +00            2.14   -02 1.1    -03                      1153000200040 
 7.445  +00            2.36   -02 1.2    -03                      1153000200041 
 7.495  +00            2.49   -02 1.2    -03                      1153000200042 
 7.555  +00            2.91   -02 1.5    -03                      1153000200043 
 7.565  +00            2.93   -02 1.5    -03                      1153000200044 
 7.66   +00            3.40   -02 1.7    -03                      1153000200045 
 7.73   +00 6.     -02 3.38   -02 1.7    -03                      1153000200046 
 7.775  +00            3.13   -02 1.6    -03                      1153000200047 
 7.88   +00            3.45   -02 1.7    -03                      1153000200048 
 7.895  +00            3.52   -02 1.8    -03                      1153000200049 
 7.925  +00            3.30   -02 2.6    -03                      1153000200050 
 8.055  +00            4.75   -02 2.7    -03                      1153000200051 
 8.15   +00            4.19   -02 2.4    -03                      1153000200052 
 8.225  +00            4.27   -02 2.5    -03                      1153000200053 
 8.30   +00 6.     -02 4.55   -02 2.3    -03                      1153000200054 
ENDDATA             40          0                                 1153000200055 
ENDSUBENT           54          0                                 1153000299999 
SUBENT        11530003   19840719                             00001153000300001 
BIB                  5          7                                 1153000300002 
REACTION  1((13-AL-27(N,A)11-NA-24,,SIG)/                         1153000300003 
           (92-U-238(N,F),,SIG))                                  1153000300004 
          2(13-AL-27(N,A)11-NA-24,,SIG)                           1153000300005 
INC-SOURCE (D-T) T(D,N) SOURCE                                    1153000300006 
ANALYSIS   AVERAGE OF 4 MEASUREMENTS                              1153000300007 
MONITOR   2(92-U-238(N,F),,SIG)                                   1153000300008 
ERR-ANALYS2(DATA-ERR) ABSOLUTE UNCERTAINTY.                       1153000300009 
ENDBIB               7          0                                 1153000300010 
NOCOMMON             0          0                                 1153000300011 
DATA                 5          1                                 1153000300012 
EN         DATA      1DATA      2DATA-ERR  2MONIT     2           1153000300013 
MEV        NO-DIM     MB         MB         B                     1153000300014 
 14.76      0.0943     117.0      8.         1.24                 1153000300015 
ENDDATA              3          0                                 1153000300016 
ENDSUBENT           15          0                                 1153000399999 
ENDENTRY             3          0                                 1153099999999 
