ENTRY            11553   19830412                             00001155300000001 
SUBENT        11553001   19830412                             00001155300100001 
BIB                  7          8                                 1155300100002 
INSTITUTE  (1USARIC)                                              1155300100003 
REFERENCE  (J,NP,55,643,64)                                       1155300100004 
AUTHOR     (E.A.DAVIS,T.W.BONNER,D.M.WORLEY JR,R.BASS)            1155300100005 
TITLE      THE DISINTEGRATION OF AR36 AND AR40 BY NEUTRONS.       1155300100006 
DETECTOR   (FISCH) GRID-TYPE IONIZATION CHAMBER                   1155300100007 
STATUS     (SCSRS)                                                1155300100008 
HISTORY    (760715T) TRANSLATED FROM SCISRS                       1155300100009 
           (830412A) CONVERTED TO REACTION FORMALISM              1155300100010 
ENDBIB               8          0                                 1155300100011 
NOCOMMON             0          0                                 1155300100012 
ENDSUBENT           11          0                                 1155300199999 
SUBENT        11553002   19830412                             00001155300200001 
BIB                  1          1                                 1155300200002 
REACTION   (18-AR-36(N,A)16-S-33,PAR,SIG)                         1155300200003 
ENDBIB               1          0                                 1155300200004 
COMMON               1          3                                 1155300200005 
E-LVL                                                             1155300200006 
MEV                                                               1155300200007 
    0.                                                            1155300200008 
ENDCOMMON            3          0                                 1155300200009 
DATA                 3        107                                 1155300200010 
EN         DATA       DATA-ERR                                    1155300200011 
MEV        B          PER-CENT                                    1155300200012 
 1.21   +00 2.1    -03   20.                                      1155300200013 
 1.30   +00 3.3    -03   20.                                      1155300200014 
 1.39   +00 1.06   -02   20.                                      1155300200015 
 1.45   +00 1.15   -02   20.                                      1155300200016 
 1.56   +00 6.1    -03   20.                                      1155300200017 
 1.63   +00 9.6    -03   20.                                      1155300200018 
 1.75   +00 1.08   -02   20.                                      1155300200019 
 1.81   +00 1.36   -02   20.                                      1155300200020 
 1.93   +00 1.90   -02   20.                                      1155300200021 
 1.97   +00 2.60   -02   20.                                      1155300200022 
 2.12   +00 2.12   -02   20.                                      1155300200023 
 2.18   +00 2.64   -02   20.                                      1155300200024 
 2.32   +00 2.28   -02   20.                                      1155300200025 
 2.37   +00 2.70   -02   20.                                      1155300200026 
 2.42   +00 3.00   -02   20.                                      1155300200027 
 2.47   +00 3.76   -02   20.                                      1155300200028 
 2.52   +00 3.12   -02   20.                                      1155300200029 
 2.56   +00 3.55   -02   20.                                      1155300200030 
 2.62   +00 5.20   -02   20.                                      1155300200031 
 2.66   +00 5.45   -02   20.                                      1155300200032 
 2.72   +00 6.11   -02   20.                                      1155300200033 
 2.76   +00 6.95   -02   20.                                      1155300200034 
 2.83   +00 7.45   -02   20.                                      1155300200035 
 2.87   +00 6.15   -02   20.                                      1155300200036 
 2.93   +00 7.90   -02   20.                                      1155300200037 
 2.98   +00 9.50   -02   20.                                      1155300200038 
 3.03   +00 1.20   -01   20.                                      1155300200039 
 3.09   +00 1.13   -01   20.                                      1155300200040 
 3.14   +00 8.65   -02   20.                                      1155300200041 
 3.19   +00 7.92   -02   20.                                      1155300200042 
 3.24   +00 9.64   -02   20.                                      1155300200043 
 3.26   +00 1.36   -01   20.                                      1155300200044 
 3.29   +00 9.30   -02   20.                                      1155300200045 
 3.31   +00 7.52   -02   20.                                      1155300200046 
 3.36   +00 8.46   -02   20.                                      1155300200047 
 3.41   +00 8.72   -02   20.                                      1155300200048 
 3.47   +00 9.50   -02   20.                                      1155300200049 
 3.52   +00 1.05   -01   20.                                      1155300200050 
 3.58   +00 1.09   -01   20.                                      1155300200051 
 3.63   +00 8.70   -02   20.                                      1155300200052 
 3.69   +00 9.92   -02   20.                                      1155300200053 
 3.75   +00 1.01   -01   20.                                      1155300200054 
 3.80   +00 1.16   -01   20.                                      1155300200055 
 3.86   +00 1.02   -01   20.                                      1155300200056 
 3.90   +00 9.73   -02   20.                                      1155300200057 
 3.93   +00 9.69   -02   20.                                      1155300200058 
 3.96   +00 1.01   -01   20.                                      1155300200059 
 3.99   +00 1.47   -01   20.                                      1155300200060 
 4.02   +00 1.30   -01   20.                                      1155300200061 
 4.05   +00 1.06   -01   20.                                      1155300200062 
 4.08   +00 1.07   -01   20.                                      1155300200063 
 4.11   +00 1.31   -01   20.                                      1155300200064 
 4.14   +00 1.21   -01   20.                                      1155300200065 
 4.17   +00 1.18   -01   20.                                      1155300200066 
 4.20   +00 1.06   -01   20.                                      1155300200067 
 4.23   +00 1.31   -01   20.                                      1155300200068 
 4.27   +00 1.43   -01   20.                                      1155300200069 
 4.32   +00 1.39   -01   20.                                      1155300200070 
 4.37   +00 1.29   -01   20.                                      1155300200071 
 4.44   +00 1.18   -01   20.                                      1155300200072 
 4.52   +00 1.13   -01                                            1155300200073 
 4.65   +00 9.88   -02                                            1155300200074 
 4.80   +00 8.75   -02                                            1155300200075 
 4.94   +00 7.35   -02                                            1155300200076 
 5.01   +00 7.04   -02                                            1155300200077 
 5.09   +00 7.86   -02                                            1155300200078 
 5.16   +00 7.91   -02                                            1155300200079 
 5.24   +00 6.93   -02                                            1155300200080 
 5.31   +00 5.80   -02                                            1155300200081 
 5.39   +00 6.10   -02                                            1155300200082 
 5.46   +00 6.42   -02                                            1155300200083 
 5.54   +00 6.03   -02                                            1155300200084 
 5.62   +00 5.12   -02                                            1155300200085 
 5.70   +00 4.95   -02                                            1155300200086 
 5.78   +00 5.48   -02                                            1155300200087 
 5.86   +00 5.22   -02                                            1155300200088 
 5.90   +00 4.52   -02                                            1155300200089 
 5.94   +00 4.26   -02                                            1155300200090 
 5.99   +00 4.59   -02                                            1155300200091 
 6.04   +00 4.48   -02                                            1155300200092 
 6.07   +00 4.15   -02                                            1155300200093 
 6.11   +00 3.88   -02                                            1155300200094 
 6.20   +00 4.46   -02                                            1155300200095 
 6.32   +00 3.85   -02                                            1155300200096 
 6.41   +00 2.98   -02                                            1155300200097 
 6.50   +00 2.71   -02                                            1155300200098 
 6.60   +00 2.93   -02                                            1155300200099 
 6.69   +00 2.12   -02                                            1155300200100 
 6.78   +00 2.54   -02                                            1155300200101 
 6.88   +00 2.65   -02                                            1155300200102 
 6.98   +00 2.41   -02                                            1155300200103 
 7.08   +00 2.16   -02                                            1155300200104 
 7.17   +00 2.21   -02                                            1155300200105 
 7.27   +00 2.35   -02                                            1155300200106 
 7.37   +00 1.92   -02                                            1155300200107 
 7.47   +00 2.14   -02                                            1155300200108 
 7.53   +00 2.05   -02                                            1155300200109 
 7.65   +00 1.68   -02                                            1155300200110 
 7.74   +00 1.60   -02                                            1155300200111 
 7.88   +00 1.24   -02                                            1155300200112 
 7.98   +00 1.98   -02                                            1155300200113 
 8.09   +00 1.37   -02                                            1155300200114 
 8.18   +00 4.6    -03                                            1155300200115 
 8.29   +00 1.12   -02                                            1155300200116 
 8.41   +00 1.25   -02                                            1155300200117 
 8.52   +00 1.20   -02                                            1155300200118 
 8.66   +00 1.12   -02   30.                                      1155300200119 
ENDDATA            109          0                                 1155300200120 
ENDSUBENT          119          0                                 1155300299999 
SUBENT        11553003   19830412                             00001155300300001 
BIB                  1          1                                 1155300300002 
REACTION   (18-AR-36(N,P)17-CL-36,PAR,SIG)                        1155300300003 
ENDBIB               1          0                                 1155300300004 
COMMON               1          3                                 1155300300005 
E-LVL                                                             1155300300006 
MEV                                                               1155300300007 
    0.                                                            1155300300008 
ENDCOMMON            3          0                                 1155300300009 
DATA                 3         40                                 1155300300010 
EN         DATA       DATA-ERR                                    1155300300011 
MEV        B          PER-CENT                                    1155300300012 
 1.21   +00 1.32   -02   20.                                      1155300300013 
 1.39   +00 4.82   -02   20.                                      1155300300014 
 1.56   +00 2.31   -02   20.                                      1155300300015 
 1.75   +00 3.17   -02   20.                                      1155300300016 
 1.93   +00 6.08   -02   20.                                      1155300300017 
 2.12   +00 4.32   -02   20.                                      1155300300018 
 2.32   +00 3.12   -02   20.                                      1155300300019 
 2.42   +00 4.54   -02   20.                                      1155300300020 
 2.52   +00 5.17   -02   20.                                      1155300300021 
 2.62   +00 8.69   -02   20.                                      1155300300022 
 2.72   +00 7.57   -02   20.                                      1155300300023 
 2.83   +00 6.05   -02   20.                                      1155300300024 
 2.93   +00 7.48   -02   20.                                      1155300300025 
 2.99   +00 1.07   -01   20.                                      1155300300026 
 3.04   +00 9.00   -02   20.                                      1155300300027 
 3.09   +00 8.48   -02   20.                                      1155300300028 
 3.15   +00 6.76   -02   20.                                      1155300300029 
 3.20   +00 9.25   -02   20.                                      1155300300030 
 3.26   +00 8.70   -02   20.                                      1155300300031 
 3.31   +00 6.93   -02   20.                                      1155300300032 
 3.37   +00 6.38   -02   20.                                      1155300300033 
 3.42   +00 7.70   -02   20.                                      1155300300034 
 3.48   +00 7.74   -02   20.                                      1155300300035 
 3.53   +00 8.50   -02   20.                                      1155300300036 
 3.59   +00 7.33   -02   20.                                      1155300300037 
 3.64   +00 5.85   -02   20.                                      1155300300038 
 3.70   +00 7.15   -02   20.                                      1155300300039 
 3.76   +00 7.45   -02   20.                                      1155300300040 
 3.81   +00 6.57   -02   20.                                      1155300300041 
 3.87   +00 6.97   -02   20.                                      1155300300042 
 3.93   +00 6.84   -02   20.                                      1155300300043 
 3.99   +00 8.77   -02   20.                                      1155300300044 
 4.05   +00 6.50   -02                                            1155300300045 
 4.11   +00 4.4    -02                                            1155300300046 
 4.17   +00 6.6    -02                                            1155300300047 
 4.26   +00 6.7    -02                                            1155300300048 
 4.38   +00 3.9    -02                                            1155300300049 
 4.52   +00 5.3    -02                                            1155300300050 
 4.65   +00 4.3    -02                                            1155300300051 
 4.80   +00 4.6    -02   48.                                      1155300300052 
ENDDATA             42          0                                 1155300300053 
ENDSUBENT           52          0                                 1155300399999 
SUBENT        11553004   19830412                             00001155300400001 
BIB                  1          1                                 1155300400002 
REACTION   (18-AR-36(N,A)16-S-33,PAR,SIG)                         1155300400003 
ENDBIB               1          0                                 1155300400004 
NOCOMMON             0          0                                 1155300400005 
DATA                 4        137                                 1155300400006 
E-LVL      EN         DATA       DATA-ERR                         1155300400007 
MEV        MEV        B          PER-CENT                         1155300400008 
 0.84       2.32   +00 1.5    -03   20.                           1155300400009 
 0.84       2.42   +00 4.5    -03   20.                           1155300400010 
 0.84       2.52   +00 1.4    -03   20.                           1155300400011 
 0.84       2.62   +00 2.00   -04   20.                           1155300400012 
 0.84       2.72   +00 1.0    -03   20.                           1155300400013 
 0.84       2.83   +00 1.6    -03   20.                           1155300400014 
 0.84       2.93   +00 9.2    -03   20.                           1155300400015 
 0.84       2.98   +00 4.2    -03   20.                           1155300400016 
 0.84       3.03   +00 1.81   -02   20.                           1155300400017 
 0.84       3.09   +00 1.65   -02   20.                           1155300400018 
 0.84       3.14   +00 1.33   -02   20.                           1155300400019 
 0.84       3.19   +00 1.72   -02   20.                           1155300400020 
 0.84       3.26   +00 1.41   -02   20.                           1155300400021 
 0.84       3.31   +00 5.9    -03   20.                           1155300400022 
 0.84       3.36   +00 1.50   -02   20.                           1155300400023 
 0.84       3.41   +00 1.50   -02   20.                           1155300400024 
 0.84       3.47   +00 2.52   -02   20.                           1155300400025 
 0.84       3.52   +00 2.66   -02   20.                           1155300400026 
 0.84       3.58   +00 3.01   -02   20.                           1155300400027 
 0.84       3.63   +00 3.71   -02   20.                           1155300400028 
 0.84       3.69   +00 4.06   -02   20.                           1155300400029 
 0.84       3.75   +00 2.75   -02   20.                           1155300400030 
 0.84       3.80   +00 4.57   -02   20.                           1155300400031 
 0.84       3.86   +00 3.3    -02   20.                           1155300400032 
 0.84       3.90   +00 2.32   -02   20.                           1155300400033 
 0.84       3.93   +00 2.30   -02   20.                           1155300400034 
 0.84       3.96   +00 3.90   -02   20.                           1155300400035 
 0.84       3.99   +00 3.29   -02   20.                           1155300400036 
 0.84       4.02   +00 2.75   -02   20.                           1155300400037 
 0.84       4.05   +00 2.87   -02   20.                           1155300400038 
 0.84       4.08   +00 3.27   -02   20.                           1155300400039 
 0.84       4.11   +00 2.84   -02   20.                           1155300400040 
 0.84       4.14   +00 2.35   -02   20.                           1155300400041 
 0.84       4.17   +00 3.86   -02   20.                           1155300400042 
 0.84       4.20   +00 3.69   -02   20.                           1155300400043 
 0.84       4.23   +00 2.94   -02   20.                           1155300400044 
 0.84       4.27   +00 2.58   -02   20.                           1155300400045 
 0.84       4.32   +00 4.02   -02   20.                           1155300400046 
 0.84       4.37   +00 3.43   -02   20.                           1155300400047 
 0.84       4.44   +00 3.74   -02   20.                           1155300400048 
 0.84       4.52   +00 3.64   -02                                 1155300400049 
 0.84       4.65   +00 3.43   -02                                 1155300400050 
 0.84       4.80   +00 4.26   -02                                 1155300400051 
 0.84       4.94   +00 3.14   -02                                 1155300400052 
 0.84       5.01   +00 3.78   -02                                 1155300400053 
 0.84       5.09   +00 3.72   -02                                 1155300400054 
 0.84       5.16   +00 3.38   -02                                 1155300400055 
 0.84       5.24   +00 2.07   -02                                 1155300400056 
 0.84       5.31   +00 2.48   -02                                 1155300400057 
 0.84       5.39   +00 3.42   -02                                 1155300400058 
 0.84       5.46   +00 3.10   -02                                 1155300400059 
 0.84       5.54   +00 2.24   -02                                 1155300400060 
 0.84       5.62   +00 2.56   -02                                 1155300400061 
 0.84       5.70   +00 1.93   -02                                 1155300400062 
 0.84       5.78   +00 2.11   -02                                 1155300400063 
 0.84       5.86   +00 2.68   -02                                 1155300400064 
 0.84       5.90   +00 3.32   -02                                 1155300400065 
 0.84       5.94   +00 3.21   -02                                 1155300400066 
 0.84       5.99   +00 3.48   -02                                 1155300400067 
 0.84       6.04   +00 2.95   -02                                 1155300400068 
 0.84       6.07   +00 2.56   -02                                 1155300400069 
 0.84       6.11   +00 1.92   -02                                 1155300400070 
 0.84       6.20   +00 2.52   -02                                 1155300400071 
 0.84       6.32   +00 1.84   -02                                 1155300400072 
 0.84       6.41   +00 1.73   -02                                 1155300400073 
 0.84       6.50   +00 2.19   -02                                 1155300400074 
 0.84       6.60   +00 2.60   -02                                 1155300400075 
 0.84       6.69   +00 2.21   -02                                 1155300400076 
 0.84       6.78   +00 2.06   -02                                 1155300400077 
 0.84       6.88   +00 1.55   -02                                 1155300400078 
 0.84       6.98   +00 1.99   -02                                 1155300400079 
 0.84       7.08   +00 1.30   -02                                 1155300400080 
 0.84       7.17   +00 1.43   -02                                 1155300400081 
 0.84       7.27   +00 1.44   -02                                 1155300400082 
 0.84       7.37   +00 1.50   -02                                 1155300400083 
 0.84       7.47   +00 1.13   -02                                 1155300400084 
 0.84       7.53   +00 1.44   -02                                 1155300400085 
 0.84       7.65   +00 1.16   -02                                 1155300400086 
 0.84       7.74   +00 8.6    -03                                 1155300400087 
 0.84       7.88   +00 7.7    -03                                 1155300400088 
 0.84       7.98   +00 8.1    -03                                 1155300400089 
 0.84       8.09   +00 8.9    -03                                 1155300400090 
 0.84       8.18   +00 8.3    -03                                 1155300400091 
 0.84       8.29   +00 9.5    -03                                 1155300400092 
 0.84       8.41   +00 1.13   -02                                 1155300400093 
 0.84       8.52   +00 8.5    -03                                 1155300400094 
 0.84       8.66   +00 1.04   -02   30.                           1155300400095 
 1.97       4.65   +00 1.5    -02   35.                           1155300400096 
 1.97       4.80   +00 1.6    -02   35.                           1155300400097 
 1.97       4.94   +00 2.3    -02   35.                           1155300400098 
 1.97       5.01   +00 1.9    -02   35.                           1155300400099 
 1.97       5.09   +00 2.03   -02   35.                           1155300400100 
 1.97       5.16   +00 1.90   -02   35.                           1155300400101 
 1.97       5.24   +00 1.63   -02   35.                           1155300400102 
 1.97       5.31   +00 2.22   -02   35.                           1155300400103 
 1.97       5.39   +00 2.38   -02   35.                           1155300400104 
 1.97       5.46   +00 3.32   -02   35.                           1155300400105 
 1.97       5.54   +00 2.47   -02   35.                           1155300400106 
 1.97       5.62   +00 3.54   -02   35.                           1155300400107 
 1.97       5.70   +00 2.75   -02   35.                           1155300400108 
 1.97       5.78   +00 3.24   -02   35.                           1155300400109 
 1.97       5.86   +00 2.23   -02   35.                           1155300400110 
 1.97       5.90   +00 1.99   -02   35.                           1155300400111 
 1.97       5.94   +00 2.80   -02   35.                           1155300400112 
 1.97       5.99   +00 3.46   -02   35.                           1155300400113 
 1.97       6.04   +00 2.93   -02   35.                           1155300400114 
 1.97       6.07   +00 3.05   -02   35.                           1155300400115 
 1.97       6.11   +00 4.1    -02   35.                           1155300400116 
 1.97       6.20   +00 2.8    -02   35.                           1155300400117 
 1.97       6.32   +00 2.74   -02   35.                           1155300400118 
 1.97       6.41   +00 2.30   -02   35.                           1155300400119 
 1.97       6.50   +00 2.26   -02   35.                           1155300400120 
 2.31       4.65   +00 9.     -03   35.                           1155300400121 
 2.31       4.80   +00 8.     -03   35.                           1155300400122 
 2.31       4.94   +00 6.     -03   35.                           1155300400123 
 2.31       5.01   +00 1.2    -02   35.                           1155300400124 
 2.31       5.09   +00 1.13   -02   35.                           1155300400125 
 2.31       5.16   +00 1.76   -02   35.                           1155300400126 
 2.31       5.24   +00 1.63   -02   35.                           1155300400127 
 2.31       5.31   +00 2.04   -02   35.                           1155300400128 
 2.31       5.39   +00 1.08   -02   35.                           1155300400129 
 2.31       5.46   +00 1.04   -02   35.                           1155300400130 
 2.31       5.54   +00 1.22   -02   35.                           1155300400131 
 2.31       5.62   +00 1.62   -02   35.                           1155300400132 
 2.31       5.70   +00 1.98   -02   35.                           1155300400133 
 2.31       5.78   +00 1.44   -02   35.                           1155300400134 
 2.31       5.86   +00 1.32   -02   35.                           1155300400135 
 2.31       5.90   +00 1.10   -02   35.                           1155300400136 
 2.31       5.94   +00 1.45   -02   35.                           1155300400137 
 2.31       5.99   +00 1.63   -02   35.                           1155300400138 
 2.31       6.04   +00 1.97   -02   35.                           1155300400139 
 2.31       6.07   +00 1.89   -02   35.                           1155300400140 
 2.31       6.11   +00 1.69   -02   35.                           1155300400141 
 2.31       6.20   +00 1.66   -02   35.                           1155300400142 
 2.31       6.32   +00 2.41   -02   35.                           1155300400143 
 2.31       6.41   +00 2.02   -02   35.                           1155300400144 
 2.31       6.50   +00 2.41   -02   35.                           1155300400145 
ENDDATA            139          0                                 1155300400146 
ENDSUBENT          145          0                                 1155300499999 
SUBENT        11553005   19830412                             00001155300500001 
BIB                  1          1                                 1155300500002 
REACTION   (18-AR-36(N,A)16-S-33,PAR,SIG)                         1155300500003 
ENDBIB               1          0                                 1155300500004 
COMMON               4          3                                 1155300500005 
E-LVL      E-LVL      E-LVL      DATA-ERR                         1155300500006 
MEV        MEV        MEV        PER-CENT                         1155300500007 
 2.87       2.94       2.97         30.                           1155300500008 
ENDCOMMON            3          0                                 1155300500009 
DATA                 2         40                                 1155300500010 
EN         DATA                                                   1155300500011 
MEV        B                                                      1155300500012 
 5.24   +00 1.41   -02                                            1155300500013 
 5.31   +00 1.72   -02                                            1155300500014 
 5.39   +00 1.97   -02                                            1155300500015 
 5.46   +00 2.41   -02                                            1155300500016 
 5.54   +00 2.76   -02                                            1155300500017 
 5.62   +00 2.20   -02                                            1155300500018 
 5.70   +00 1.94   -02                                            1155300500019 
 5.78   +00 2.24   -02                                            1155300500020 
 5.86   +00 2.80   -02                                            1155300500021 
 5.90   +00 2.45   -02                                            1155300500022 
 5.94   +00 2.68   -02                                            1155300500023 
 5.99   +00 2.82   -02                                            1155300500024 
 6.04   +00 2.86   -02                                            1155300500025 
 6.07   +00 3.16   -02                                            1155300500026 
 6.11   +00 3.01   -02                                            1155300500027 
 6.20   +00 3.14   -02                                            1155300500028 
 6.32   +00 3.71   -02                                            1155300500029 
 6.41   +00 3.76   -02                                            1155300500030 
 6.50   +00 4.04   -02                                            1155300500031 
 6.60   +00 4.56   -02                                            1155300500032 
 6.69   +00 4.38   -02                                            1155300500033 
 6.78   +00 4.50   -02                                            1155300500034 
 6.88   +00 4.51   -02                                            1155300500035 
 6.98   +00 5.13   -02                                            1155300500036 
 7.08   +00 5.33   -02                                            1155300500037 
 7.17   +00 5.01   -02                                            1155300500038 
 7.27   +00 4.08   -02                                            1155300500039 
 7.37   +00 4.83   -02                                            1155300500040 
 7.47   +00 5.44   -02                                            1155300500041 
 7.53   +00 3.59   -02                                            1155300500042 
 7.65   +00 4.20   -02                                            1155300500043 
 7.74   +00 3.63   -02                                            1155300500044 
 7.88   +00 3.17   -02                                            1155300500045 
 7.98   +00 3.89   -02                                            1155300500046 
 8.09   +00 3.89   -02                                            1155300500047 
 8.18   +00 2.6    -02                                            1155300500048 
 8.29   +00 3.70   -02                                            1155300500049 
 8.41   +00 3.89   -02                                            1155300500050 
 8.52   +00 3.79   -02                                            1155300500051 
 8.66   +00 2.41   -02                                            1155300500052 
ENDDATA             42          0                                 1155300500053 
ENDSUBENT           52          0                                 1155300599999 
SUBENT        11553006   19830412                             00001155300600001 
BIB                  1          1                                 1155300600002 
REACTION   (18-AR-36(N,A)16-S-33,PAR,SIG)                         1155300600003 
ENDBIB               1          0                                 1155300600004 
COMMON               3          3                                 1155300600005 
E-LVL      E-LVL      DATA-ERR                                    1155300600006 
MEV        MEV        PER-CENT                                    1155300600007 
 1.97       2.31         30.                                      1155300600008 
ENDCOMMON            3          0                                 1155300600009 
DATA                 2         23                                 1155300600010 
EN         DATA                                                   1155300600011 
MEV        B                                                      1155300600012 
 6.41   +00 4.32   -02                                            1155300600013 
 6.50   +00 4.67   -02                                            1155300600014 
 6.60   +00 4.82   -02                                            1155300600015 
 6.69   +00 4.02   -02                                            1155300600016 
 6.78   +00 3.50   -02                                            1155300600017 
 6.88   +00 3.51   -02                                            1155300600018 
 6.98   +00 3.97   -02                                            1155300600019 
 7.08   +00 3.04   -02                                            1155300600020 
 7.17   +00 3.59   -02                                            1155300600021 
 7.27   +00 4.18   -02                                            1155300600022 
 7.37   +00 3.85   -02                                            1155300600023 
 7.47   +00 3.40   -02                                            1155300600024 
 7.53   +00 2.78   -02                                            1155300600025 
 7.65   +00 3.33   -02                                            1155300600026 
 7.74   +00 3.18   -02                                            1155300600027 
 7.88   +00 3.38   -02                                            1155300600028 
 7.98   +00 2.50   -02                                            1155300600029 
 8.09   +00 2.5    -02                                            1155300600030 
 8.18   +00 1.1    -02                                            1155300600031 
 8.29   +00 1.86   -02                                            1155300600032 
 8.41   +00 2.08   -02                                            1155300600033 
 8.52   +00 1.80   -02                                            1155300600034 
 8.66   +00 1.60   -02                                            1155300600035 
ENDDATA             25          0                                 1155300600036 
ENDSUBENT           35          0                                 1155300699999 
SUBENT        11553007   19830412                             00001155300700001 
BIB                  2          2                                 1155300700002 
REACTION   (18-AR-36(N,A)16-S-33,,SIG)                            1155300700003 
MONITOR    (7-N-14(N,P)6-C-14,,SIG)                               1155300700004 
ENDBIB               2          0                                 1155300700005 
NOCOMMON             0          0                                 1155300700006 
DATA                 3          1                                 1155300700007 
EN         DATA-MAX   MONIT                                       1155300700008 
EV         MB         B                                           1155300700009 
 0.0253     5.         1.75                                       1155300700010 
ENDDATA              3          0                                 1155300700011 
ENDSUBENT           10          0                                 1155300799999 
SUBENT        11553008   19830412                             00001155300800001 
BIB                  1          1                                 1155300800002 
REACTION   (18-AR-36(N,P)17-CL-36,PAR,SIG)                        1155300800003 
ENDBIB               1          0                                 1155300800004 
NOCOMMON             0          0                                 1155300800005 
DATA                 4        135                                 1155300800006 
E-LVL      EN         DATA       DATA-ERR                         1155300800007 
MEV        MEV        B          PER-CENT                         1155300800008 
     .79    2.12   +00 1.94   -02   25.                           1155300800009 
     .79    2.32   +00 1.21   -02   25.                           1155300800010 
     .79    2.42   +00 2.25   -02   25.                           1155300800011 
     .79    2.52   +00 3.35   -02   25.                           1155300800012 
     .79    2.62   +00 2.65   -02   25.                           1155300800013 
     .79    2.72   +00 2.35   -02   25.                           1155300800014 
     .79    2.83   +00 3.27   -02   25.                           1155300800015 
     .79    2.93   +00 3.08   -02   25.                           1155300800016 
     .79    2.99   +00 3.65   -02   25.                           1155300800017 
     .79    3.04   +00 3.93   -02   25.                           1155300800018 
     .79    3.09   +00 4.07   -02   25.                           1155300800019 
     .79    3.15   +00 3.24   -02   25.                           1155300800020 
     .79    3.20   +00 5.05   -02   25.                           1155300800021 
     .79    3.26   +00 4.35   -02   25.                           1155300800022 
     .79    3.31   +00 4.05   -02   25.                           1155300800023 
     .79    3.37   +00 2.22   -02   25.                           1155300800024 
     .79    3.42   +00 4.50   -02   25.                           1155300800025 
     .79    3.48   +00 4.28   -02   25.                           1155300800026 
     .79    3.53   +00 5.82   -02   25.                           1155300800027 
     .79    3.59   +00 5.11   -02   25.                           1155300800028 
     .79    3.64   +00 5.13   -02   25.                           1155300800029 
     .79    3.70   +00 5.35   -02   25.                           1155300800030 
     .79    3.76   +00 4.18   -02   25.                           1155300800031 
     .79    3.81   +00 3.65   -02   25.                           1155300800032 
     .79    3.87   +00 5.81   -02   25.                           1155300800033 
     .79    3.93   +00 4.48   -02   25.                           1155300800034 
     .79    3.99   +00 3.98   -02   25.                           1155300800035 
     .79    4.05   +00 3.68   -02                                 1155300800036 
     .79    4.11   +00 4.40   -02                                 1155300800037 
     .79    4.17   +00 5.60   -02                                 1155300800038 
     .79    4.26   +00 5.0    -02                                 1155300800039 
     .79    4.38   +00 5.4    -02                                 1155300800040 
     .79    4.52   +00 5.2    -02                                 1155300800041 
     .79    4.65   +00 5.1    -02                                 1155300800042 
     .79    4.80   +00 4.1    -02                                 1155300800043 
     .79    4.94   +00 4.6    -02                                 1155300800044 
     .79    5.01   +00 5.6    -02                                 1155300800045 
    1.16    2.52   +00 1.77   -02   30.                           1155300800046 
    1.16    2.62   +00 1.80   -02   30.                           1155300800047 
    1.16    2.72   +00 2.66   -02   30.                           1155300800048 
    1.16    2.83   +00 3.16   -02   30.                           1155300800049 
    1.16    2.93   +00 1.91   -02   30.                           1155300800050 
    1.16    2.99   +00 2.70   -02   30.                           1155300800051 
    1.16    3.04   +00 2.76   -02   30.                           1155300800052 
    1.16    3.09   +00 3.49   -02   30.                           1155300800053 
    1.16    3.15   +00 2.72   -02   30.                           1155300800054 
    1.16    3.20   +00 4.30   -02   30.                           1155300800055 
    1.16    3.26   +00 4.17   -02   30.                           1155300800056 
    1.16    3.31   +00 2.71   -02   30.                           1155300800057 
    1.16    3.37   +00 2.87   -02   30.                           1155300800058 
    1.16    3.42   +00 3.53   -02   30.                           1155300800059 
    1.16    3.48   +00 4.11   -02   30.                           1155300800060 
    1.16    3.53   +00 5.17   -02   30.                           1155300800061 
    1.16    3.59   +00 3.78   -02   30.                           1155300800062 
    1.16    3.64   +00 2.98   -02   30.                           1155300800063 
    1.16    3.70   +00 3.54   -02   30.                           1155300800064 
    1.16    3.76   +00 5.45   -02   30.                           1155300800065 
    1.16    3.81   +00 5.28   -02   30.                           1155300800066 
    1.16    3.87   +00 4.29   -02   30.                           1155300800067 
    1.16    3.93   +00 4.53   -02   30.                           1155300800068 
    1.16    3.99   +00 3.53   -02   30.                           1155300800069 
    1.16    4.05   +00 4.18   -02                                 1155300800070 
    1.16    4.11   +00 5.90   -02                                 1155300800071 
    1.16    4.17   +00 5.08   -02                                 1155300800072 
    1.16    4.26   +00 4.4    -02                                 1155300800073 
    1.16    4.38   +00 6.6    -02                                 1155300800074 
    1.16    4.52   +00 4.5    -02                                 1155300800075 
    1.16    4.65   +00 7.6    -02                                 1155300800076 
    1.16    4.80   +00 6.8    -02                                 1155300800077 
    1.16    4.94   +00 5.0    -02                                 1155300800078 
    1.16    5.01   +00 5.0    -02                                 1155300800079 
    1.60    2.83   +00 1.34   -02   40.                           1155300800080 
    1.60    2.93   +00 1.60   -02   40.                           1155300800081 
    1.60    2.99   +00 2.39   -02   40.                           1155300800082 
    1.60    3.04   +00 2.01   -02   40.                           1155300800083 
    1.60    3.09   +00 1.46   -02   40.                           1155300800084 
    1.60    3.15   +00 2.26   -02   40.                           1155300800085 
    1.60    3.20   +00 2.08   -02   40.                           1155300800086 
    1.60    3.26   +00 2.22   -02   40.                           1155300800087 
    1.60    3.31   +00 3.08   -02   40.                           1155300800088 
    1.60    3.37   +00 2.73   -02   40.                           1155300800089 
    1.60    3.42   +00 2.74   -02   40.                           1155300800090 
    1.60    3.48   +00 2.24   -02   40.                           1155300800091 
    1.60    3.53   +00 3.04   -02   40.                           1155300800092 
    1.60    3.59   +00 3.08   -02   40.                           1155300800093 
    1.60    3.64   +00 3.47   -02   40.                           1155300800094 
    1.60    3.70   +00 2.52   -02   40.                           1155300800095 
    1.60    3.76   +00 2.83   -02   40.                           1155300800096 
    1.60    3.81   +00 1.74   -02   40.                           1155300800097 
    1.60    3.87   +00 2.82   -02   40.                           1155300800098 
    1.60    3.93   +00 2.98   -02   40.                           1155300800099 
    1.60    3.99   +00 2.80   -02   40.                           1155300800100 
    1.60    4.05   +00 3.29   -02                                 1155300800101 
    1.60    4.11   +00 3.14   -02                                 1155300800102 
    1.60    4.17   +00 4.58   -02                                 1155300800103 
    1.60    4.26   +00 2.9    -02                                 1155300800104 
    1.60    4.38   +00 2.7    -02                                 1155300800105 
    1.60    4.52   +00 3.1    -02                                 1155300800106 
    1.60    4.65   +00 4.3    -02                                 1155300800107 
    1.60    4.80   +00 2.5    -02                                 1155300800108 
    1.60    4.94   +00 3.1    -02                                 1155300800109 
    1.60    5.01   +00 2.7    -02                                 1155300800110 
    1.95    3.26   +00 1.84   -02   35.                           1155300800111 
    1.95    3.31   +00 1.5    -02   35.                           1155300800112 
    1.95    3.37   +00 2.52   -02   35.                           1155300800113 
    1.95    3.42   +00 3.33   -02   35.                           1155300800114 
    1.95    3.48   +00 2.18   -02   35.                           1155300800115 
    1.95    3.53   +00 2.97   -02   35.                           1155300800116 
    1.95    3.59   +00 3.84   -02   35.                           1155300800117 
    1.95    3.64   +00 2.98   -02   35.                           1155300800118 
    1.95    3.70   +00 4.25   -02   35.                           1155300800119 
    1.95    3.76   +00 4.35   -02   35.                           1155300800120 
    1.95    3.81   +00 5.54   -02   35.                           1155300800121 
    1.95    3.87   +00 5.15   -02   35.                           1155300800122 
    1.95    3.93   +00 6.20   -02   35.                           1155300800123 
    1.95    3.99   +00 7.56   -02   35.                           1155300800124 
    1.95    4.05   +00 6.45   -02                                 1155300800125 
    1.95    4.11   +00 4.35   -02                                 1155300800126 
    1.95    4.17   +00 6.58   -02                                 1155300800127 
    1.95    4.26   +00 8.5    -02                                 1155300800128 
    1.95    4.38   +00 8.3    -02                                 1155300800129 
    1.95    4.52   +00 8.4    -02                                 1155300800130 
    1.95    4.65   +00 7.8    -02                                 1155300800131 
    1.95    4.80   +00 6.1    -02                                 1155300800132 
    1.95    4.94   +00 5.5    -02                                 1155300800133 
    1.95    5.01   +00 6.5    -02                                 1155300800134 
    1.95    5.09   +00 5.7    -02                                 1155300800135 
    1.95    5.16   +00 4.3    -02                                 1155300800136 
    1.95    5.24   +00 5.4    -02                                 1155300800137 
    1.95    5.31   +00 3.0    -02                                 1155300800138 
    1.95    5.39   +00 4.1    -02                                 1155300800139 
    1.95    5.46   +00 5.5    -02                                 1155300800140 
    1.95    5.54   +00 4.4    -02                                 1155300800141 
    1.95    5.62   +00 4.3    -02                                 1155300800142 
    1.95    5.70   +00 4.9    -02                                 1155300800143 
ENDDATA            137          0                                 1155300800144 
ENDSUBENT          143          0                                 1155300899999 
SUBENT        11553009   19830412                             00001155300900001 
BIB                  1          1                                 1155300900002 
REACTION   (18-AR-40(N,A)16-S-37,PAR,SIG)                         1155300900003 
ENDBIB               1          0                                 1155300900004 
NOCOMMON             0          0                                 1155300900005 
DATA                 4         86                                 1155300900006 
E-LVL      EN         DATA       DATA-ERR                         1155300900007 
MEV        MEV        B          PER-CENT                         1155300900008 
 0.         5.86   +00 1.9    -05 30.                             1155300900009 
 0.         5.95   +00 4.8    -05 30.                             1155300900010 
 0.         6.03   +00 7.6    -05 30.                             1155300900011 
 0.         6.11   +00 5.6    -05 30.                             1155300900012 
 0.         6.20   +00 6.1    -05 30.                             1155300900013 
 0.         6.29   +00 9.4    -05 30.                             1155300900014 
 0.         6.37   +00 1.30   -04 30.                             1155300900015 
 0.         6.46   +00 1.19   -04 30.                             1155300900016 
 0.         6.55   +00 1.72   -04 30.                             1155300900017 
 0.         6.64   +00 1.62   -04 30.                             1155300900018 
 0.         6.73   +00 2.86   -04 30.                             1155300900019 
 0.         6.82   +00 3.43   -04 30.                             1155300900020 
 0.         6.91   +00 4.73   -04 30.                             1155300900021 
 0.         7.01   +00 4.22   -04 30.                             1155300900022 
 0.         7.11   +00 6.30   -04 30.                             1155300900023 
 0.         7.21   +00 8.43   -04 30.                             1155300900024 
 0.         7.30   +00 8.15   -04 30.                             1155300900025 
 0.         7.40   +00 7.30   -04 30.                             1155300900026 
 0.         7.50   +00 1.10   -03 30.                             1155300900027 
 0.         7.60   +00 1.07   -03 30.                             1155300900028 
 0.         7.69   +00 1.30   -03 30.                             1155300900029 
 0.         7.79   +00 9.95   -04 30.                             1155300900030 
 0.         7.90   +00 1.09   -03 30.                             1155300900031 
 0.         8.00   +00 1.67   -03 30.                             1155300900032 
 0.         8.10   +00 1.41   -03 30.                             1155300900033 
 0.         8.20   +00 2.62   -03 30.                             1155300900034 
 0.         8.31   +00 2.43   -03 30.                             1155300900035 
 0.         8.42   +00 2.06   -03 30.                             1155300900036 
 0.         8.44   +00 1.92   -03 30.                             1155300900037 
 0.         8.52   +00 2.39   -03 30.                             1155300900038 
 0.         8.63   +00 2.02   -03 30.                             1155300900039 
 0.         8.74   +00 1.93   -03 30.                             1155300900040 
 0.         8.85   +00 1.69   -03 30.                             1155300900041 
 0.         8.95   +00 1.53   -03 30.                             1155300900042 
 0.65       6.46   +00 1.1    -05 30.                             1155300900043 
 0.65       6.55   +00 2.0    -05 30.                             1155300900044 
 0.65       6.64   +00 2.5    -05 30.                             1155300900045 
 0.65       6.73   +00 1.9    -05 30.                             1155300900046 
 0.65       6.82   +00 6.8    -05 30.                             1155300900047 
 0.65       6.91   +00 8.7    -05 30.                             1155300900048 
 0.65       7.01   +00 1.23   -04 30.                             1155300900049 
 0.65       7.11   +00 1.33   -04 30.                             1155300900050 
 0.65       7.21   +00 3.04   -04 30.                             1155300900051 
 0.65       7.30   +00 1.62   -04 30.                             1155300900052 
 0.65       7.40   +00 2.10   -04 30.                             1155300900053 
 0.65       7.50   +00 4.11   -04 30.                             1155300900054 
 0.65       7.60   +00 4.95   -04 30.                             1155300900055 
 0.65       7.69   +00 3.94   -04 30.                             1155300900056 
 0.65       7.79   +00 4.47   -04 30.                             1155300900057 
 0.65       7.90   +00 4.38   -04 30.                             1155300900058 
 0.65       8.00   +00 4.06   -04 30.                             1155300900059 
 0.65       8.10   +00 6.55   -04 30.                             1155300900060 
 0.65       8.20   +00 6.25   -04 30.                             1155300900061 
 0.65       8.31   +00 8.15   -04 30.                             1155300900062 
 0.65       8.42   +00 9.83   -04 30.                             1155300900063 
 0.65       8.44   +00 8.80   -04 30.                             1155300900064 
 0.65       8.52   +00 8.38   -04 30.                             1155300900065 
 0.65       8.63   +00 1.06   -03 30.                             1155300900066 
 0.65       8.74   +00 1.01   -03 30.                             1155300900067 
 0.65       8.85   +00 8.60   -04 30.                             1155300900068 
 0.65       8.95   +00 8.57   -04 30.                             1155300900069 
 1.39       7.21   +00 2.9    -05 40.                             1155300900070 
 1.39       7.30   +00 0.     -05 40.                             1155300900071 
 1.39       7.40   +00 0.     -05 40.                             1155300900072 
 1.39       7.50   +00 5.6    -05 40.                             1155300900073 
 1.39       7.60   +00 2.8    -05 40.                             1155300900074 
 1.39       7.69   +00 2.7    -05 40.                             1155300900075 
 1.39       7.79   +00 8.4    -05 40.                             1155300900076 
 1.39       7.90   +00 6.8    -05 40.                             1155300900077 
 1.39       8.00   +00 6.6    -05 40.                             1155300900078 
 1.39       8.10   +00 1.07   -04 40.                             1155300900079 
 1.39       8.20   +00 1.12   -04 40.                             1155300900080 
 1.39       8.31   +00 1.91   -04 40.                             1155300900081 
 1.39       8.42   +00 1.55   -04 40.                             1155300900082 
 1.39       8.44   +00 1.70   -04 40.                             1155300900083 
 1.39       8.52   +00 3.02   -04 40.                             1155300900084 
 1.39       8.63   +00 2.50   -04 40.                             1155300900085 
 1.39       8.74   +00 2.82   -04 40.                             1155300900086 
 1.39       8.85   +00 3.70   -04 40.                             1155300900087 
 1.39       8.95   +00 4.40   -04 40.                             1155300900088 
 2.19       8.44   +00 5.5    -05 80.                             1155300900089 
 2.19       8.52   +00 8.3    -05 80.                             1155300900090 
 2.19       8.63   +00 9.5    -05 80.                             1155300900091 
 2.19       8.74   +00 1.19   -04 80.                             1155300900092 
 2.19       8.85   +00 1.00   -04 80.                             1155300900093 
 2.19       8.95   +00 1.62   -04 80.                             1155300900094 
ENDDATA             88          0                                 1155300900095 
ENDSUBENT           94          0                                 1155300999999 
ENDENTRY             9          0                                 1155399999999 
