ENTRY            11559   19830412                             00001155900000001 
SUBENT        11559001   19830412                             00001155900100001 
BIB                  7          9                                 1155900100002 
INSTITUTE  (1USABAR)                                              1155900100003 
REFERENCE  (J,PR,90,615,5305)                                     1155900100004 
AUTHOR     (S.C.SNOWDON,W.D.WHITEHEAD)                            1155900100005 
TITLE      THE TOTAL CROSS SECTIONS OF GOLD, CHLORINE AND         1155900100006 
           PHOSPHORUS.                                            1155900100007 
N-SOURCE   (P-T) T(P,N) SOURCE                                    1155900100008 
STATUS     (SCSRS)                                                1155900100009 
HISTORY    (760715T) TRANSLATED FROM SCISRS                       1155900100010 
           (830412A) CONVERTED TO REACTION FORMALISM              1155900100011 
ENDBIB               9          0                                 1155900100012 
NOCOMMON             0          0                                 1155900100013 
ENDSUBENT           12          0                                 1155900199999 
SUBENT        11559002   19830412                             00001155900200001 
BIB                  1          1                                 1155900200002 
REACTION   (15-P-31(N,TOT),,SIG)                                  1155900200003 
ENDBIB               1          0                                 1155900200004 
COMMON               1          3                                 1155900200005 
EN-RSL                                                            1155900200006 
KEV                                                               1155900200007 
 45.                                                              1155900200008 
ENDCOMMON            3          0                                 1155900200009 
DATA                 2         65                                 1155900200010 
EN         DATA                                                   1155900200011 
MEV        B                                                      1155900200012 
 4.0    -02 3.63   +00                                            1155900200013 
 5.0    -02 3.50   +00                                            1155900200014 
 6.2    -02 3.50   +00                                            1155900200015 
 7.6    -02 3.50   +00                                            1155900200016 
 8.6    -02 3.50   +00                                            1155900200017 
 9.5    -02 3.50   +00                                            1155900200018 
 1.05   -01 3.55   +00                                            1155900200019 
 1.12   -01 3.50   +00                                            1155900200020 
 1.25   -01 3.55   +00                                            1155900200021 
 1.33   -01 3.65   +00                                            1155900200022 
 1.41   -01 3.65   +00                                            1155900200023 
 1.51   -01 3.65   +00                                            1155900200024 
 1.59   -01 3.71   +00                                            1155900200025 
 1.66   -01 3.78   +00                                            1155900200026 
 1.75   -01 3.79   +00                                            1155900200027 
 1.82   -01 3.78   +00                                            1155900200028 
 1.90   -01 3.71   +00                                            1155900200029 
 2.00   -01 3.91   +00                                            1155900200030 
 2.00   -01 3.69   +00                                            1155900200031 
 2.13   -01 4.03   +00                                            1155900200032 
 2.26   -01 4.06   +00                                            1155900200033 
 2.39   -01 3.99   +00                                            1155900200034 
 2.52   -01 3.59   +00                                            1155900200035 
 2.66   -01 3.26   +00                                            1155900200036 
 2.78   -01 2.87   +00                                            1155900200037 
 2.92   -01 3.00   +00                                            1155900200038 
 3.04   -01 2.82   +00                                            1155900200039 
 3.15   -01 2.78   +00                                            1155900200040 
 3.15   -01 3.02   +00                                            1155900200041 
 3.27   -01 3.02   +00                                            1155900200042 
 3.39   -01 3.02   +00                                            1155900200043 
 3.51   -01 3.55   +00                                            1155900200044 
 3.62   -01 4.46   +00                                            1155900200045 
 3.76   -01 4.99   +00                                            1155900200046 
 3.87   -01 4.32   +00                                            1155900200047 
 3.99   -01 3.43   +00                                            1155900200048 
 4.10   -01 2.94   +00                                            1155900200049 
 4.21   -01 3.10   +00                                            1155900200050 
 4.33   -01 3.51   +00                                            1155900200051 
 4.44   -01 3.91   +00                                            1155900200052 
 4.56   -01 3.95   +00                                            1155900200053 
 4.66   -01 3.99   +00                                            1155900200054 
 4.78   -01 4.10   +00                                            1155900200055 
 4.78   -01 3.89   +00                                            1155900200056 
 4.89   -01 3.97   +00                                            1155900200057 
 5.00   -01 3.71   +00                                            1155900200058 
 5.10   -01 3.10   +00                                            1155900200059 
 5.21   -01 2.94   +00                                            1155900200060 
 5.33   -01 2.88   +00                                            1155900200061 
 5.44   -01 2.95   +00                                            1155900200062 
 5.56   -01 2.85   +00                                            1155900200063 
 5.66   -01 3.40   +00                                            1155900200064 
 5.78   -01 3.80   +00                                            1155900200065 
 5.90   -01 3.35   +00                                            1155900200066 
 6.00   -01 3.28   +00                                            1155900200067 
 6.00   -01 3.15   +00                                            1155900200068 
 6.10   -01 3.05   +00                                            1155900200069 
 6.20   -01 3.00   +00                                            1155900200070 
 6.32   -01 2.95   +00                                            1155900200071 
 6.40   -01 2.93   +00                                            1155900200072 
 6.52   -01 2.93   +00                                            1155900200073 
 6.62   -01 2.95   +00                                            1155900200074 
 6.70   -01 2.95   +00                                            1155900200075 
 6.78   -01 2.95   +00                                            1155900200076 
 6.82   -01 2.95   +00                                            1155900200077 
ENDDATA             67          0                                 1155900200078 
ENDSUBENT           77          0                                 1155900299999 
SUBENT        11559003   19830412                             00001155900300001 
BIB                  1          1                                 1155900300002 
REACTION   (17-CL-0(N,TOT),,SIG)                                  1155900300003 
ENDBIB               1          0                                 1155900300004 
COMMON               1          3                                 1155900300005 
EN-RSL                                                            1155900300006 
KEV                                                               1155900300007 
 45.                                                              1155900300008 
ENDCOMMON            3          0                                 1155900300009 
DATA                 2         56                                 1155900300010 
EN         DATA                                                   1155900300011 
MEV        B                                                      1155900300012 
 6.0    -02 1.52   +00                                            1155900300013 
 8.7    -02 1.60   +00                                            1155900300014 
 1.23   -01 1.69   +00                                            1155900300015 
 1.41   -01 1.70   +00                                            1155900300016 
 1.51   -01 1.81   +00                                            1155900300017 
 1.58   -01 1.77   +00                                            1155900300018 
 1.70   -01 2.01   +00                                            1155900300019 
 1.73   -01 1.84   +00                                            1155900300020 
 1.89   -01 2.20   +00                                            1155900300021 
 2.14   -01 2.23   +00                                            1155900300022 
 2.31   -01 2.18   +00                                            1155900300023 
 2.52   -01 2.11   +00                                            1155900300024 
 2.72   -01 2.12   +00                                            1155900300025 
 2.93   -01 2.13   +00                                            1155900300026 
 3.06   -01 2.24   +00                                            1155900300027 
 3.09   -01 2.10   +00                                            1155900300028 
 3.19   -01 2.33   +00                                            1155900300029 
 3.27   -01 2.31   +00                                            1155900300030 
 3.30   -01 2.36   +00                                            1155900300031 
 3.39   -01 2.40   +00                                            1155900300032 
 3.52   -01 2.48   +00                                            1155900300033 
 3.63   -01 2.50   +00                                            1155900300034 
 3.75   -01 2.51   +00                                            1155900300035 
 3.88   -01 2.52   +00                                            1155900300036 
 4.00   -01 2.53   +00                                            1155900300037 
 4.10   -01 2.50   +00                                            1155900300038 
 4.21   -01 2.46   +00                                            1155900300039 
 4.31   -01 2.38   +00                                            1155900300040 
 4.42   -01 2.29   +00                                            1155900300041 
 4.58   -01 2.24   +00                                            1155900300042 
 4.68   -01 2.22   +00                                            1155900300043 
 4.79   -01 2.26   +00                                            1155900300044 
 4.89   -01 2.30   +00                                            1155900300045 
 4.98   -01 2.30   +00                                            1155900300046 
 5.10   -01 2.45   +00                                            1155900300047 
 5.10   -01 2.40   +00                                            1155900300048 
 5.20   -01 2.40   +00                                            1155900300049 
 5.20   -01 2.49   +00                                            1155900300050 
 5.31   -01 2.47   +00                                            1155900300051 
 5.31   -01 2.40   +00                                            1155900300052 
 5.41   -01 2.38   +00                                            1155900300053 
 5.42   -01 2.44   +00                                            1155900300054 
 5.52   -01 2.31   +00                                            1155900300055 
 5.63   -01 2.15   +00                                            1155900300056 
 5.74   -01 2.11   +00                                            1155900300057 
 5.88   -01 2.16   +00                                            1155900300058 
 5.97   -01 2.21   +00                                            1155900300059 
 6.06   -01 2.28   +00                                            1155900300060 
 6.18   -01 2.32   +00                                            1155900300061 
 6.28   -01 2.35   +00                                            1155900300062 
 6.38   -01 2.31   +00                                            1155900300063 
 6.48   -01 2.27   +00                                            1155900300064 
 6.59   -01 2.18   +00                                            1155900300065 
 6.70   -01 2.12   +00                                            1155900300066 
 6.82   -01 2.10   +00                                            1155900300067 
 6.92   -01 2.08   +00                                            1155900300068 
ENDDATA             58          0                                 1155900300069 
ENDSUBENT           68          0                                 1155900399999 
SUBENT        11559004   19830412                             00001155900400001 
BIB                  1          1                                 1155900400002 
REACTION   (79-AU-197(N,TOT),,SIG)                                1155900400003 
ENDBIB               1          0                                 1155900400004 
NOCOMMON             0          0                                 1155900400005 
DATA                 3         84                                 1155900400006 
EN         EN-RSL     DATA                                        1155900400007 
MEV        MEV        B                                           1155900400008 
 9.8    -02 4.5    -02 1.065  +01                                 1155900400009 
 1.25   -01 4.5    -02 9.95   +00                                 1155900400010 
 1.30   -01 4.5    -02 1.025  +01                                 1155900400011 
 1.45   -01 4.5    -02 9.50   +00                                 1155900400012 
 1.55   -01 4.5    -02 8.85   +00                                 1155900400013 
 1.70   -01 4.5    -02 9.30   +00                                 1155900400014 
 1.80   -01 4.5    -02 9.00   +00                                 1155900400015 
 1.88   -01 4.5    -02 8.80   +00                                 1155900400016 
 2.00   -01 4.5    -02 9.45   +00                                 1155900400017 
 2.00   -01 4.5    -02 9.93   +00                                 1155900400018 
 2.14   -01 4.5    -02 8.35   +00                                 1155900400019 
 2.22   -01 4.5    -02 9.00   +00                                 1155900400020 
 2.30   -01 4.5    -02 8.85   +00                                 1155900400021 
 2.42   -01 4.5    -02 9.30   +00                                 1155900400022 
 2.45   -01 4.5    -02 8.20   +00                                 1155900400023 
 2.45   -01 4.5    -02 8.80   +00                                 1155900400024 
 2.48   -01 4.5    -02 7.35   +00                                 1155900400025 
 2.56   -01 4.5    -02 8.60   +00                                 1155900400026 
 2.56   -01 4.5    -02 8.50   +00                                 1155900400027 
 2.58   -01 4.5    -02 9.55   +00                                 1155900400028 
 2.58   -01 4.5    -02 7.30   +00                                 1155900400029 
 2.58   -01 4.5    -02 8.30   +00                                 1155900400030 
 2.68   -01 4.5    -02 8.00   +00                                 1155900400031 
 2.70   -01 4.5    -02 8.45   +00                                 1155900400032 
 2.70   -01 4.5    -02 9.25   +00                                 1155900400033 
 2.73   -01 4.5    -02 7.25   +00                                 1155900400034 
 2.82   -01 4.5    -02 8.20   +00                                 1155900400035 
 2.82   -01 4.5    -02 8.80   +00                                 1155900400036 
 2.86   -01 4.5    -02 9.20   +00                                 1155900400037 
 2.86   -01 4.5    -02 7.70   +00                                 1155900400038 
 2.87   -01 4.5    -02 8.15   +00                                 1155900400039 
 2.88   -01 4.5    -02 8.45   +00                                 1155900400040 
 2.95   -01 4.5    -02 7.85   +00                                 1155900400041 
 2.98   -01 4.5    -02 8.05   +00                                 1155900400042 
 2.98   -01 4.5    -02 8.15   +00                                 1155900400043 
 3.00   -01 4.5    -02 9.05   +00                                 1155900400044 
 3.04   -01 4.5    -02 8.60   +00                                 1155900400045 
 3.12   -01 4.5    -02 8.90   +00                                 1155900400046 
 3.13   -01 4.5    -02 8.05   +00                                 1155900400047 
 3.15   -01 4.5    -02 8.60   +00                                 1155900400048 
 3.16   -01 4.5    -02 9.35   +00                                 1155900400049 
 3.24   -01 4.5    -02 7.40   +00                                 1155900400050 
 3.24   -01 4.5    -02 7.25   +00                                 1155900400051 
 3.26   -01 4.5    -02 8.00   +00                                 1155900400052 
 3.27   -01 4.5    -02 8.50   +00                                 1155900400053 
 3.27   -01 4.5    -02 8.40   +00                                 1155900400054 
 3.32   -01 4.5    -02 6.90   +00                                 1155900400055 
 3.34   -01 4.5    -02 7.80   +00                                 1155900400056 
 3.34   -01 4.5    -02 7.35   +00                                 1155900400057 
 3.52   -01 4.5    -02 8.35   +00                                 1155900400058 
 3.52   -01 4.5    -02 7.45   +00                                 1155900400059 
 3.52   -01 4.5    -02 8.00   +00                                 1155900400060 
 3.52   -01 4.5    -02 8.75   +00                                 1155900400061 
 3.60   -01 4.5    -02 7.05   +00                                 1155900400062 
 3.72   -01 4.5    -02 7.30   +00                                 1155900400063 
 3.75   -01 4.5    -02 8.00   +00                                 1155900400064 
 3.75   -01 4.5    -02 7.75   +00                                 1155900400065 
 3.90   -01 4.5    -02 8.60   +00                                 1155900400066 
 4.00   -01 4.5    -02 7.50   +00                                 1155900400067 
 4.00   -01 4.5    -02 7.65   +00                                 1155900400068 
 4.10   -01 4.5    -02 7.40   +00                                 1155900400069 
 4.22   -01 4.5    -02 8.30   +00                                 1155900400070 
 4.22   -01 4.5    -02 7.35   +00                                 1155900400071 
 4.35   -01 4.5    -02 6.85   +00                                 1155900400072 
 4.48   -01 4.5    -02 7.40   +00                                 1155900400073 
 4.60   -01 4.5    -02 8.05   +00                                 1155900400074 
 4.70   -01 4.5    -02 8.05   +00                                 1155900400075 
 4.85   -01 4.5    -02 7.30   +00                                 1155900400076 
 4.95   -01 4.5    -02 7.30   +00                                 1155900400077 
 5.08   -01 4.5    -02 7.60   +00                                 1155900400078 
 5.18   -01 4.5    -02 6.75   +00                                 1155900400079 
 5.45   -01 4.5    -02 7.35   +00                                 1155900400080 
 5.51   -01 4.5    -02 6.50   +00                                 1155900400081 
 5.63   -01 4.5    -02 6.70   +00                                 1155900400082 
 5.74   -01 4.5    -02 6.50   +00                                 1155900400083 
 5.86   -01 4.5    -02 6.10   +00                                 1155900400084 
 5.98   -01 4.5    -02 6.70   +00                                 1155900400085 
 6.08   -01 4.5    -02 6.25   +00                                 1155900400086 
 6.16   -01 4.5    -02 6.25   +00                                 1155900400087 
 6.29   -01 4.5    -02 6.25   +00                                 1155900400088 
 6.40   -01 4.5    -02 7.15   +00                                 1155900400089 
 6.54   -01 4.5    -02 7.90   +00                                 1155900400090 
 6.76   -01 4.5    -02 5.10   +00                                 1155900400091 
 7.18   -01 4.5    -02 7.00   +00                                 1155900400092 
ENDDATA             86          0                                 1155900400093 
ENDSUBENT           92          0                                 1155900499999 
ENDENTRY             4          0                                 1155999999999 
