ENTRY            11567   19830412                             00001156700000001 
SUBENT        11567001   19830412                             00001156700100001 
BIB                  6          7                                 1156700100002 
INSTITUTE  (1USARIC)                                              1156700100003 
REFERENCE  (J,PR,101,247,56)                                      1156700100004 
AUTHOR     (J.B.MARION,R.M.BRUGGER,R.A.CHAPMAN)                   1156700100005 
TITLE      CROSS SECTION FOR THE SI28(N,P)AL28 REACTION.          1156700100006 
STATUS     (SCSRS)                                                1156700100007 
HISTORY    (760715T) TRANSLATED FROM SCISRS                       1156700100008 
           (830412A) CONVERTED TO REACTION FORMALISM              1156700100009 
ENDBIB               7          0                                 1156700100010 
NOCOMMON             0          0                                 1156700100011 
ENDSUBENT           10          0                                 1156700199999 
SUBENT        11567002   19830412                             00001156700200001 
BIB                  3          4                                 1156700200002 
REACTION   (14-SI-28(N,P)13-AL-28,,SIG)                           1156700200003 
METHOD     (ACTIV)    ACTIVATION                                  1156700200004 
MONITOR    (14-SI-28(N,P)13-AL-28,,SIG)                           1156700200005 
            NORMALIZED AT 7.0MEV.                                 1156700200006 
ENDBIB               4          0                                 1156700200007 
COMMON               2          3                                 1156700200008 
EN-RSL     DATA-ERR                                               1156700200009 
KEV        PER-CENT                                               1156700200010 
 100.       50.                                                   1156700200011 
ENDCOMMON            3          0                                 1156700200012 
DATA                 2         39                                 1156700200013 
EN         DATA                                                   1156700200014 
MEV        B                                                      1156700200015 
 4.40   +00 1.     -03                                            1156700200016 
 4.51   +00 2.     -03                                            1156700200017 
 4.64   +00 5.     -03                                            1156700200018 
 4.75   +00 8.     -03                                            1156700200019 
 4.85   +00 1.1    -02                                            1156700200020 
 5.01   +00 2.0    -02                                            1156700200021 
 5.16   +00 2.9    -02                                            1156700200022 
 5.24   +00 2.5    -02                                            1156700200023 
 5.40   +00 4.2    -02                                            1156700200024 
 5.52   +00 6.2    -02                                            1156700200025 
 5.59   +00 9.0    -02                                            1156700200026 
 5.65   +00 9.0    -02                                            1156700200027 
 5.72   +00 8.0    -02                                            1156700200028 
 5.78   +00 8.5    -02                                            1156700200029 
 5.90   +00 1.05   -01                                            1156700200030 
 5.99   +00 1.09   -01                                            1156700200031 
 6.10   +00 1.25   -01                                            1156700200032 
 6.18   +00 1.25   -01                                            1156700200033 
 6.27   +00 1.60   -01                                            1156700200034 
 6.37   +00 2.00   -01                                            1156700200035 
 6.47   +00 2.80   -01                                            1156700200036 
 6.50   +00 2.90   -01                                            1156700200037 
 6.55   +00 2.52   -01                                            1156700200038 
 6.60   +00 2.45   -01                                            1156700200039 
 6.65   +00 2.50   -01                                            1156700200040 
 6.72   +00 3.05   -01                                            1156700200041 
 6.80   +00 3.50   -01                                            1156700200042 
 6.85   +00 3.25   -01                                            1156700200043 
 6.94   +00 3.04   -01                                            1156700200044 
 7.00   +00 3.00   -01                                            1156700200045 
 7.08   +00 3.10   -01                                            1156700200046 
 7.20   +00 3.30   -01                                            1156700200047 
 7.35   +00 3.70   -01                                            1156700200048 
 7.47   +00 3.80   -01                                            1156700200049 
 7.58   +00 3.69   -01                                            1156700200050 
 7.68   +00 3.50   -01                                            1156700200051 
 7.80   +00 3.50   -01                                            1156700200052 
 7.95   +00 3.80   -01                                            1156700200053 
 8.09   +00 4.09   -01                                            1156700200054 
ENDDATA             41          0                                 1156700200055 
ENDSUBENT           54          0                                 1156700299999 
SUBENT        11567003   19830412                             00001156700300001 
BIB                  1          2                                 1156700300002 
REACTION  1(14-SI-28(N,0),,EN)                                    1156700300003 
          2(14-SI-28(N,P),,WID)                                   1156700300004 
ENDBIB               2          0                                 1156700300005 
NOCOMMON             0          0                                 1156700300006 
DATA                 4          4                                 1156700300007 
DATA      1DATA-ERR  1DATA-APRX 2DATA-MAX  2                      1156700300008 
MEV        MEV        MEV        MEV                              1156700300009 
 5.62       0.05                  0.1                             1156700300010 
 6.51       0.05                  0.1                             1156700300011 
 6.81       0.05                  0.1                             1156700300012 
 7.45       0.10       0.3                                        1156700300013 
ENDDATA              6          0                                 1156700300014 
ENDSUBENT           13          0                                 1156700399999 
ENDENTRY             3          0                                 1156799999999 
