ENTRY            11569   19840621                             00001156900000001 
SUBENT        11569001   19840621                             00001156900100001 
BIB                  8         12                                 1156900100002 
INSTITUTE  (1USADKE)                                              1156900100003 
REFERENCE  (J,PR,105,198,57)                                      1156900100004 
AUTHOR     (H.W.NEWSON,J.H.GIBBONS,H.MARSHAK,R.M.WILLIAMSON,      1156900100005 
           R.C.MOBLEY,J.R.PATTERSON,P.F.NICHOLS)                  1156900100006 
TITLE      NEUTRON RESONANCES IN THE KEV REGION- HEAVIER ODD      1156900100007 
           ELEMENTS.                                              1156900100008 
INC-SOURCE (P-LI7) LI-7(P,N) SOURCE                               1156900100009 
DETECTOR   (PROPC) BF(3) PROPORTIONAL COUNTER                     1156900100010 
STATUS     (SCSRS)                                                1156900100011 
HISTORY    (760715T) TRANSLATED FROM SCISRS                       1156900100012 
           (830412A) CONVERTED TO REACTION FORMALISM              1156900100013 
           (840621A) BIB CORRECTIONS.                             1156900100014 
ENDBIB              12          0                                 1156900100015 
NOCOMMON             0          0                                 1156900100016 
ENDSUBENT           15          0                                 1156900199999 
SUBENT        11569002   19840621                             00001156900200001 
BIB                  3          3                                 1156900200002 
REACTION   (17-CL-0(N,TOT),,SIG)                                  1156900200003 
SAMPLE     SAMPLE THICKNESSES 5.69E+22 AND 1.42E+22 ATOMS/CM2.    1156900200004 
STATUS     (CURVE) DATA REC'S ON LARGE GRAPHS, MARSHAK, 56/7.     1156900200005 
ENDBIB               3          0                                 1156900200006 
NOCOMMON             0          0                                 1156900200007 
DATA                 2         76                                 1156900200008 
EN         DATA                                                   1156900200009 
MEV        B                                                      1156900200010 
 7.0    -03 2.8    +00                                            1156900200011 
 7.5    -03 3.8    +00                                            1156900200012 
 8.0    -03 4.2    +00                                            1156900200013 
 9.0    -03 3.0    +00                                            1156900200014 
 1.00   -02 2.0    +00                                            1156900200015 
 1.00   -02 3.5    +00                                            1156900200016 
 1.15   -02 2.0    +00                                            1156900200017 
 1.20   -02 2.2    +00                                            1156900200018 
 1.30   -02 2.85   +00                                            1156900200019 
 1.45   -02 2.7    +00                                            1156900200020 
 1.60   -02 2.3    +00                                            1156900200021 
 1.70   -02 2.9    +00                                            1156900200022 
 1.75   -02 3.15   +00                                            1156900200023 
 1.80   -02 1.9    +00                                            1156900200024 
 1.90   -02 2.6    +00                                            1156900200025 
 2.20   -02 1.8    +00                                            1156900200026 
 2.30   -02 2.8    +00                                            1156900200027 
 2.40   -02 5.1    +00                                            1156900200028 
 2.50   -02 7.7    +00                                            1156900200029 
 2.50   -02 6.2    +00                                            1156900200030 
 2.55   -02 6.4    +00                                            1156900200031 
 2.60   -02 6.45   +00                                            1156900200032 
 2.65   -02 1.28   +01                                            1156900200033 
 2.65   -02 8.4    +00                                            1156900200034 
 2.75   -02 9.6    +00                                            1156900200035 
 2.85   -02 6.7    +00                                            1156900200036 
 2.90   -02 3.9    +00                                            1156900200037 
 3.00   -02 3.1    +00                                            1156900200038 
 3.40   -02 2.5    +00                                            1156900200039 
 3.65   -02 2.3    +00                                            1156900200040 
 3.85   -02 2.0    +00                                            1156900200041 
 4.05   -02 1.8    +00                                            1156900200042 
 4.30   -02 2.2    +00                                            1156900200043 
 4.50   -02 3.2    +00                                            1156900200044 
 4.70   -02 3.4    +00                                            1156900200045 
 4.90   -02 2.9    +00                                            1156900200046 
 5.10   -02 2.7    +00                                            1156900200047 
 5.30   -02 2.2    +00                                            1156900200048 
 5.50   -02 2.5    +00                                            1156900200049 
 5.95   -02 3.15   +00                                            1156900200050 
 6.20   -02 2.35   +00                                            1156900200051 
 6.35   -02 2.9    +00                                            1156900200052 
 6.60   -02 2.4    +00                                            1156900200053 
 6.80   -02 2.9    +00                                            1156900200054 
 7.00   -02 3.2    +00                                            1156900200055 
 7.20   -02 3.0    +00                                            1156900200056 
 7.40   -02 2.4    +00                                            1156900200057 
 7.70   -02 1.5    +00                                            1156900200058 
 7.90   -02 2.5    +00                                            1156900200059 
 8.10   -02 2.1    +00                                            1156900200060 
 8.35   -02 2.3    +00                                            1156900200061 
 8.60   -02 2.0    +00                                            1156900200062 
 8.70   -02 1.8    +00                                            1156900200063 
 8.80   -02 1.65   +00                                            1156900200064 
 9.05   -02 2.3    +00                                            1156900200065 
 9.30   -02 1.9    +00                                            1156900200066 
 9.60   -02 2.05   +00                                            1156900200067 
 1.02   -01 1.8    +00                                            1156900200068 
 1.045  -01 1.6    +00                                            1156900200069 
 1.07   -01 2.5    +00                                            1156900200070 
 1.13   -01 1.3    +00                                            1156900200071 
 1.16   -01 2.8    +00                                            1156900200072 
 1.22   -01 1.7    +00                                            1156900200073 
 1.28   -01 1.1    +00                                            1156900200074 
 1.33   -01 2.1    +00                                            1156900200075 
 1.36   -01 2.05   +00                                            1156900200076 
 1.39   -01 3.4    +00                                            1156900200077 
 1.44   -01 2.5    +00                                            1156900200078 
 1.53   -01 1.8    +00                                            1156900200079 
 1.62   -01 1.7    +00                                            1156900200080 
 1.71   -01 1.5    +00                                            1156900200081 
 1.76   -01 1.25   +00                                            1156900200082 
 1.805  -01 7.     -01                                            1156900200083 
 1.86   -01 4.3    +00                                            1156900200084 
 1.90   -01 3.7    +00                                            1156900200085 
 1.94   -01 2.5    +00                                            1156900200086 
ENDDATA             78          0                                 1156900200087 
ENDSUBENT           86          0                                 1156900299999 
SUBENT        11569003   19840621                             00001156900300001 
BIB                  3          3                                 1156900300002 
REACTION   (21-SC-45(N,TOT),,SIG)                                 1156900300003 
SAMPLE     SAMPLE THICKNESS 1.8E+22 ATOMS/CM2.                    1156900300004 
STATUS     (CURVE) DATA REC'S ON LARGE GRAPHS, MARSHAK, 56/7.     1156900300005 
ENDBIB               3          0                                 1156900300006 
NOCOMMON             0          0                                 1156900300007 
DATA                 2         11                                 1156900300008 
EN         DATA                                                   1156900300009 
MEV        B                                                      1156900300010 
 5.5    -03 1.275  +01                                            1156900300011 
 6.5    -03 9.15   +00                                            1156900300012 
 7.5    -03 8.2    +00                                            1156900300013 
 8.5    -03 1.01   +01                                            1156900300014 
 9.0    -03 1.30   +01                                            1156900300015 
 1.00   -02 1.18   +01                                            1156900300016 
 1.10   -02 7.55   +00                                            1156900300017 
 1.20   -02 9.25   +00                                            1156900300018 
 1.30   -02 8.45   +00                                            1156900300019 
 1.30   -02 1.030  +01                                            1156900300020 
 1.40   -02 5.6    +00                                            1156900300021 
ENDDATA             13          0                                 1156900300022 
ENDSUBENT           21          0                                 1156900399999 
SUBENT        11569004   19840621                             00001156900400001 
BIB                  3          3                                 1156900400002 
REACTION   (29-CU-0(N,TOT),,SIG)                                  1156900400003 
SAMPLE     SAMPLE THICKNESS 5.2E+22 ATOMS/CM2.                    1156900400004 
STATUS     (CURVE) DATA REC'S ON LARGE GRAPHS, MARSHAK, 56/7.     1156900400005 
ENDBIB               3          0                                 1156900400006 
NOCOMMON             0          0                                 1156900400007 
DATA                 2        112                                 1156900400008 
EN         DATA                                                   1156900400009 
MEV        B                                                      1156900400010 
 1.3    -03 6.7    +00                                            1156900400011 
 1.7    -03 4.8    +00                                            1156900400012 
 1.8    -03 6.6    +00                                            1156900400013 
 2.0    -03 6.6    +00                                            1156900400014 
 2.3    -03 9.4    +00                                            1156900400015 
 2.7    -03 9.6    +00                                            1156900400016 
 2.8    -03 1.02   +01                                            1156900400017 
 3.0    -03 9.2    +00                                            1156900400018 
 3.3    -03 8.5    +00                                            1156900400019 
 3.7    -03 7.5    +00                                            1156900400020 
 3.9    -03 6.7    +00                                            1156900400021 
 4.2    -03 6.4    +00                                            1156900400022 
 4.6    -03 6.3    +00                                            1156900400023 
 4.8    -03 8.0    +00                                            1156900400024 
 5.0    -03 7.1    +00                                            1156900400025 
 5.5    -03 8.7    +00                                            1156900400026 
 5.7    -03 1.02   +01                                            1156900400027 
 6.2    -03 9.2    +00                                            1156900400028 
 6.3    -03 7.7    +00                                            1156900400029 
 6.7    -03 7.5    +00                                            1156900400030 
 7.0    -03 6.1    +00                                            1156900400031 
 7.3    -03 5.1    +00                                            1156900400032 
 7.8    -03 7.8    +00                                            1156900400033 
 8.2    -03 1.19   +01                                            1156900400034 
 8.3    -03 1.09   +01                                            1156900400035 
 8.6    -03 9.6    +00                                            1156900400036 
 8.8    -03 8.3    +00                                            1156900400037 
 9.3    -03 8.3    +00                                            1156900400038 
 9.7    -03 9.1    +00                                            1156900400039 
 1.02   -02 1.13   +01                                            1156900400040 
 1.03   -02 9.8    +00                                            1156900400041 
 1.10   -02 1.08   +01                                            1156900400042 
 1.13   -02 1.00   +01                                            1156900400043 
 1.13   -02 1.05   +01                                            1156900400044 
 1.15   -02 9.6    +00                                            1156900400045 
 1.18   -02 7.4    +00                                            1156900400046 
 1.20   -02 8.6    +00                                            1156900400047 
 1.23   -02 7.2    +00                                            1156900400048 
 1.23   -02 6.3    +00                                            1156900400049 
 1.28   -02 6.8    +00                                            1156900400050 
 1.28   -02 6.0    +00                                            1156900400051 
 1.30   -02 5.9    +00                                            1156900400052 
 1.32   -02 5.5    +00                                            1156900400053 
 1.32   -02 1.00   +01                                            1156900400054 
 1.37   -02 7.0    +00                                            1156900400055 
 1.40   -02 1.01   +01                                            1156900400056 
 1.42   -02 1.13   +01                                            1156900400057 
 1.43   -02 9.3    +00                                            1156900400058 
 1.48   -02 8.6    +00                                            1156900400059 
 1.53   -02 8.6    +00                                            1156900400060 
 1.58   -02 8.1    +00                                            1156900400061 
 1.58   -02 6.9    +00                                            1156900400062 
 1.62   -02 6.9    +00                                            1156900400063 
 1.64   -02 7.1    +00                                            1156900400064 
 1.68   -02 7.1    +00                                            1156900400065 
 1.70   -02 6.7    +00                                            1156900400066 
 1.73   -02 6.4    +00                                            1156900400067 
 1.78   -02 6.9    +00                                            1156900400068 
 1.80   -02 9.3    +00                                            1156900400069 
 1.82   -02 1.12   +01                                            1156900400070 
 1.85   -02 1.12   +01                                            1156900400071 
 1.90   -02 9.5    +00                                            1156900400072 
 1.94   -02 8.7    +00                                            1156900400073 
 1.95   -02 7.6    +00                                            1156900400074 
 1.98   -02 8.0    +00                                            1156900400075 
 2.03   -02 7.1    +00                                            1156900400076 
 2.07   -02 7.4    +00                                            1156900400077 
 2.08   -02 9.0    +00                                            1156900400078 
 2.12   -02 8.6    +00                                            1156900400079 
 2.15   -02 8.3    +00                                            1156900400080 
 2.20   -02 7.7    +00                                            1156900400081 
 2.20   -02 7.1    +00                                            1156900400082 
 2.25   -02 7.7    +00                                            1156900400083 
 2.29   -02 7.9    +00                                            1156900400084 
 2.33   -02 7.1    +00                                            1156900400085 
 2.35   -02 7.4    +00                                            1156900400086 
 2.38   -02 6.6    +00                                            1156900400087 
 2.43   -02 7.3    +00                                            1156900400088 
 2.47   -02 8.4    +00                                            1156900400089 
 2.50   -02 8.2    +00                                            1156900400090 
 2.52   -02 1.02   +01                                            1156900400091 
 2.57   -02 1.13   +01                                            1156900400092 
 2.63   -02 1.15   +01                                            1156900400093 
 2.67   -02 1.01   +01                                            1156900400094 
 2.72   -02 8.6    +00                                            1156900400095 
 2.78   -02 7.5    +00                                            1156900400096 
 2.82   -02 6.4    +00                                            1156900400097 
 2.92   -02 8.0    +00                                            1156900400098 
 3.02   -02 8.8    +00                                            1156900400099 
 3.10   -02 8.1    +00                                            1156900400100 
 3.20   -02 6.3    +00                                            1156900400101 
 3.30   -02 7.2    +00                                            1156900400102 
 3.40   -02 8.5    +00                                            1156900400103 
 3.42   -02 8.2    +00                                            1156900400104 
 3.50   -02 7.5    +00                                            1156900400105 
 3.60   -02 8.2    +00                                            1156900400106 
 3.68   -02 7.7    +00                                            1156900400107 
 3.78   -02 6.8    +00                                            1156900400108 
 3.90   -02 6.3    +00                                            1156900400109 
 3.99   -02 6.4    +00                                            1156900400110 
 4.08   -02 5.4    +00                                            1156900400111 
 4.18   -02 8.3    +00                                            1156900400112 
 4.30   -02 9.2    +00                                            1156900400113 
 4.39   -02 8.1    +00                                            1156900400114 
 4.50   -02 6.6    +00                                            1156900400115 
 4.60   -02 5.6    +00                                            1156900400116 
 4.68   -02 4.9    +00                                            1156900400117 
 4.80   -02 5.2    +00                                            1156900400118 
 4.90   -02 4.4    +00                                            1156900400119 
 5.00   -02 4.7    +00                                            1156900400120 
 5.12   -02 4.9    +00                                            1156900400121 
 5.20   -02 4.3    +00                                            1156900400122 
ENDDATA            114          0                                 1156900400123 
ENDSUBENT          122          0                                 1156900499999 
SUBENT        11569005   19840621                             00001156900500001 
BIB                  3          3                                 1156900500002 
REACTION   (31-GA-0(N,TOT),,SIG)                                  1156900500003 
SAMPLE     SAMPLE THICKNESS 4.5E+22 ATOMS/CM2.                    1156900500004 
STATUS     (CURVE) DATA REC'S ON LARGE GRAPHS, MARSHAK, 56/7.     1156900500005 
ENDBIB               3          0                                 1156900500006 
NOCOMMON             0          0                                 1156900500007 
DATA                 2         51                                 1156900500008 
EN         DATA                                                   1156900500009 
MEV        B                                                      1156900500010 
 4.3    -03 7.3    +00                                            1156900500011 
 4.7    -03 8.9    +00                                            1156900500012 
 5.2    -03 1.04   +01                                            1156900500013 
 6.0    -03 9.6    +00                                            1156900500014 
 6.3    -03 9.2    +00                                            1156900500015 
 6.5    -03 7.9    +00                                            1156900500016 
 7.3    -03 6.5    +00                                            1156900500017 
 7.4    -03 6.1    +00                                            1156900500018 
 8.5    -03 8.1    +00                                            1156900500019 
 9.7    -03 6.1    +00                                            1156900500020 
 1.05   -02 6.0    +00                                            1156900500021 
 1.13   -02 6.8    +00                                            1156900500022 
 1.22   -02 7.6    +00                                            1156900500023 
 1.30   -02 7.5    +00                                            1156900500024 
 1.35   -02 7.4    +00                                            1156900500025 
 1.38   -02 6.9    +00                                            1156900500026 
 1.45   -02 7.5    +00                                            1156900500027 
 1.55   -02 6.6    +00                                            1156900500028 
 1.65   -02 7.3    +00                                            1156900500029 
 1.70   -02 7.3    +00                                            1156900500030 
 1.82   -02 6.7    +00                                            1156900500031 
 1.95   -02 5.3    +00                                            1156900500032 
 2.18   -02 6.2    +00                                            1156900500033 
 2.32   -02 7.6    +00                                            1156900500034 
 2.48   -02 7.3    +00                                            1156900500035 
 2.59   -02 6.3    +00                                            1156900500036 
 2.95   -02 4.3    +00                                            1156900500037 
 3.04   -02 4.6    +00                                            1156900500038 
 3.15   -02 7.2    +00                                            1156900500039 
 3.25   -02 6.3    +00                                            1156900500040 
 3.35   -02 7.4    +00                                            1156900500041 
 3.45   -02 7.4    +00                                            1156900500042 
 3.55   -02 6.6    +00                                            1156900500043 
 3.65   -02 5.9    +00                                            1156900500044 
 3.75   -02 5.6    +00                                            1156900500045 
 3.87   -02 6.2    +00                                            1156900500046 
 3.95   -02 7.9    +00                                            1156900500047 
 4.05   -02 7.2    +00                                            1156900500048 
 4.15   -02 6.7    +00                                            1156900500049 
 4.25   -02 5.6    +00                                            1156900500050 
 4.35   -02 5.0    +00                                            1156900500051 
 4.47   -02 5.0    +00                                            1156900500052 
 4.58   -02 6.2    +00                                            1156900500053 
 4.68   -02 5.2    +00                                            1156900500054 
 4.78   -02 4.6    +00                                            1156900500055 
 4.87   -02 5.2    +00                                            1156900500056 
 4.98   -02 5.4    +00                                            1156900500057 
 5.10   -02 6.2    +00                                            1156900500058 
 5.20   -02 7.9    +00                                            1156900500059 
 5.30   -02 6.8    +00                                            1156900500060 
 5.40   -02 6.5    +00                                            1156900500061 
ENDDATA             53          0                                 1156900500062 
ENDSUBENT           61          0                                 1156900599999 
SUBENT        11569006   19840621                             00001156900600001 
BIB                  3          3                                 1156900600002 
REACTION   (37-RB-0(N,TOT),,SIG)                                  1156900600003 
SAMPLE     SAMPLE THICKNESS 2.64E+22 ATOMS/CM2.                   1156900600004 
STATUS     (CURVE) DATA REC'S ON LARGE GRAPHS, MARSHAK, 56/7.     1156900600005 
ENDBIB               3          0                                 1156900600006 
NOCOMMON             0          0                                 1156900600007 
DATA                 2         51                                 1156900600008 
EN         DATA                                                   1156900600009 
MEV        B                                                      1156900600010 
 4.75   -03 8.9    +00                                            1156900600011 
 5.05   -03 1.19   +01                                            1156900600012 
 5.45   -03 1.39   +01                                            1156900600013 
 5.75   -03 1.06   +01                                            1156900600014 
 6.10   -03 1.10   +01                                            1156900600015 
 6.45   -03 1.23   +01                                            1156900600016 
 6.70   -03 8.65   +00                                            1156900600017 
 7.15   -03 1.005  +01                                            1156900600018 
 7.55   -03 8.6    +00                                            1156900600019 
 7.85   -03 8.6    +00                                            1156900600020 
 8.20   -03 8.25   +00                                            1156900600021 
 8.55   -03 1.085  +01                                            1156900600022 
 8.90   -03 1.135  +01                                            1156900600023 
 9.25   -03 1.185  +01                                            1156900600024 
 9.65   -03 1.31   +01                                            1156900600025 
 1.005  -02 1.345  +01                                            1156900600026 
 1.040  -02 1.19   +01                                            1156900600027 
 1.075  -02 9.5    +00                                            1156900600028 
 1.115  -02 1.03   +01                                            1156900600029 
 1.160  -02 1.01   +01                                            1156900600030 
 1.20   -02 8.1    +00                                            1156900600031 
 1.235  -02 8.2    +00                                            1156900600032 
 1.285  -02 1.03   +01                                            1156900600033 
 1.315  -02 8.9    +00                                            1156900600034 
 1.355  -02 7.45   +00                                            1156900600035 
 1.40   -02 9.0    +00                                            1156900600036 
 1.44   -02 8.4    +00                                            1156900600037 
 1.48   -02 8.6    +00                                            1156900600038 
 1.52   -02 7.75   +00                                            1156900600039 
 1.575  -02 6.5    +00                                            1156900600040 
 1.61   -02 7.5    +00                                            1156900600041 
 1.65   -02 6.7    +00                                            1156900600042 
 1.685  -02 7.1    +00                                            1156900600043 
 1.735  -02 7.45   +00                                            1156900600044 
 1.775  -02 6.9    +00                                            1156900600045 
 1.815  -02 8.85   +00                                            1156900600046 
 1.855  -02 7.65   +00                                            1156900600047 
 1.91   -02 7.2    +00                                            1156900600048 
 1.95   -02 6.35   +00                                            1156900600049 
 1.99   -02 4.4    +00                                            1156900600050 
 2.04   -02 9.0    +00                                            1156900600051 
 2.075  -02 8.15   +00                                            1156900600052 
 2.115  -02 7.15   +00                                            1156900600053 
 2.16   -02 7.15   +00                                            1156900600054 
 2.20   -02 7.4    +00                                            1156900600055 
 2.25   -02 8.05   +00                                            1156900600056 
 2.29   -02 4.6    +00                                            1156900600057 
 2.34   -02 6.9    +00                                            1156900600058 
 2.39   -02 8.05   +00                                            1156900600059 
 2.43   -02 7.8    +00                                            1156900600060 
 2.48   -02 8.2    +00                                            1156900600061 
ENDDATA             53          0                                 1156900600062 
ENDSUBENT           61          0                                 1156900699999 
SUBENT        11569007   19840621                             00001156900700001 
BIB                  3          3                                 1156900700002 
REACTION   (39-Y-89(N,TOT),,SIG)                                  1156900700003 
SAMPLE     SAMPLE THICKNESS 3.0 AND 3.35E+22 ATOMS/CM2.           1156900700004 
STATUS     (CURVE) DATA REC'S ON LARGE GRAPHS, MARSHAK, 56/7.     1156900700005 
ENDBIB               3          0                                 1156900700006 
NOCOMMON             0          0                                 1156900700007 
DATA                 2         34                                 1156900700008 
EN         DATA                                                   1156900700009 
MEV        B                                                      1156900700010 
 7.00   -04 5.20   +00                                            1156900700011 
 9.00   -04 4.85   +00                                            1156900700012 
 1.20   -03 5.60   +00                                            1156900700013 
 1.40   -03 5.50   +00                                            1156900700014 
 1.60   -03 4.90   +00                                            1156900700015 
 1.90   -03 5.80   +00                                            1156900700016 
 1.95   -03 6.00   +00                                            1156900700017 
 2.10   -03 5.00   +00                                            1156900700018 
 2.30   -03 5.40   +00                                            1156900700019 
 2.40   -03 5.85   +00                                            1156900700020 
 2.60   -03 5.15   +00                                            1156900700021 
 2.90   -03 5.00   +00                                            1156900700022 
 3.00   -03 6.15   +00                                            1156900700023 
 3.20   -03 5.10   +00                                            1156900700024 
 3.30   -03 6.70   +00                                            1156900700025 
 3.50   -03 7.10   +00                                            1156900700026 
 3.65   -03 6.30   +00                                            1156900700027 
 3.80   -03 6.60   +00                                            1156900700028 
 3.95   -03 5.90   +00                                            1156900700029 
 4.30   -03 4.35   +00                                            1156900700030 
 4.60   -03 4.60   +00                                            1156900700031 
 4.95   -03 5.60   +00                                            1156900700032 
 5.30   -03 5.80   +00                                            1156900700033 
 5.60   -03 6.30   +00                                            1156900700034 
 5.95   -03 4.90   +00                                            1156900700035 
 6.35   -03 5.30   +00                                            1156900700036 
 6.60   -03 4.90   +00                                            1156900700037 
 7.00   -03 6.50   +00                                            1156900700038 
 7.25   -03 7.90   +00                                            1156900700039 
 7.70   -03 7.20   +00                                            1156900700040 
 8.05   -03 8.05   +00                                            1156900700041 
 8.30   -03 8.30   +00                                            1156900700042 
 8.70   -03 6.60   +00                                            1156900700043 
 9.05   -03 6.95   +00                                            1156900700044 
ENDDATA             36          0                                 1156900700045 
ENDSUBENT           44          0                                 1156900799999 
SUBENT        11569008   19840621                             00001156900800001 
BIB                  3          3                                 1156900800002 
REACTION   (39-Y-89(N,TOT),,SIG)                                  1156900800003 
SAMPLE     SAMPLE THICKNESS 3.35*10**22ATOMS/CM2.                 1156900800004 
STATUS     (CURVE) DATA REC'S ON LARGE GRAPHS, MARSHAK, 56/7.     1156900800005 
ENDBIB               3          0                                 1156900800006 
NOCOMMON             0          0                                 1156900800007 
DATA                 2        117                                 1156900800008 
EN         DATA                                                   1156900800009 
MEV        B                                                      1156900800010 
 6.5    -03 4.8    +00                                            1156900800011 
 7.0    -03 6.0    +00                                            1156900800012 
 7.25   -03 6.6    +00                                            1156900800013 
 7.5    -03 7.05   +00                                            1156900800014 
 8.0    -03 8.35   +00                                            1156900800015 
 8.25   -03 7.85   +00                                            1156900800016 
 8.75   -03 8.1    +00                                            1156900800017 
 9.0    -03 6.9    +00                                            1156900800018 
 9.75   -03 6.15   +00                                            1156900800019 
 1.025  -02 7.0    +00                                            1156900800020 
 1.075  -02 6.2    +00                                            1156900800021 
 1.15   -02 6.85   +00                                            1156900800022 
 1.20   -02 8.2    +00                                            1156900800023 
 1.225  -02 8.2    +00                                            1156900800024 
 1.25   -02 8.4    +00                                            1156900800025 
 1.30   -02 7.1    +00                                            1156900800026 
 1.35   -02 7.4    +00                                            1156900800027 
 1.45   -02 5.7    +00                                            1156900800028 
 1.525  -02 6.2    +00                                            1156900800029 
 1.60   -02 7.3    +00                                            1156900800030 
 1.70   -02 7.2    +00                                            1156900800031 
 1.775  -02 7.3    +00                                            1156900800032 
 1.875  -02 6.9    +00                                            1156900800033 
 1.95   -02 5.9    +00                                            1156900800034 
 2.05   -02 6.15   +00                                            1156900800035 
 2.1    -02 6.5    +00                                            1156900800036 
 2.2    -02 5.75   +00                                            1156900800037 
 2.3    -02 7.0    +00                                            1156900800038 
 2.37   -02 8.0    +00                                            1156900800039 
 2.48   -02 8.5    +00                                            1156900800040 
 2.57   -02 7.6    +00                                            1156900800041 
 2.64   -02 7.9    +00                                            1156900800042 
 2.73   -02 7.15   +00                                            1156900800043 
 2.83   -02 6.7    +00                                            1156900800044 
 2.86   -02 7.2    +00                                            1156900800045 
 2.9    -02 7.95   +00                                            1156900800046 
 2.92   -02 9.6    +00                                            1156900800047 
 2.96   -02 9.8    +00                                            1156900800048 
 2.97   -02 1.06   +01                                            1156900800049 
 3.0    -02 1.06   +01                                            1156900800050 
 3.02   -02 9.2    +00                                            1156900800051 
 3.1    -02 9.4    +00                                            1156900800052 
 3.14   -02 8.6    +00                                            1156900800053 
 3.2    -02 8.1    +00                                            1156900800054 
 3.3    -02 7.45   +00                                            1156900800055 
 3.34   -02 7.1    +00                                            1156900800056 
 3.39   -02 8.25   +00                                            1156900800057 
 3.45   -02 8.0    +00                                            1156900800058 
 3.5    -02 8.6    +00                                            1156900800059 
 3.54   -02 8.7    +00                                            1156900800060 
 3.58   -02 8.15   +00                                            1156900800061 
 3.64   -02 7.3    +00                                            1156900800062 
 3.7    -02 8.15   +00                                            1156900800063 
 3.74   -02 7.2    +00                                            1156900800064 
 3.8    -02 6.65   +00                                            1156900800065 
 3.84   -02 7.0    +00                                            1156900800066 
 3.9    -02 6.6    +00                                            1156900800067 
 4.0    -02 6.75   +00                                            1156900800068 
 4.08   -02 5.9    +00                                            1156900800069 
 4.3    -02 6.5    +00                                            1156900800070 
 4.4    -02 6.6    +00                                            1156900800071 
 4.5    -02 6.7    +00                                            1156900800072 
 4.6    -02 5.75   +00                                            1156900800073 
 4.7    -02 5.4    +00                                            1156900800074 
 4.8    -02 5.9    +00                                            1156900800075 
 4.85   -02 5.25   +00                                            1156900800076 
 4.9    -02 5.2    +00                                            1156900800077 
 4.95   -02 5.75   +00                                            1156900800078 
 5.05   -02 5.7    +00                                            1156900800079 
 5.1    -02 5.7    +00                                            1156900800080 
 5.16   -02 6.8    +00                                            1156900800081 
 5.2    -02 7.7    +00                                            1156900800082 
 5.26   -02 8.6    +00                                            1156900800083 
 5.3    -02 8.9    +00                                            1156900800084 
 5.37   -02 9.3    +00                                            1156900800085 
 5.42   -02 9.4    +00                                            1156900800086 
 5.46   -02 9.7    +00                                            1156900800087 
 5.52   -02 9.5    +00                                            1156900800088 
 5.56   -02 9.3    +00                                            1156900800089 
 5.62   -02 9.5    +00                                            1156900800090 
 5.66   -02 9.4    +00                                            1156900800091 
 5.7    -02 8.5    +00                                            1156900800092 
 5.76   -02 8.45   +00                                            1156900800093 
 5.82   -02 7.8    +00                                            1156900800094 
 5.86   -02 7.25   +00                                            1156900800095 
 5.9    -02 7.7    +00                                            1156900800096 
 5.97   -02 7.1    +00                                            1156900800097 
 6.04   -02 6.5    +00                                            1156900800098 
 6.1    -02 8.7    +00                                            1156900800099 
 6.1    -02 7.45   +00                                            1156900800100 
 6.1    -02 8.1    +00                                            1156900800101 
 6.16   -02 9.1    +00                                            1156900800102 
 6.2    -02 9.45   +00                                            1156900800103 
 6.26   -02 1.00   +01                                            1156900800104 
 6.33   -02 8.9    +00                                            1156900800105 
 6.36   -02 9.25   +00                                            1156900800106 
 6.42   -02 9.1    +00                                            1156900800107 
 6.46   -02 8.35   +00                                            1156900800108 
 6.5    -02 8.0    +00                                            1156900800109 
 6.56   -02 8.45   +00                                            1156900800110 
 6.62   -02 7.95   +00                                            1156900800111 
 6.68   -02 7.75   +00                                            1156900800112 
 6.73   -02 8.1    +00                                            1156900800113 
 6.78   -02 9.2    +00                                            1156900800114 
 6.83   -02 9.65   +00                                            1156900800115 
 6.9    -02 9.25   +00                                            1156900800116 
 6.95   -02 9.45   +00                                            1156900800117 
 6.97   -02 9.2    +00                                            1156900800118 
 6.98   -02 8.5    +00                                            1156900800119 
 7.05   -02 8.2    +00                                            1156900800120 
 7.1    -02 8.6    +00                                            1156900800121 
 7.16   -02 7.9    +00                                            1156900800122 
 7.2    -02 8.3    +00                                            1156900800123 
 7.24   -02 7.25   +00                                            1156900800124 
 7.32   -02 7.1    +00                                            1156900800125 
 7.38   -02 6.9    +00                                            1156900800126 
 7.42   -02 7.95   +00                                            1156900800127 
ENDDATA            119          0                                 1156900800128 
ENDSUBENT          127          0                                 1156900899999 
SUBENT        11569009   19840621                             00001156900900001 
BIB                  3          3                                 1156900900002 
REACTION   (41-NB-93(N,TOT),,SIG)                                 1156900900003 
SAMPLE     SAMPLE THICKNESS 9.22*10**22ATOMS/CM2.                 1156900900004 
STATUS     (CURVE) DATA REC'S ON LARGE GRAPHS, MARSHAK, 56/7.     1156900900005 
ENDBIB               3          0                                 1156900900006 
NOCOMMON             0          0                                 1156900900007 
DATA                 2         30                                 1156900900008 
EN         DATA                                                   1156900900009 
MEV        B                                                      1156900900010 
 4.50   -04 7.25   +00                                            1156900900011 
 6.00   -04 6.25   +00                                            1156900900012 
 7.50   -04 6.50   +00                                            1156900900013 
 9.50   -04 6.00   +00                                            1156900900014 
 1.20   -03 7.00   +00                                            1156900900015 
 1.40   -03 6.50   +00                                            1156900900016 
 1.60   -03 7.25   +00                                            1156900900017 
 1.80   -03 7.25   +00                                            1156900900018 
 2.05   -03 7.00   +00                                            1156900900019 
 2.25   -03 6.75   +00                                            1156900900020 
 2.60   -03 7.00   +00                                            1156900900021 
 3.15   -03 7.25   +00                                            1156900900022 
 3.70   -03 7.00   +00                                            1156900900023 
 4.30   -03 6.80   +00                                            1156900900024 
 4.60   -03 7.25   +00                                            1156900900025 
 5.25   -03 7.00   +00                                            1156900900026 
 5.50   -03 6.75   +00                                            1156900900027 
 5.90   -03 7.20   +00                                            1156900900028 
 6.25   -03 7.00   +00                                            1156900900029 
 6.60   -03 6.90   +00                                            1156900900030 
 6.95   -03 7.25   +00                                            1156900900031 
 7.35   -03 7.50   +00                                            1156900900032 
 7.65   -03 7.00   +00                                            1156900900033 
 8.05   -03 7.00   +00                                            1156900900034 
 8.40   -03 7.00   +00                                            1156900900035 
 8.75   -03 6.90   +00                                            1156900900036 
 9.15   -03 7.50   +00                                            1156900900037 
 9.55   -03 7.75   +00                                            1156900900038 
 9.90   -03 7.50   +00                                            1156900900039 
 1.025  -02 7.75   +00                                            1156900900040 
ENDDATA             32          0                                 1156900900041 
ENDSUBENT           40          0                                 1156900999999 
SUBENT        11569010   19840621                             00001156901000001 
BIB                  3          3                                 1156901000002 
REACTION   (47-AG-0(N,TOT),,SIG)                                  1156901000003 
SAMPLE     SAMPLE THICKNESS 12.0*10**22ATOMS/CM2.                 1156901000004 
STATUS     (CURVE) DATA REC'S ON LARGE GRAPHS, MARSHAK, 56/7.     1156901000005 
ENDBIB               3          0                                 1156901000006 
NOCOMMON             0          0                                 1156901000007 
DATA                 2         21                                 1156901000008 
EN         DATA                                                   1156901000009 
MEV        B                                                      1156901000010 
 2.35   -03 6.3    +00                                            1156901000011 
 2.90   -03 6.8    +00                                            1156901000012 
 3.45   -03 6.7    +00                                            1156901000013 
 4.05   -03 7.0    +00                                            1156901000014 
 4.70   -03 6.7    +00                                            1156901000015 
 5.30   -03 7.0    +00                                            1156901000016 
 6.05   -03 6.8    +00                                            1156901000017 
 6.40   -03 9.5    +00                                            1156901000018 
 6.75   -03 6.8    +00                                            1156901000019 
 7.10   -03 6.5    +00                                            1156901000020 
 7.45   -03 6.0    +00                                            1156901000021 
 7.65   -03 8.4    +00                                            1156901000022 
 7.90   -03 6.3    +00                                            1156901000023 
 8.30   -03 7.2    +00                                            1156901000024 
 8.65   -03 6.2    +00                                            1156901000025 
 9.05   -03 6.9    +00                                            1156901000026 
 9.40   -03 7.5    +00                                            1156901000027 
 9.80   -03 7.2    +00                                            1156901000028 
 1.020  -02 7.0    +00                                            1156901000029 
 1.060  -02 5.8    +00                                            1156901000030 
 1.100  -02 7.0    +00                                            1156901000031 
ENDDATA             23          0                                 1156901000032 
ENDSUBENT           31          0                                 1156901099999 
SUBENT        11569011   19840621                             00001156901100001 
BIB                  3          3                                 1156901100002 
REACTION   (57-LA-0(N,TOT),,SIG)                                  1156901100003 
SAMPLE     SAMPLE THICKNESS 2.9E+22 ATOMS/CM2.                    1156901100004 
STATUS     (CURVE) DATA REC'S ON LARGE GRAPHS, MARSHAK, 56/7.     1156901100005 
ENDBIB               3          0                                 1156901100006 
NOCOMMON             0          0                                 1156901100007 
DATA                 2         35                                 1156901100008 
EN         DATA                                                   1156901100009 
MEV        B                                                      1156901100010 
 1.0    -03 6.30   +00                                            1156901100011 
 1.3    -03 3.10   +00                                            1156901100012 
 1.65   -03 4.30   +00                                            1156901100013 
 2.00   -03 5.20   +00                                            1156901100014 
 2.15   -03 7.30   +00                                            1156901100015 
 2.30   -03 5.00   +00                                            1156901100016 
 2.45   -03 5.60   +00                                            1156901100017 
 2.70   -03 4.30   +00                                            1156901100018 
 2.80   -03 4.10   +00                                            1156901100019 
 3.00   -03 6.60   +00                                            1156901100020 
 3.30   -03 7.90   +00                                            1156901100021 
 3.70   -03 8.80   +00                                            1156901100022 
 3.95   -03 7.40   +00                                            1156901100023 
 4.00   -03 7.60   +00                                            1156901100024 
 4.30   -03 8.10   +00                                            1156901100025 
 4.30   -03 6.80   +00                                            1156901100026 
 4.70   -03 6.60   +00                                            1156901100027 
 4.70   -03 6.90   +00                                            1156901100028 
 5.00   -03 5.20   +00                                            1156901100029 
 5.00   -03 5.50   +00                                            1156901100030 
 5.35   -03 5.10   +00                                            1156901100031 
 5.65   -03 5.30   +00                                            1156901100032 
 5.95   -03 5.80   +00                                            1156901100033 
 6.30   -03 5.40   +00                                            1156901100034 
 6.65   -03 5.20   +00                                            1156901100035 
 7.00   -03 6.35   +00                                            1156901100036 
 7.35   -03 6.60   +00                                            1156901100037 
 7.65   -03 6.30   +00                                            1156901100038 
 8.00   -03 5.80   +00                                            1156901100039 
 8.30   -03 6.30   +00                                            1156901100040 
 8.70   -03 7.30   +00                                            1156901100041 
 9.00   -03 7.20   +00                                            1156901100042 
 9.35   -03 7.80   +00                                            1156901100043 
 9.65   -03 6.90   +00                                            1156901100044 
 1.000  -02 4.80   +00                                            1156901100045 
ENDDATA             37          0                                 1156901100046 
ENDSUBENT           45          0                                 1156901199999 
SUBENT        11569012   19840621                             00001156901200001 
BIB                  3          3                                 1156901200002 
REACTION   (73-TA-0(N,TOT),,SIG)                                  1156901200003 
SAMPLE     SAMPLE THICKNESS 5.7*10**22ATOMS/CM2.                  1156901200004 
STATUS     (CURVE) DATA REC'S ON LARGE GRAPHS, MARSHAK, 56/7.     1156901200005 
ENDBIB               3          0                                 1156901200006 
NOCOMMON             0          0                                 1156901200007 
DATA                 2         20                                 1156901200008 
EN         DATA                                                   1156901200009 
MEV        B                                                      1156901200010 
 5.00   -04 1.24   +01                                            1156901200011 
 6.50   -04 1.25   +01                                            1156901200012 
 8.50   -04 1.22   +01                                            1156901200013 
 1.05   -03 1.26   +01                                            1156901200014 
 1.25   -03 1.25   +01                                            1156901200015 
 1.55   -03 1.30   +01                                            1156901200016 
 1.80   -03 1.28   +01                                            1156901200017 
 2.05   -03 1.17   +01                                            1156901200018 
 2.30   -03 1.30   +01                                            1156901200019 
 2.55   -03 1.28   +01                                            1156901200020 
 2.80   -03 1.27   +01                                            1156901200021 
 3.05   -03 1.325  +01                                            1156901200022 
 3.30   -03 1.325  +01                                            1156901200023 
 3.55   -03 1.325  +01                                            1156901200024 
 3.80   -03 1.25   +01                                            1156901200025 
 4.05   -03 1.30   +01                                            1156901200026 
 4.30   -03 1.17   +01                                            1156901200027 
 4.85   -03 1.200  +01                                            1156901200028 
 5.25   -03 1.300  +01                                            1156901200029 
 5.75   -03 1.28   +01                                            1156901200030 
ENDDATA             22          0                                 1156901200031 
ENDSUBENT           30          0                                 1156901299999 
SUBENT        11569013   19840621                             00001156901300001 
BIB                  3          5                                 1156901300002 
REACTION   (81-TL-0(N,TOT),,SIG)                                  1156901300003 
STATUS     RESULTS OF EARLIER UNREPORTED EXPERIMENT. DATA RECEIVED1156901300004 
            IN PRIVATE COMM., GIBBONS, 1953.                      1156901300005 
           (CURVE) DATA REC'S ON LARGE GRAPHS, MARSHAK, 56/7.     1156901300006 
SAMPLE     SAMPLE THICKNESS 7.0*10**22ATOMS/CM2.                  1156901300007 
ENDBIB               5          0                                 1156901300008 
NOCOMMON             0          0                                 1156901300009 
DATA                 2        111                                 1156901300010 
EN         DATA                                                   1156901300011 
MEV        B                                                      1156901300012 
 1.14   -02 1.119  +01                                            1156901300013 
 1.15   -02 1.135  +01                                            1156901300014 
 1.15   -02 9.54   +00                                            1156901300015 
 1.15   -02 1.076  +01                                            1156901300016 
 1.20   -02 1.022  +01                                            1156901300017 
 1.23   -02 1.031  +01                                            1156901300018 
 1.27   -02 1.049  +01                                            1156901300019 
 1.33   -02 1.082  +01                                            1156901300020 
 1.43   -02 1.128  +01                                            1156901300021 
 1.47   -02 1.034  +01                                            1156901300022 
 1.53   -02 1.058  +01                                            1156901300023 
 1.57   -02 1.031  +01                                            1156901300024 
 1.67   -02 9.82   +00                                            1156901300025 
 1.70   -02 1.031  +01                                            1156901300026 
 1.77   -02 1.150  +01                                            1156901300027 
 1.77   -02 1.331  +01                                            1156901300028 
 1.83   -02 1.338  +01                                            1156901300029 
 1.85   -02 1.360  +01                                            1156901300030 
 1.90   -02 1.342  +01                                            1156901300031 
 1.93   -02 1.295  +01                                            1156901300032 
 1.97   -02 1.247  +01                                            1156901300033 
 1.97   -02 1.302  +01                                            1156901300034 
 2.00   -02 1.274  +01                                            1156901300035 
 2.03   -02 1.203  +01                                            1156901300036 
 2.05   -02 1.226  +01                                            1156901300037 
 2.08   -02 1.218  +01                                            1156901300038 
 2.18   -02 1.122  +01                                            1156901300039 
 2.26   -02 1.183  +01                                            1156901300040 
 2.26   -02 1.203  +01                                            1156901300041 
 2.33   -02 1.088  +01                                            1156901300042 
 2.40   -02 1.058  +01                                            1156901300043 
 2.45   -02 1.119  +01                                            1156901300044 
 2.55   -02 1.138  +01                                            1156901300045 
 2.65   -02 1.042  +01                                            1156901300046 
 2.74   -02 1.135  +01                                            1156901300047 
 2.80   -02 1.154  +01                                            1156901300048 
 2.85   -02 1.229  +01                                            1156901300049 
 2.95   -02 1.066  +01                                            1156901300050 
 2.97   -02 1.100  +01                                            1156901300051 
 3.03   -02 1.037  +01                                            1156901300052 
 3.07   -02 1.025  +01                                            1156901300053 
 3.13   -02 1.046  +01                                            1156901300054 
 3.26   -02 1.066  +01                                            1156901300055 
 3.27   -02 1.060  +01                                            1156901300056 
 3.35   -02 1.066  +01                                            1156901300057 
 3.43   -02 1.054  +01                                            1156901300058 
 3.47   -02 1.034  +01                                            1156901300059 
 3.55   -02 1.085  +01                                            1156901300060 
 3.62   -02 1.113  +01                                            1156901300061 
 3.63   -02 1.144  +01                                            1156901300062 
 3.63   -02 1.160  +01                                            1156901300063 
 3.70   -02 1.085  +01                                            1156901300064 
 3.73   -02 1.094  +01                                            1156901300065 
 3.83   -02 1.144  +01                                            1156901300066 
 3.90   -02 1.124  +01                                            1156901300067 
 3.97   -02 1.088  +01                                            1156901300068 
 4.03   -02 1.088  +01                                            1156901300069 
 4.06   -02 1.070  +01                                            1156901300070 
 4.13   -02 9.37   +00                                            1156901300071 
 4.13   -02 9.03   +00                                            1156901300072 
 4.15   -02 8.99   +00                                            1156901300073 
 4.17   -02 9.65   +00                                            1156901300074 
 4.20   -02 9.1    +00                                            1156901300075 
 4.23   -02 1.004  +01                                            1156901300076 
 4.25   -02 9.79   +00                                            1156901300077 
 4.27   -02 9.42   +00                                            1156901300078 
 4.33   -02 9.45   +00                                            1156901300079 
 4.43   -02 9.65   +00                                            1156901300080 
 4.57   -02 9.54   +00                                            1156901300081 
 4.63   -02 9.79   +00                                            1156901300082 
 4.73   -02 9.48   +00                                            1156901300083 
 4.77   -02 9.84   +00                                            1156901300084 
 4.87   -02 9.62   +00                                            1156901300085 
 5.13   -02 9.65   +00                                            1156901300086 
 5.25   -02 9.51   +00                                            1156901300087 
 5.37   -02 9.29   +00                                            1156901300088 
 5.47   -02 9.32   +00                                            1156901300089 
 5.55   -02 1.128  +01                                            1156901300090 
 5.60   -02 1.196  +01                                            1156901300091 
 5.67   -02 1.402  +01                                            1156901300092 
 5.70   -02 1.298  +01                                            1156901300093 
 5.70   -02 1.338  +01                                            1156901300094 
 5.73   -02 1.199  +01                                            1156901300095 
 5.77   -02 1.144  +01                                            1156901300096 
 5.80   -02 1.163  +01                                            1156901300097 
 5.82   -02 1.132  +01                                            1156901300098 
 5.83   -02 1.219  +01                                            1156901300099 
 5.83   -02 1.229  +01                                            1156901300100 
 5.90   -02 1.157  +01                                            1156901300101 
 5.93   -02 1.132  +01                                            1156901300102 
 5.97   -02 1.100  +01                                            1156901300103 
 6.05   -02 1.064  +01                                            1156901300104 
 6.16   -02 9.87   +00                                            1156901300105 
 6.23   -02 1.100  +01                                            1156901300106 
 6.26   -02 9.84   +00                                            1156901300107 
 6.40   -02 9.65   +00                                            1156901300108 
 6.77   -02 9.65   +00                                            1156901300109 
 6.9    -02 9.65   +00                                            1156901300110 
 7.05   -02 9.65   +00                                            1156901300111 
 7.15   -02 9.65   +00                                            1156901300112 
 7.45   -02 9.9    +00                                            1156901300113 
 7.53   -02 9.99   +00                                            1156901300114 
 7.60   -02 9.99   +00                                            1156901300115 
 7.62   -02 1.013  +01                                            1156901300116 
 7.73   -02 1.034  +01                                            1156901300117 
 7.77   -02 1.051  +01                                            1156901300118 
 7.85   -02 1.100  +01                                            1156901300119 
 7.90   -02 1.124  +01                                            1156901300120 
 8.00   -02 1.091  +01                                            1156901300121 
 8.05   -02 1.031  +01                                            1156901300122 
 8.10   -02 1.007  +01                                            1156901300123 
ENDDATA            113          0                                 1156901300124 
ENDSUBENT          123          0                                 1156901399999 
SUBENT        11569014   19840621                             00001156901400001 
BIB                  3          3                                 1156901400002 
REACTION   (81-TL-0(N,TOT),,SIG)                                  1156901400003 
SAMPLE     SAMPLE THICKNESS 3.5E+22 ATOMS/CM2.                    1156901400004 
STATUS     (CURVE) DATA REC'S ON LARGE GRAPHS, MARSHAK, 56/7.     1156901400005 
ENDBIB               3          0                                 1156901400006 
NOCOMMON             0          0                                 1156901400007 
DATA                 2         52                                 1156901400008 
EN         DATA                                                   1156901400009 
KEV        B                                                      1156901400010 
 0.15       16.6                                                  1156901400011 
 0.35       37.6                                                  1156901400012 
 0.50       22.4                                                  1156901400013 
 0.65        9.3                                                  1156901400014 
 0.90       13.6                                                  1156901400015 
 1.05       14.3                                                  1156901400016 
 1.20       25.0                                                  1156901400017 
 1.50       20.7                                                  1156901400018 
 1.65       18.4                                                  1156901400019 
 1.85        8.7                                                  1156901400020 
 2.35       10.8                                                  1156901400021 
 2.90       11.1                                                  1156901400022 
 3.45       12.3                                                  1156901400023 
 4.10       13.6                                                  1156901400024 
 4.35       13.4                                                  1156901400025 
 4.70       14.2                                                  1156901400026 
 5.10       16.4                                                  1156901400027 
 5.30       13.3                                                  1156901400028 
 5.60       14.1                                                  1156901400029 
 6.05       12.4                                                  1156901400030 
 6.35       12.7                                                  1156901400031 
 6.70       14.4                                                  1156901400032 
 7.10       12.7                                                  1156901400033 
 7.40       12.9                                                  1156901400034 
 7.80       11.7                                                  1156901400035 
 8.20       10.9                                                  1156901400036 
 8.60       11.0                                                  1156901400037 
 9.05       11.2                                                  1156901400038 
 9.40       11.3                                                  1156901400039 
 9.80       11.2                                                  1156901400040 
10.20       10.0                                                  1156901400041 
10.55       10.3                                                  1156901400042 
11.00       12.0                                                  1156901400043 
11.40       10.9                                                  1156901400044 
11.75       10.2                                                  1156901400045 
12.15       11.3                                                  1156901400046 
12.60       11.5                                                  1156901400047 
13.00       11.5                                                  1156901400048 
13.50       11.6                                                  1156901400049 
14.30       11.0                                                  1156901400050 
15.15       10.3                                                  1156901400051 
16.00       10.2                                                  1156901400052 
16.20       11.2                                                  1156901400053 
16.45       12.2                                                  1156901400054 
16.45       10.5                                                  1156901400055 
16.65       14.2                                                  1156901400056 
16.90       15.2                                                  1156901400057 
17.40       14.3                                                  1156901400058 
17.75       14.2                                                  1156901400059 
18.20       14.2                                                  1156901400060 
18.70       13.3                                                  1156901400061 
19.55       12.1                                                  1156901400062 
ENDDATA             54          0                                 1156901400063 
ENDSUBENT           62          0                                 1156901499999 
SUBENT        11569015   19840621                             00001156901500001 
BIB                  2          2                                 1156901500002 
REACTION   (53-I-127(N,TOT),,SIG,,AV)                             1156901500003 
SAMPLE     SAMPLE THICKNESS 0.21 ATOMS/B.                         1156901500004 
ENDBIB               2          0                                 1156901500005 
NOCOMMON             0          0                                 1156901500006 
DATA                 3          1                                 1156901500007 
EN-MIN     EN-MAX     DATA                                        1156901500008 
KEV        KEV        B                                           1156901500009 
 2.         4.5        8.3                                        1156901500010 
ENDDATA              3          0                                 1156901500011 
ENDSUBENT           10          0                                 1156901599999 
SUBENT        11569016   19840621                             00001156901600001 
BIB                  2          2                                 1156901600002 
REACTION   (55-CS-133(N,TOT),,SIG,,AV)                            1156901600003 
SAMPLE     SAMPLE THICKNESS .021 ATOMS/B.                         1156901600004 
ENDBIB               2          0                                 1156901600005 
NOCOMMON             0          0                                 1156901600006 
DATA                 3          1                                 1156901600007 
EN-MIN     EN-MAX     DATA                                        1156901600008 
KEV        KEV        B                                           1156901600009 
 2.         4.5        10.2                                       1156901600010 
ENDDATA              3          0                                 1156901600011 
ENDSUBENT           10          0                                 1156901699999 
SUBENT        11569017   19840621                             00001156901700001 
BIB                  2          2                                 1156901700002 
REACTION   (79-AU-197(N,TOT),,SIG,,AV)                            1156901700003 
SAMPLE     SAMPLE THICKNESS .062 ATOMS/B.                         1156901700004 
ENDBIB               2          0                                 1156901700005 
NOCOMMON             0          0                                 1156901700006 
DATA                 3          1                                 1156901700007 
EN-MIN     EN-MAX     DATA                                        1156901700008 
KEV        KEV        B                                           1156901700009 
 12.        21.        12.0                                       1156901700010 
ENDDATA              3          0                                 1156901700011 
ENDSUBENT           10          0                                 1156901799999 
ENDENTRY            17          0                                 1156999999999 
