ENTRY            11612   19830815                             00001161200000001 
SUBENT        11612001   19830815                             00001161200100001 
BIB                  6          8                                 1161200100002 
INSTITUTE  (1USANDL)                                              1161200100003 
REFERENCE  (J,NSE,28,293,67)                                      1161200100004 
AUTHOR     (E.G.BACON JR,C.J.WICKSTROM)                           1161200100005 
TITLE      TOTAL CROSS SECTIONS OF CALCIUM AND POTASSIUM FOR FAST 1161200100006 
           NEUTRONS.                                              1161200100007 
STATUS     (SCSRS)                                                1161200100008 
HISTORY    (760718T) TRANSLATED FROM SCISRS                       1161200100009 
           (830815A) CONVERTED TO REACTION FORMALISM              1161200100010 
ENDBIB               8          0                                 1161200100011 
NOCOMMON             0          0                                 1161200100012 
ENDSUBENT           11          0                                 1161200199999 
SUBENT        11612002   19830815                             00001161200200001 
BIB                  1          1                                 1161200200002 
REACTION   (19-K-0(N,TOT),,SIG)                                   1161200200003 
ENDBIB               1          0                                 1161200200004 
NOCOMMON             0          0                                 1161200200005 
DATA                 4          7                                 1161200200006 
EN         EN-RSL     DATA       DATA-ERR                         1161200200007 
MEV        MEV        B          B                                1161200200008 
 2.37   +00 3.     -02 3.22   +00 4.     -02                      1161200200009 
 2.99   +00 3.     -02 3.18   +00 4.     -02                      1161200200010 
 3.48   +00 3.     -02 3.19   +00 4.     -02                      1161200200011 
 1.385  +01 6.     -02 2.07   +00 3.     -02                      1161200200012 
 1.443  +01 4.     -02 2.04   +00 3.     -02                      1161200200013 
 1.502  +01 5.     -02 1.98   +00 3.     -02                      1161200200014 
 1.550  +01 6.     -02 2.04   +00 5.     -02                      1161200200015 
ENDDATA              9          0                                 1161200200016 
ENDSUBENT           15          0                                 1161200299999 
SUBENT        11612003   19830815                             00001161200300001 
BIB                  1          1                                 1161200300002 
REACTION   (20-CA-0(N,TOT),,SIG)                                  1161200300003 
ENDBIB               1          0                                 1161200300004 
NOCOMMON             0          0                                 1161200300005 
DATA                 4          7                                 1161200300006 
EN         EN-RSL     DATA       DATA-ERR                         1161200300007 
MEV        MEV        B          B                                1161200300008 
 2.37   +00 3.     -02 2.82   +00 4.     -02                      1161200300009 
 2.90   +00 2.     -02 3.53   +00 5.     -02                      1161200300010 
 3.28   +00 3.     -02 3.53   +00 4.     -02                      1161200300011 
 3.59   +00 3.     -02 3.41   +00 3.     -02                      1161200300012 
 1.385  +01 8.     -02 2.10   +00 2.     -02                      1161200300013 
 1.520  +01 8.     -02 2.06   +00 2.     -02                      1161200300014 
 1.598  +01 5.     -02 2.14   +00 3.     -02                      1161200300015 
ENDDATA              9          0                                 1161200300016 
ENDSUBENT           15          0                                 1161200399999 
ENDENTRY             3          0                                 1161299999999 
