ENTRY            11624   19830815                             00001162400000001 
SUBENT        11624001   19830815                             00001162400100001 
BIB                  8         11                                 1162400100002 
INSTITUTE  (1USAANL)                                              1162400100003 
REFERENCE  (J,JNE,22,267,6805)                                    1162400100004 
AUTHOR     (D.C.STUPEGIA,MARCIA SCHMIDT,C.R.KEEDY,A.A.MADSON)     1162400100005 
TITLE      NEUTRON CAPTURE BETWEEN 5KEV AND 3MEV.                 1162400100006 
METHOD     (ACTIV) ACTIVATION                                     1162400100007 
MONITOR    (92-U-235(N,F),,SIG)                                   1162400100008 
            RELATIVE TO U-235 FISSION OF WHITE,                   1162400100009 
            J.NUC.EN.19, 325 (1965)                               1162400100010 
STATUS     (SCSRS)                                                1162400100011 
HISTORY    (760718T) TRANSLATED FROM SCISRS                       1162400100012 
           (830815A) CONVERTED TO REACTION FORMALISM              1162400100013 
ENDBIB              11          0                                 1162400100014 
NOCOMMON             0          0                                 1162400100015 
ENDSUBENT           14          0                                 1162400199999 
SUBENT        11624002   19830815                             00001162400200001 
BIB                  2          2                                 1162400200002 
REACTION   (19-K-41(N,G)19-K-42,,SIG)                             1162400200003 
SAMPLE     K-N-O(3) SAMPLE                                        1162400200004 
ENDBIB               2          0                                 1162400200005 
NOCOMMON             0          0                                 1162400200006 
DATA                 4         19                                 1162400200007 
EN         EN-RSL     DATA       DATA-ERR                         1162400200008 
MEV        MEV        B          B                                1162400200009 
 1.62   -01 2.3    -02 1.40   -02 1.1    -03                      1162400200010 
 2.66   -01 2.4    -02 1.09   -02 8.     -04                      1162400200011 
 3.23   -01 2.6    -02 9.2    -03 7.     -04                      1162400200012 
 3.67   -01 3.8    -02 8.7    -03 7.     -04                      1162400200013 
 3.95   -01 3.4    -02 8.3    -03 6.     -04                      1162400200014 
 4.38   -01 2.5    -02 6.0    -03 4.     -04                      1162400200015 
 5.40   -01 2.8    -02 5.6    -03 4.     -04                      1162400200016 
 7.48   -01 3.8    -02 5.4    -03 4.     -04                      1162400200017 
 9.60   -01 3.7    -02 5.1    -03 4.     -04                      1162400200018 
 1.165  +00 3.5    -02 4.8    -03 3.     -04                      1162400200019 
 1.280  +00 6.5    -02 5.7    -03 4.     -04                      1162400200020 
 1.360  +00 4.5    -02 3.9    -03 3.     -04                      1162400200021 
 1.480  +00 6.5    -02 3.9    -03 3.     -04                      1162400200022 
 1.675  +00 6.5    -02 3.15   -03 2.5    -04                      1162400200023 
 1.875  +00 6.5    -02 2.50   -03 1.8    -04                      1162400200024 
 1.965  +00 5.0    -02 2.60   -03 1.8    -04                      1162400200025 
 2.075  +00 7.0    -02 2.23   -03 1.5    -04                      1162400200026 
 2.260  +00 6.0    -02 2.16   -03 1.5    -04                      1162400200027 
 2.455  +00 5.5    -02 2.18   -03 1.5    -04                      1162400200028 
ENDDATA             21          0                                 1162400200029 
ENDSUBENT           28          0                                 1162400299999 
SUBENT        11624003   19830815                             00001162400300001 
BIB                  2          2                                 1162400300002 
REACTION   (25-MN-55(N,G)25-MN-56,,SIG)                           1162400300003 
SAMPLE     MN-O SAMPLE                                            1162400300004 
ENDBIB               2          0                                 1162400300005 
NOCOMMON             0          0                                 1162400300006 
DATA                 4         11                                 1162400300007 
EN         EN-RSL     DATA       DATA-ERR                         1162400300008 
MEV        MEV        B          B                                1162400300009 
 9.     -03 4.     -03 1.25   -01 1.1    -02                      1162400300010 
 1.7    -02 5.     -03 5.8    -02 5.     -03                      1162400300011 
 3.1    -02 8.     -03 5.1    -02 5.     -03                      1162400300012 
 5.0    -02 1.0    -02 2.66   -02 2.6    -03                      1162400300013 
 7.4    -02 1.1    -02 2.47   -02 2.3    -03                      1162400300014 
 1.06   -01 1.3    -02 1.67   -02 1.6    -03                      1162400300015 
 1.50   -01 1.5    -02 1.25   -02 1.0    -03                      1162400300016 
 2.05   -01 1.7    -02 8.60   -03 7.0    -04                      1162400300017 
 3.15   -01 3.5    -02 6.60   -03 5.3    -04                      1162400300018 
 4.00   -01 2.5    -02 5.56   -03 4.0    -04                      1162400300019 
 5.39   -01 3.3    -02 4.00   -03 2.7    -04                      1162400300020 
ENDDATA             13          0                                 1162400300021 
ENDSUBENT           20          0                                 1162400399999 
SUBENT        11624004   19830815                             00001162400400001 
BIB                  2          2                                 1162400400002 
REACTION   (37-RB-85(N,G)37-RB-86,,SIG)                           1162400400003 
SAMPLE     RB-N-O(3) SAMPLE                                       1162400400004 
ENDBIB               2          0                                 1162400400005 
NOCOMMON             0          0                                 1162400400006 
DATA                 4         13                                 1162400400007 
EN         EN-RSL     DATA       DATA-ERR                         1162400400008 
MEV        MEV        B          B                                1162400400009 
 1.40   -01 2.5    -02 1.39   -01 9.     -03                      1162400400010 
 1.52   -01 1.8    -02 1.31   -01 9.     -03                      1162400400011 
 2.66   -01 2.4    -02 1.01   -01 7.     -03                      1162400400012 
 3.26   -01 2.2    -02 8.3    -02 6.     -03                      1162400400013 
 4.40   -01 2.2    -02 6.60   -02 4.5    -03                      1162400400014 
 5.27   -01 4.6    -02 5.50   -02 3.8    -03                      1162400400015 
 7.46   -01 4.0    -02 4.10   -02 2.7    -03                      1162400400016 
 9.54   -01 4.1    -02 3.70   -02 2.5    -03                      1162400400017 
 1.151  +00 5.4    -02 2.54   -02 2.0    -03                      1162400400018 
 1.240  +00 5.4    -02 2.96   -02 2.0    -03                      1162400400019 
 1.620  +00 6.7    -02 1.88   -02 1.3    -03                      1162400400020 
 2.115  +00 7.0    -02 1.47   -02 1.0    -03                      1162400400021 
 2.602  +00 8.0    -02 1.11   -02 7.     -04                      1162400400022 
ENDDATA             15          0                                 1162400400023 
ENDSUBENT           22          0                                 1162400499999 
SUBENT        11624005   19830815                             00001162400500001 
BIB                  2          2                                 1162400500002 
REACTION   (39-Y-89(N,G)39-Y-90,,SIG)                             1162400500003 
SAMPLE     Y(2)O(3) SAMPLE                                        1162400500004 
ENDBIB               2          0                                 1162400500005 
NOCOMMON             0          0                                 1162400500006 
DATA                 4         22                                 1162400500007 
EN         EN-RSL     DATA       DATA-ERR                         1162400500008 
MEV        MEV        B          B                                1162400500009 
 1.46   -02 3.5    -03 5.20   -02 4.8    -03                      1162400500010 
 2.6    -02 5.     -03 3.60   -02 3.3    -03                      1162400500011 
 4.3    -02 1.1    -02 1.93   -02 1.8    -03                      1162400500012 
 6.80   -02 7.5    -03 1.55   -02 1.4    -03                      1162400500013 
 8.8    -02 1.1    -02 1.52   -02 1.4    -03                      1162400500014 
 1.52   -01 1.2    -02 1.23   -02 1.0    -03                      1162400500015 
 1.66   -01 1.4    -02 9.5    -03 7.     -04                      1162400500016 
 1.81   -01 3.5    -02 1.09   -02 6.     -04                      1162400500017 
 2.69   -01 2.5    -02 9.0    -03 5.     -04                      1162400500018 
 3.89   -01 2.0    -02 7.6    -03 5.     -04                      1162400500019 
 4.41   -01 2.4    -02 8.2    -03 5.     -04                      1162400500020 
 5.22   -01 5.0    -02 7.3    -03 4.     -04                      1162400500021 
 6.26   -01 4.7    -02 7.1    -03 4.     -04                      1162400500022 
 8.45   -01 4.4    -02 7.0    -03 4.     -04                      1162400500023 
 1.055  +00 4.4    -02 5.7    -03 3.     -04                      1162400500024 
 1.262  +00 4.3    -02 5.7    -03 3.     -04                      1162400500025 
 1.459  +00 4.8    -02 5.4    -03 3.     -04                      1162400500026 
 1.660  +00 7.0    -02 5.4    -03 3.     -04                      1162400500027 
 1.953  +00 7.0    -02 3.9    -03 2.     -04                      1162400500028 
 2.143  +00 7.0    -02 3.9    -03 2.     -04                      1162400500029 
 2.253  +00 7.0    -02 4.1    -03 2.     -04                      1162400500030 
 2.450  +00 7.0    -02 4.2    -03 2.     -04                      1162400500031 
ENDDATA             24          0                                 1162400500032 
ENDSUBENT           31          0                                 1162400599999 
SUBENT        11624006   19830815                             00001162400600001 
BIB                  1          1                                 1162400600002 
REACTION   (42-MO-98(N,G)42-MO-99,,SIG)                           1162400600003 
ENDBIB               1          0                                 1162400600004 
NOCOMMON             0          0                                 1162400600005 
DATA                 4         28                                 1162400600006 
EN         EN-RSL     DATA       DATA-ERR                         1162400600007 
MEV        MEV        B          B                                1162400600008 
 3.6    -03 1.5    -03 5.80   -01 5.5    -02                      1162400600009 
 1.1    -02 4.     -03 3.60   -01 3.5    -02                      1162400600010 
 2.4    -02 7.     -03 1.90   -01 2.0    -02                      1162400600011 
 4.9    -02 1.0    -02 1.42   -01 1.3    -02                      1162400600012 
 9.1    -02 1.3    -02 7.90   -02 7.5    -03                      1162400600013 
 1.44   -01 2.0    -02 6.23   -02 6.0    -03                      1162400600014 
 1.77   -01 3.5    -02 4.27   -02 4.0    -03                      1162400600015 
 2.41   -01 1.8    -02 4.26   -02 2.4    -03                      1162400600016 
 2.69   -01 1.8    -02 4.85   -02 2.7    -03                      1162400600017 
 3.17   -01 3.2    -02 4.33   -02 2.4    -03                      1162400600018 
 3.59   -01 2.5    -02 5.13   -02 2.8    -03                      1162400600019 
 3.84   -01 1.8    -02 4.29   -02 2.7    -03                      1162400600020 
 4.33   -01 2.5    -02 5.89   -02 3.3    -03                      1162400600021 
 5.40   -01 3.5    -02 5.09   -02 2.8    -03                      1162400600022 
 6.45   -01 2.7    -02 6.06   -02 3.4    -03                      1162400600023 
 7.63   -01 3.5    -02 5.15   -02 2.8    -03                      1162400600024 
 8.58   -01 3.0    -02 3.18   -02 1.8    -03                      1162400600025 
 1.077  +00 4.0    -02 2.47   -02 1.7    -03                      1162400600026 
 1.150  +00 4.0    -02 2.77   -02 1.5    -03                      1162400600027 
 1.250  +00 5.0    -02 2.77   -02 6.0    -03                      1162400600028 
 1.380  +00 4.0    -02 2.70   -02 1.5    -03                      1162400600029 
 1.450  +00 4.0    -02 2.70   -02 1.5    -03                      1162400600030 
 1.581  +00 2.9    -02 2.42   -02 1.4    -03                      1162400600031 
 1.730  +00 5.0    -02 2.32   -02 1.5    -03                      1162400600032 
 1.881  +00 3.3    -02 2.11   -02 1.2    -03                      1162400600033 
 1.970  +00 5.0    -02 2.3    -02 3.     -03                      1162400600034 
 2.116  +00 6.0    -02 2.4    -02 3.     -03                      1162400600035 
 2.644  +00 4.0    -02 1.80   -02 1.0    -03                      1162400600036 
ENDDATA             30          0                                 1162400600037 
ENDSUBENT           36          0                                 1162400699999 
SUBENT        11624007   19830815                             00001162400700001 
BIB                  2          2                                 1162400700002 
REACTION   (57-LA-139(N,G)57-LA-140,,SIG)                         1162400700003 
SAMPLE     LA(2)O(3) SAMPLE                                       1162400700004 
ENDBIB               2          0                                 1162400700005 
NOCOMMON             0          0                                 1162400700006 
DATA                 4         19                                 1162400700007 
EN         EN-RSL     DATA       DATA-ERR                         1162400700008 
MEV        MEV        B          B                                1162400700009 
 1.12   -02 4.     -04 1.350  -01 1.25   -02                      1162400700010 
 2.4    -02 7.     -03 5.3    -02 5.     -03                      1162400700011 
 4.9    -02 1.0    -02 3.96   -02 3.6    -03                      1162400700012 
 9.1    -02 1.3    -02 2.03   -02 1.9    -03                      1162400700013 
 1.46   -01 1.8    -02 1.52   -02 1.4    -03                      1162400700014 
 2.41   -01 1.8    -02 1.33   -02 1.2    -03                      1162400700015 
 3.13   -01 3.6    -02 7.3    -03 7.     -04                      1162400700016 
 3.77   -01 2.0    -02 8.6    -03 8.     -04                      1162400700017 
 5.40   -01 3.2    -02 7.58   -03 4.0    -04                      1162400700018 
 6.50   -01 2.9    -02 7.32   -03 4.0    -04                      1162400700019 
 7.57   -01 4.0    -02 7.41   -03 4.0    -04                      1162400700020 
 8.62   -01 2.9    -02 8.46   -03 5.0    -04                      1162400700021 
 1.067  +00 3.2    -02 8.91   -03 5.0    -04                      1162400700022 
 1.272  +00 3.5    -02 9.91   -03 5.5    -04                      1162400700023 
 1.389  +00 4.0    -02 1.05   -02 6.     -04                      1162400700024 
 1.474  +00 3.7    -02 9.50   -03 5.0    -04                      1162400700025 
 1.681  +00 4.0    -02 9.57   -03 5.0    -04                      1162400700026 
 1.881  +00 4.0    -02 7.82   -03 4.5    -04                      1162400700027 
 1.997  +00 4.2    -02 7.96   -03 4.5    -04                      1162400700028 
ENDDATA             21          0                                 1162400700029 
ENDSUBENT           28          0                                 1162400799999 
SUBENT        11624008   19830815                             00001162400800001 
BIB                  2          2                                 1162400800002 
REACTION   (59-PR-141(N,G)59-PR-142,,SIG)                         1162400800003 
SAMPLE     PR(6)O(11) SAMPLE                                      1162400800004 
ENDBIB               2          0                                 1162400800005 
NOCOMMON             0          0                                 1162400800006 
DATA                 4         24                                 1162400800007 
EN         EN-RSL     DATA       DATA-ERR                         1162400800008 
MEV        MEV        B          B                                1162400800009 
 1.45   -01 2.0    -02 5.9    -02 3.8    -03                      1162400800010 
 1.90   -01 3.0    -02 5.7    -02 4.     -03                      1162400800011 
 2.43   -01 3.4    -02 5.95   -02 3.2    -03                      1162400800012 
 2.90   -01 2.1    -02 4.31   -02 2.4    -03                      1162400800013 
 3.21   -01 3.2    -02 4.83   -02 2.6    -03                      1162400800014 
 3.76   -01 3.2    -02 4.36   -02 2.5    -03                      1162400800015 
 4.44   -01 1.9    -02 2.33   -02 1.3    -03                      1162400800016 
 5.46   -01 2.0    -02 2.16   -02 1.2    -03                      1162400800017 
 6.55   -01 2.8    -02 2.23   -02 1.2    -03                      1162400800018 
 7.63   -01 3.7    -02 2.19   -02 1.2    -03                      1162400800019 
 8.43   -01 3.8    -02 2.40   -02 1.3    -03                      1162400800020 
 9.48   -01 4.7    -02 2.44   -02 1.3    -03                      1162400800021 
 1.051  +00 4.8    -02 2.61   -02 1.4    -03                      1162400800022 
 1.154  +00 4.8    -02 2.63   -02 1.4    -03                      1162400800023 
 1.257  +00 4.8    -02 2.60   -02 1.4    -03                      1162400800024 
 1.356  +00 4.9    -02 2.57   -02 1.4    -03                      1162400800025 
 1.461  +00 4.9    -02 2.65   -02 1.5    -03                      1162400800026 
 1.562  +00 4.9    -02 2.55   -02 1.4    -03                      1162400800027 
 1.660  +00 4.8    -02 2.61   -02 1.4    -03                      1162400800028 
 1.765  +00 5.0    -02 2.41   -02 1.3    -03                      1162400800029 
 1.860  +00 5.2    -02 2.24   -02 1.3    -03                      1162400800030 
 2.060  +00 5.4    -02 2.06   -02 1.1    -03                      1162400800031 
 2.259  +00 5.7    -02 1.76   -02 1.0    -03                      1162400800032 
 2.457  +00 6.0    -02 1.62   -02 9.     -04                      1162400800033 
ENDDATA             26          0                                 1162400800034 
ENDSUBENT           33          0                                 1162400899999 
SUBENT        11624009   19830815                             00001162400900001 
BIB                  3          3                                 1162400900002 
REACTION   (59-PR-141(N,G)59-PR-142,,SIG)                         1162400900003 
STATUS     (SPSDD,11624008)                                       1162400900004 
REFERENCE  (P,ANL-7132,31,65)                                     1162400900005 
ENDBIB               3          0                                 1162400900006 
NOCOMMON             0          0                                 1162400900007 
NODATA               0          0                                 1162400900008 
ENDSUBENT            7          0                                 1162400999999 
SUBENT        11624010   19830815                             00001162401000001 
BIB                  2          2                                 1162401000002 
REACTION   (64-GD-158(N,G)64-GD-159,,SIG)                         1162401000003 
SAMPLE     GD(2)O(3) SAMPLE                                       1162401000004 
ENDBIB               2          0                                 1162401000005 
NOCOMMON             0          0                                 1162401000006 
DATA                 4         21                                 1162401000007 
EN         EN-RSL     DATA       DATA-ERR                         1162401000008 
MEV        MEV        B          B                                1162401000009 
 4.9    -03 3.5    -03 1.200  +00 1.10   -01                      1162401000010 
 1.22   -02 2.4    -03 8.69   -01 8.0    -02                      1162401000011 
 3.08   -02 5.5    -03 5.48   -01 5.0    -02                      1162401000012 
 4.1    -02 1.0    -02 4.23   -01 4.0    -02                      1162401000013 
 7.8    -02 6.     -03 3.13   -01 3.0    -02                      1162401000014 
 8.3    -02 1.1    -02 3.08   -01 2.8    -02                      1162401000015 
 1.02   -01 1.2    -02 2.72   -01 2.5    -02                      1162401000016 
 1.51   -01 1.3    -02 1.64   -01 1.2    -02                      1162401000017 
 1.93   -01 3.6    -02 1.48   -01 8.     -03                      1162401000018 
 4.29   -01 3.3    -02 9.1    -02 5.     -03                      1162401000019 
 4.85   -01 3.3    -02 9.3    -02 5.     -03                      1162401000020 
 5.94   -01 3.2    -02 8.20   -02 4.5    -03                      1162401000021 
 6.98   -01 2.8    -02 8.20   -02 4.5    -03                      1162401000022 
 7.37   -01 4.5    -02 8.10   -02 4.5    -03                      1162401000023 
 8.55   -01 3.5    -02 9.1    -02 5.     -03                      1162401000024 
 9.75   -01 2.0    -02 9.2    -02 5.     -03                      1162401000025 
 1.063  +00 3.2    -02 9.90   -02 5.5    -03                      1162401000026 
 1.240  +00 2.8    -02 9.2    -02 5.     -03                      1162401000027 
 1.587  +00 3.0    -02 7.1    -02 4.     -03                      1162401000028 
 1.878  +00 3.5    -02 6.60   -02 3.5    -03                      1162401000029 
 2.148  +00 6.0    -02 5.8    -02 3.     -03                      1162401000030 
ENDDATA             23          0                                 1162401000031 
ENDSUBENT           30          0                                 1162401099999 
SUBENT        11624011   19830815                             00001162401100001 
BIB                  2          2                                 1162401100002 
REACTION   (68-ER-170(N,G)68-ER-171,,SIG)                         1162401100003 
SAMPLE     ER(2)O(3) SAMPLE                                       1162401100004 
ENDBIB               2          0                                 1162401100005 
NOCOMMON             0          0                                 1162401100006 
DATA                 4         20                                 1162401100007 
EN         EN-RSL     DATA       DATA-ERR                         1162401100008 
MEV        MEV        B          B                                1162401100009 
 4.9    -03 3.5    -03 6.40   -01 6.0    -02                      1162401100010 
 1.22   -02 2.4    -03 5.10   -01 4.8    -02                      1162401100011 
 3.08   -02 5.5    -03 2.75   -01 3.5    -02                      1162401100012 
 7.84   -02 6.0    -03 1.55   -01 1.5    -02                      1162401100013 
 1.51   -01 1.3    -02 9.9    -02 9.     -03                      1162401100014 
 2.43   -01 1.7    -02 6.6    -02 4.     -03                      1162401100015 
 3.19   -01 3.0    -02 5.30   -02 3.0    -03                      1162401100016 
 3.76   -01 3.0    -02 4.66   -02 2.5    -03                      1162401100017 
 4.30   -01 3.2    -02 4.37   -02 2.5    -03                      1162401100018 
 5.39   -01 3.4    -02 4.36   -02 2.5    -03                      1162401100019 
 6.45   -01 3.5    -02 4.68   -02 3.0    -03                      1162401100020 
 7.50   -01 3.6    -02 4.26   -02 2.5    -03                      1162401100021 
 8.55   -01 3.6    -02 5.21   -02 3.0    -03                      1162401100022 
 9.61   -01 3.4    -02 4.40   -02 2.5    -03                      1162401100023 
 1.064  +00 3.5    -02 5.15   -02 3.0    -03                      1162401100024 
 1.270  +00 3.5    -02 5.52   -02 3.0    -03                      1162401100025 
 1.580  +00 3.2    -02 3.54   -02 2.0    -03                      1162401100026 
 1.881  +00 3.7    -02 2.89   -02 1.7    -03                      1162401100027 
 2.148  +00 4.0    -02 1.680  -02 9.5    -04                      1162401100028 
 2.644  +00 4.0    -02 1.480  -02 8.0    -04                      1162401100029 
ENDDATA             22          0                                 1162401100030 
ENDSUBENT           29          0                                 1162401199999 
SUBENT        11624012   19830815                             00001162401200001 
BIB                  2          2                                 1162401200002 
REACTION   (70-YB-176(N,G)70-YB-177,,SIG)                         1162401200003 
SAMPLE     YB(2)O(3) SAMPLE                                       1162401200004 
ENDBIB               2          0                                 1162401200005 
NOCOMMON             0          0                                 1162401200006 
DATA                 4         20                                 1162401200007 
EN         EN-RSL     DATA       DATA-ERR                         1162401200008 
MEV        MEV        B          B                                1162401200009 
 3.6    -03 1.5    -03 6.28   -01 5.8    -02                      1162401200010 
 1.12   -02 4.0    -03 4.08   -01 3.7    -02                      1162401200011 
 2.4    -02 7.     -03 2.15   -01 2.0    -02                      1162401200012 
 4.9    -02 1.0    -02 1.72   -01 1.6    -02                      1162401200013 
 9.1    -02 1.3    -02 1.08   -01 1.0    -02                      1162401200014 
 1.49   -01 1.4    -02 5.75   -02 5.0    -03                      1162401200015 
 1.94   -01 3.6    -02 6.10   -02 3.5    -03                      1162401200016 
 3.00   -01 4.9    -02 2.85   -02 1.5    -03                      1162401200017 
 3.75   -01 2.2    -02 2.68   -02 1.5    -03                      1162401200018 
 5.41   -01 3.2    -02 2.25   -02 1.3    -03                      1162401200019 
 6.50   -01 3.0    -02 2.58   -02 1.4    -03                      1162401200020 
 8.60   -01 3.1    -02 2.74   -02 1.5    -03                      1162401200021 
 9.68   -01 3.0    -02 2.50   -02 1.4    -03                      1162401200022 
 1.067  +00 3.2    -02 3.02   -02 1.7    -03                      1162401200023 
 1.183  +00 3.0    -02 2.61   -02 1.4    -03                      1162401200024 
 1.271  +00 3.4    -02 3.26   -02 1.8    -03                      1162401200025 
 1.389  +00 4.0    -02 2.58   -02 1.4    -03                      1162401200026 
 1.577  +00 3.5    -02 2.62   -02 1.4    -03                      1162401200027 
 1.693  +00 4.1    -02 2.36   -02 1.3    -03                      1162401200028 
 1.877  +00 4.0    -02 2.35   -02 1.3    -03                      1162401200029 
ENDDATA             22          0                                 1162401200030 
ENDSUBENT           29          0                                 1162401299999 
SUBENT        11624013   19830815                             00001162401300001 
BIB                  3          3                                 1162401300002 
REACTION   (71-LU-175(N,G)71-LU-176-M,,SIG)                       1162401300003 
SAMPLE     LU(2)O(3) SAMPLE                                       1162401300004 
DECAY-DATA (71-LU-176-M,3.7HR)                                    1162401300005 
ENDBIB               3          0                                 1162401300006 
NOCOMMON             0          0                                 1162401300007 
DATA                 4         18                                 1162401300008 
EN         EN-RSL     DATA       DATA-ERR                         1162401300009 
MEV        MEV        B          B                                1162401300010 
 1.41   -01 3.0    -02 8.10   -01 7.0    -02                      1162401300011 
 1.98   -01 3.3    -02 5.43   -01 3.0    -02                      1162401300012 
 2.38   -01 2.6    -02 5.60   -01 3.5    -02                      1162401300013 
 3.20   -01 3.0    -02 5.15   -01 3.0    -02                      1162401300014 
 3.76   -01 3.2    -02 4.62   -01 2.8    -02                      1162401300015 
 4.04   -01 2.5    -02 3.74   -01 2.5    -02                      1162401300016 
 4.34   -01 2.9    -02 3.12   -01 2.1    -02                      1162401300017 
 4.86   -01 2.8    -02 2.65   -01 1.7    -02                      1162401300018 
 6.48   -01 3.8    -02 2.31   -01 1.4    -02                      1162401300019 
 7.48   -01 3.2    -02 1.87   -01 1.3    -02                      1162401300020 
 8.55   -01 3.7    -02 2.00   -01 1.3    -02                      1162401300021 
 1.066  +00 3.5    -02 1.56   -01 1.1    -02                      1162401300022 
 1.330  +00 5.0    -02 1.52   -01 1.1    -02                      1162401300023 
 1.845  +00 6.6    -02 1.38   -01 1.0    -02                      1162401300024 
 2.143  +00 7.2    -02 1.23   -01 1.0    -02                      1162401300025 
 2.440  +00 7.6    -02 1.15   -01 8.     -03                      1162401300026 
 2.738  +00 8.1    -02 1.11   -01 7.     -03                      1162401300027 
 3.133  +00 8.8    -02 9.72   -02 6.0    -03                      1162401300028 
ENDDATA             20          0                                 1162401300029 
ENDSUBENT           28          0                                 1162401399999 
ENDENTRY            13          0                                 1162499999999 
