ENTRY            11628   19830815                             00001162800000001 
SUBENT        11628001   19830815                             00001162800100001 
BIB                  7         13                                 1162800100002 
INSTITUTE  (1USAGEO)                                              1162800100003 
REFERENCE  (J,BAP,9,352(S10),6403)                                1162800100004 
           (W,ARNOLD,6511) TABULATED DATA                         1162800100005 
AUTHOR     (D.M.ARNOLD,L.A.RAYBURN)                               1162800100006 
TITLE      YIELD RATIO FOR THE ISOMERIC PAIR SC44G,44M FROM THE   1162800100007 
           SC45(N,2N)SC44 REACTION.                               1162800100008 
MONITOR    (29-CU-65(N,2N)29-CU-64,,SIG)                          1162800100009 
            RELATIVE TO CU-65(N,2N) OF RAYBURN,                   1162800100010 
            PHYS.REV. 122, 168 (1961) AND PRESTWOOD, PHYS.REV.    1162800100011 
            121, 1438 (1961)                                      1162800100012 
STATUS     (SCSRS)                                                1162800100013 
HISTORY    (760718T) TRANSLATED FROM SCISRS                       1162800100014 
           (830815A) CONVERTED TO REACTION FORMALISM              1162800100015 
ENDBIB              13          0                                 1162800100016 
NOCOMMON             0          0                                 1162800100017 
ENDSUBENT           16          0                                 1162800199999 
SUBENT        11628002   19830815                             00001162800200001 
BIB                  2          2                                 1162800200002 
REACTION   (21-SC-45(N,2N)21-SC-44-G,,SIG)                        1162800200003 
DECAY-DATA (21-SC-44-G,3.86HR,AR)                                 1162800200004 
ENDBIB               2          0                                 1162800200005 
NOCOMMON             0          0                                 1162800200006 
DATA                 4         14                                 1162800200007 
EN         EN-RSL     DATA       DATA-ERR                         1162800200008 
MEV        MEV        B          B                                1162800200009 
 1.21   +01 2.     -01 4.4    -02 4.     -03                      1162800200010 
 1.26   +01 2.     -01 9.9    -02 9.     -03                      1162800200011 
 1.30   +01 3.     -01 9.6    -02 9.     -03                      1162800200012 
 1.34   +01 3.     -01 1.35   -01 1.2    -02                      1162800200013 
 1.40   +01 4.     -01 1.56   -01 1.4    -02                      1162800200014 
 1.43   +01 4.     -01 1.75   -01 1.6    -02                      1162800200015 
 1.47   +01 4.     -01 2.13   -01 1.9    -02                      1162800200016 
 1.52   +01 5.     -01 2.01   -01 1.8    -02                      1162800200017 
 1.58   +01 5.     -01 2.31   -01 2.1    -02                      1162800200018 
 1.60   +01 5.     -01 2.51   -01 2.3    -02                      1162800200019 
 1.67   +01 4.     -01 2.35   -01 2.1    -02                      1162800200020 
 1.74   +01 4.     -01 2.41   -01 2.2    -02                      1162800200021 
 1.75   +01 2.     -01 2.44   -01 2.2    -02                      1162800200022 
 1.79   +01 2.     -01 2.51   -01 2.3    -02                      1162800200023 
ENDDATA             16          0                                 1162800200024 
ENDSUBENT           23          0                                 1162800299999 
SUBENT        11628003   19830815                             00001162800300001 
BIB                  2          2                                 1162800300002 
REACTION   (21-SC-45(N,2N)21-SC-44-M,,SIG)                        1162800300003 
DECAY-DATA (21-SC-44-M,61.2HR,AR)                                 1162800300004 
ENDBIB               2          0                                 1162800300005 
NOCOMMON             0          0                                 1162800300006 
DATA                 4         13                                 1162800300007 
EN         EN-RSL     DATA       DATA-ERR                         1162800300008 
MEV        MEV        B          B                                1162800300009 
 1.26   +01 2.     -01 5.0    -02 4.     -03                      1162800300010 
 1.30   +01 3.     -01 5.8    -02 2.     -03                      1162800300011 
 1.34   +01 3.     -01 1.21   -01 1.1    -02                      1162800300012 
 1.40   +01 4.     -01 1.42   -01 1.3    -02                      1162800300013 
 1.43   +01 4.     -01 1.62   -01 1.5    -02                      1162800300014 
 1.47   +01 4.     -01 1.63   -01 1.5    -02                      1162800300015 
 1.52   +01 5.     -01 1.52   -01 1.4    -02                      1162800300016 
 1.58   +01 5.     -01 1.60   -01 1.4    -02                      1162800300017 
 1.60   +01 5.     -01 1.68   -01 1.5    -02                      1162800300018 
 1.67   +01 4.     -01 1.40   -01 1.3    -02                      1162800300019 
 1.74   +01 4.     -01 1.67   -01 1.5    -02                      1162800300020 
 1.75   +01 4.     -01 1.44   -01 1.3    -02                      1162800300021 
 1.79   +01 2.     -01 1.40   -01 1.3    -02                      1162800300022 
ENDDATA             15          0                                 1162800300023 
ENDSUBENT           22          0                                 1162800399999 
ENDENTRY             3          0                                 1162899999999 
