ENTRY            11656   19831011                             00001165600000001 
SUBENT        11656001   19831011                             00001165600100001 
BIB                  5          7                                 1165600100002 
INSTITUTE  (1USAORL)                                              1165600100003 
REFERENCE  (W,GIBBONS,6511) TABULATED DATA                        1165600100004 
           (J,RMP,37,166,65) CURVE                                1165600100005 
AUTHOR     (J.H.GIBBONS,R.L.MACKLIN,P.D.MILLER,J.H.NEILER)        1165600100006 
STATUS     (SCSRS)                                                1165600100007 
HISTORY    (760730T) TRANSLATED FROM SCISRS                       1165600100008 
           (831011A) CONVERTED TO REACTION FORMALISM              1165600100009 
ENDBIB               7          0                                 1165600100010 
NOCOMMON             0          0                                 1165600100011 
ENDSUBENT           10          0                                 1165600199999 
SUBENT        11656002   19831011                             00001165600200001 
BIB                  2          2                                 1165600200002 
REACTION   (23-V-51(N,G)23-V-52,,SIG)                             1165600200003 
DETECTOR   (STANK)    SCINTILLATING TANK DETECTOR                 1165600200004 
ENDBIB               2          0                                 1165600200005 
NOCOMMON             0          0                                 1165600200006 
DATA                 2         42                                 1165600200007 
EN         DATA                                                   1165600200008 
MEV        B                                                      1165600200009 
 8.25   -03 4.0    -02                                            1165600200010 
 9.25   -03 3.7    -02                                            1165600200011 
 9.95   -03 1.37   -01                                            1165600200012 
 1.055  -02 1.40   -01                                            1165600200013 
 1.11   -02 1.05   -01                                            1165600200014 
 1.18   -02 1.00   -01                                            1165600200015 
 1.275  -02 7.5    -02                                            1165600200016 
 1.44   -02 5.2    -02                                            1165600200017 
 1.55   -02 7.2    -02                                            1165600200018 
 1.67   -02 5.2    -02                                            1165600200019 
 1.81   -02 3.7    -02                                            1165600200020 
 2.0    -02 3.0    -02                                            1165600200021 
 2.1    -02 2.0    -02                                            1165600200022 
 2.2    -02 1.8    -02                                            1165600200023 
 2.3    -02 1.2    -02                                            1165600200024 
 2.4    -02 7.     -03                                            1165600200025 
 2.5    -02 5.     -03                                            1165600200026 
 2.6    -02 3.     -03                                            1165600200027 
 2.7    -02 1.0    -02                                            1165600200028 
 2.8    -02 1.5    -02                                            1165600200029 
 2.9    -02 1.0    -02                                            1165600200030 
 3.0    -02 1.0    -02                                            1165600200031 
 3.2    -02 5.     -03                                            1165600200032 
 3.5    -02 5.     -03                                            1165600200033 
 3.8    -02 7.     -03                                            1165600200034 
 4.0    -02 8.     -03                                            1165600200035 
 4.3    -02 9.     -03                                            1165600200036 
 4.6    -02 9.     -03                                            1165600200037 
 4.9    -02 1.3    -02                                            1165600200038 
 5.2    -02 7.     -03                                            1165600200039 
 5.5    -02 8.     -03                                            1165600200040 
 6.0    -02 7.     -03                                            1165600200041 
 6.5    -02 6.     -03                                            1165600200042 
 7.0    -02 5.     -03                                            1165600200043 
 8.0    -02 3.     -03                                            1165600200044 
 9.0    -02 2.     -03                                            1165600200045 
 1.00   -01 2.     -03                                            1165600200046 
 1.10   -01 3.     -03                                            1165600200047 
 1.20   -01 3.     -03                                            1165600200048 
 1.30   -01 2.     -03                                            1165600200049 
 1.40   -01 1.     -03                                            1165600200050 
 1.50   -01 1.     -03                                            1165600200051 
ENDDATA             44          0                                 1165600200052 
ENDSUBENT           51          0                                 1165600299999 
ENDENTRY             2          0                                 1165699999999 
