ENTRY            11668   20200503                             146811668  0    1 
SUBENT        11668001   20200503                             146811668  1    1 
BIB                 10         15                                 11668  1    2 
INSTITUTE  (1USAANL)                                              11668  1    3 
REFERENCE  (J,PR,84,902,1951)                                     11668  1    4 
AUTHOR     (W.F.Stubbins)                                         11668  1    5 
TITLE      Total neutron cross sections of cobalt, manganese, and 11668  1    6 
           molybdenum.                                            11668  1    7 
FACILITY   (VDG,1USAANL)                                          11668  1    8 
INC-SOURCE (P-LI7)                                                11668  1    9 
METHOD     (TRN)                                                  11668  1   10 
DETECTOR   (PROPC,BF3)                                            11668  1   11 
STATUS     (SCSRS) Data correspond to Figs.1,2,4 of               11668  1   12 
             Phys.Rev.84,902,1951                                 11668  1   13 
HISTORY    (19760730T) Translated from SCISRS                     11668  1   14 
           (19831011A) Converted to reaction formalism            11668  1   15 
           (20200501U) OS. Minor BIB changes, converted to lower  11668  1   16 
            case                                                  11668  1   17 
ENDBIB              15          0                                 11668  1   18 
NOCOMMON             0          0                                 11668  1   19 
ENDSUBENT           18          0                                 11668  199999 
SUBENT        11668002   19831011                             00001166800200001 
BIB                  1          1                                 1166800200002 
REACTION   (25-MN-55(N,TOT),,SIG)                                 1166800200003 
ENDBIB               1          0                                 1166800200004 
COMMON               1          3                                 1166800200005 
EN-RSL                                                            1166800200006 
KEV                                                               1166800200007 
 6.                                                               1166800200008 
ENDCOMMON            3          0                                 1166800200009 
DATA                 2        173                                 1166800200010 
EN         DATA                                                   1166800200011 
MEV        B                                                      1166800200012 
 8.0    -02 5.7    +00                                            1166800200013 
 8.5    -02 4.3    +00                                            1166800200014 
 9.1    -02 4.2    +00                                            1166800200015 
 9.7    -02 3.6    +00                                            1166800200016 
 1.02   -01 2.3    +00                                            1166800200017 
 1.04   -01 2.9    +00                                            1166800200018 
 1.06   -01 2.5    +00                                            1166800200019 
 1.10   -01 4.8    +00                                            1166800200020 
 1.11   -01 3.9    +00                                            1166800200021 
 1.18   -01 5.6    +00                                            1166800200022 
 1.23   -01 4.9    +00                                            1166800200023 
 1.25   -01 4.1    +00                                            1166800200024 
 1.28   -01 3.6    +00                                            1166800200025 
 1.34   -01 4.5    +00                                            1166800200026 
 1.37   -01 5.0    +00                                            1166800200027 
 1.39   -01 5.9    +00                                            1166800200028 
 1.43   -01 4.8    +00                                            1166800200029 
 1.44   -01 5.1    +00                                            1166800200030 
 1.44   -01 4.7    +00                                            1166800200031 
 1.44   -01 5.0    +00                                            1166800200032 
 1.49   -01 4.15   +00                                            1166800200033 
 1.61   -01 4.1    +00                                            1166800200034 
 1.66   -01 3.3    +00                                            1166800200035 
 1.66   -01 3.0    +00                                            1166800200036 
 1.93   -01 3.8    +00                                            1166800200037 
 2.08   -01 3.9    +00                                            1166800200038 
 2.08   -01 3.6    +00                                            1166800200039 
 2.08   -01 3.7    +00                                            1166800200040 
 2.13   -01 3.55   +00                                            1166800200041 
 2.23   -01 3.9    +00                                            1166800200042 
 2.38   -01 3.95   +00                                            1166800200043 
 2.53   -01 3.65   +00                                            1166800200044 
 2.53   -01 3.9    +00                                            1166800200045 
 2.68   -01 2.7    +00                                            1166800200046 
 2.685  -01 2.6    +00                                            1166800200047 
 2.69   -01 2.35   +00                                            1166800200048 
 2.87   -01 3.15   +00                                            1166800200049 
 2.95   -01 3.45   +00                                            1166800200050 
 2.99   -01 4.35   +00                                            1166800200051 
 3.04   -01 4.3    +00                                            1166800200052 
 3.08   -01 4.05   +00                                            1166800200053 
 3.10   -01 4.4    +00                                            1166800200054 
 3.14   -01 4.35   +00                                            1166800200055 
 3.20   -01 3.2    +00                                            1166800200056 
 3.20   -01 4.3    +00                                            1166800200057 
 3.20   -01 4.15   +00                                            1166800200058 
 3.26   -01 3.15   +00                                            1166800200059 
 3.30   -01 2.7    +00                                            1166800200060 
 3.34   -01 3.4    +00                                            1166800200061 
 3.36   -01 3.5    +00                                            1166800200062 
 3.42   -01 3.4    +00                                            1166800200063 
 3.47   -01 3.3    +00                                            1166800200064 
 3.48   -01 3.65   +00                                            1166800200065 
 3.48   -01 3.1    +00                                            1166800200066 
 3.60   -01 3.4    +00                                            1166800200067 
 3.68   -01 3.3    +00                                            1166800200068 
 3.72   -01 3.7    +00                                            1166800200069 
 3.72   -01 3.5    +00                                            1166800200070 
 3.73   -01 3.35   +00                                            1166800200071 
 3.78   -01 3.25   +00                                            1166800200072 
 3.83   -01 3.4    +00                                            1166800200073 
 3.87   -01 3.5    +00                                            1166800200074 
 3.89   -01 3.7    +00                                            1166800200075 
 3.94   -01 3.35   +00                                            1166800200076 
 3.99   -01 4.4    +00                                            1166800200077 
 4.00   -01 3.8    +00                                            1166800200078 
 4.05   -01 3.65   +00                                            1166800200079 
 4.09   -01 3.9    +00                                            1166800200080 
 4.12   -01 4.2    +00                                            1166800200081 
 4.14   -01 4.15   +00                                            1166800200082 
 4.24   -01 4.45   +00                                            1166800200083 
 4.26   -01 4.6    +00                                            1166800200084 
 4.26   -01 4.35   +00                                            1166800200085 
 4.32   -01 4.1    +00                                            1166800200086 
 4.37   -01 3.5    +00                                            1166800200087 
 4.40   -01 3.4    +00                                            1166800200088 
 4.46   -01 2.6    +00                                            1166800200089 
 4.50   -01 3.1    +00                                            1166800200090 
 4.50   -01 3.0    +00                                            1166800200091 
 4.56   -01 3.25   +00                                            1166800200092 
 4.62   -01 3.65   +00                                            1166800200093 
 4.63   -01 3.35   +00                                            1166800200094 
 4.72   -01 4.05   +00                                            1166800200095 
 4.76   -01 4.65   +00                                            1166800200096 
 4.76   -01 4.5    +00                                            1166800200097 
 4.82   -01 4.55   +00                                            1166800200098 
 4.89   -01 4.15   +00                                            1166800200099 
 4.97   -01 3.95   +00                                            1166800200100 
 5.01   -01 3.6    +00                                            1166800200101 
 5.01   -01 4.25   +00                                            1166800200102 
 5.01   -01 3.5    +00                                            1166800200103 
 5.08   -01 3.7    +00                                            1166800200104 
 5.12   -01 3.45   +00                                            1166800200105 
 5.15   -01 3.25   +00                                            1166800200106 
 5.28   -01 2.7    +00                                            1166800200107 
 5.33   -01 2.85   +00                                            1166800200108 
 5.37   -01 2.95   +00                                            1166800200109 
 5.41   -01 3.1    +00                                            1166800200110 
 5.43   -01 2.7    +00                                            1166800200111 
 5.48   -01 2.55   +00                                            1166800200112 
 5.52   -01 2.2    +00                                            1166800200113 
 5.53   -01 2.4    +00                                            1166800200114 
 5.58   -01 2.55   +00                                            1166800200115 
 5.65   -01 2.35   +00                                            1166800200116 
 5.68   -01 2.45   +00                                            1166800200117 
 5.78   -01 3.15   +00                                            1166800200118 
 5.78   -01 3.1    +00                                            1166800200119 
 5.91   -01 3.9    +00                                            1166800200120 
 6.09   -01 2.85   +00                                            1166800200121 
 6.14   -01 2.5    +00                                            1166800200122 
 6.16   -01 2.7    +00                                            1166800200123 
 6.16   -01 2.55   +00                                            1166800200124 
 6.28   -01 3.25   +00                                            1166800200125 
 6.41   -01 4.35   +00                                            1166800200126 
 6.41   -01 4.0    +00                                            1166800200127 
 6.52   -01 3.5    +00                                            1166800200128 
 6.64   -01 3.35   +00                                            1166800200129 
 6.65   -01 2.9    +00                                            1166800200130 
 6.78   -01 3.35   +00                                            1166800200131 
 6.90   -01 2.8    +00                                            1166800200132 
 7.02   -01 3.05   +00                                            1166800200133 
 7.15   -01 3.2    +00                                            1166800200134 
 7.25   -01 3.5    +00                                            1166800200135 
 7.25   -01 3.4    +00                                            1166800200136 
 7.26   -01 3.3    +00                                            1166800200137 
 7.38   -01 3.05   +00                                            1166800200138 
 7.38   -01 2.7    +00                                            1166800200139 
 7.44   -01 2.95   +00                                            1166800200140 
 7.50   -01 2.75   +00                                            1166800200141 
 7.74   -01 2.8    +00                                            1166800200142 
 7.75   -01 3.0    +00                                            1166800200143 
 7.86   -01 3.1    +00                                            1166800200144 
 7.87   -01 2.7    +00                                            1166800200145 
 7.94   -01 2.5    +00                                            1166800200146 
 8.00   -01 2.6    +00                                            1166800200147 
 8.00   -01 2.5    +00                                            1166800200148 
 8.05   -01 3.0    +00                                            1166800200149 
 8.22   -01 2.8    +00                                            1166800200150 
 8.23   -01 2.9    +00                                            1166800200151 
 8.33   -01 2.5    +00                                            1166800200152 
 8.35   -01 2.7    +00                                            1166800200153 
 8.41   -01 2.7    +00                                            1166800200154 
 8.46   -01 2.95   +00                                            1166800200155 
 8.46   -01 2.5    +00                                            1166800200156 
 8.51   -01 3.1    +00                                            1166800200157 
 8.55   -01 3.4    +00                                            1166800200158 
 8.58   -01 3.55   +00                                            1166800200159 
 8.59   -01 3.15   +00                                            1166800200160 
 8.64   -01 2.8    +00                                            1166800200161 
 8.69   -01 3.4    +00                                            1166800200162 
 8.69   -01 3.1    +00                                            1166800200163 
 8.70   -01 3.3    +00                                            1166800200164 
 8.70   -01 3.2    +00                                            1166800200165 
 8.77   -01 3.6    +00                                            1166800200166 
 8.82   -01 3.4    +00                                            1166800200167 
 8.82   -01 2.8    +00                                            1166800200168 
 8.90   -01 2.8    +00                                            1166800200169 
 8.94   -01 2.9    +00                                            1166800200170 
 9.06   -01 2.7    +00                                            1166800200171 
 9.06   -01 3.3    +00                                            1166800200172 
 9.07   -01 3.15   +00                                            1166800200173 
 9.11   -01 3.3    +00                                            1166800200174 
 9.19   -01 3.4    +00                                            1166800200175 
 9.21   -01 3.25   +00                                            1166800200176 
 9.32   -01 3.25   +00                                            1166800200177 
 9.35   -01 2.75   +00                                            1166800200178 
 9.43   -01 2.8    +00                                            1166800200179 
 9.54   -01 2.75   +00                                            1166800200180 
 9.55   -01 2.55   +00                                            1166800200181 
 9.66   -01 3.1    +00                                            1166800200182 
 9.79   -01 3.35   +00                                            1166800200183 
 9.79   -01 3.5    +00                                            1166800200184 
 9.90   -01 2.7    +00                                            1166800200185 
ENDDATA            175          0                                 1166800200186 
ENDSUBENT          185          0                                 1166800299999 
SUBENT        11668003   20200503                             146811668  3    1 
BIB                  2          2                                 11668  3    2 
REACTION   (27-CO-59(N,TOT),,SIG)                                 11668  3    3 
STATUS     Data above 300 keV read from curve in BNL-325.         11668  3    4 
ENDBIB               2          0                                 11668  3    5 
NOCOMMON             0          0                                 11668  3    6 
DATA                 2        175                                 11668  3    7 
EN         DATA                                                   11668  3    8 
MEV        B                                                      11668  3    9 
 8.0    -02 4.87   +00                                            11668  3   10 
 8.75   -02 4.42   +00                                            11668  3   11 
 9.3    -02 4.07   +00                                            11668  3   12 
 9.9    -02 5.60   +00                                            11668  3   13 
 1.05   -01 6.89   +00                                            11668  3   14 
 1.05   -01 8.05   +00                                            11668  3   15 
 1.09   -01 8.07   +00                                            11668  3   16 
 1.15   -01 6.67   +00                                            11668  3   17 
 1.20   -01 5.36   +00                                            11668  3   18 
 1.30   -01 6.82   +00                                            11668  3   19 
 1.30   -01 5.88   +00                                            11668  3   20 
 1.34   -01 6.51   +00                                            11668  3   21 
 1.37   -01 6.00   +00                                            11668  3   22 
 1.42   -01 6.64   +00                                            11668  3   23 
 1.46   -01 5.71   +00                                            11668  3   24 
 1.47   -01 6.40   +00                                            11668  3   25 
 1.52   -01 4.85   +00                                            11668  3   26 
 1.65   -01 5.17   +00                                            11668  3   27 
 1.79   -01 4.46   +00                                            11668  3   28 
 1.81   -01 4.60   +00                                            11668  3   29 
 1.81   -01 4.68   +00                                            11668  3   30 
 1.97   -01 5.17   +00                                            11668  3   31 
 2.12   -01 6.07   +00                                            11668  3   32 
 2.12   -01 5.64   +00                                            11668  3   33 
 2.12   -01 6.15   +00                                            11668  3   34 
 2.17   -01 5.94   +00                                            11668  3   35 
 2.25   -01 5.97   +00                                            11668  3   36 
 2.41   -01 4.66   +00                                            11668  3   37 
 2.42   -01 4.93   +00                                            11668  3   38 
 2.525  -01 4.19   +00                                            11668  3   39 
 2.525  -01 4.44   +00                                            11668  3   40 
 2.71   -01 4.72   +00                                            11668  3   41 
 2.71   -01 4.56   +00                                            11668  3   42 
 2.86   -01 4.74   +00                                            11668  3   43 
 2.87   -01 5.27   +00                                            11668  3   44 
 2.96   -01 4.90   +00                                            11668  3   45 
 2.98   -01 4.87   +00                                            11668  3   46 
 0.302      4.58                                                  11668  3   47 
 0.307      4.32                                                  11668  3   48 
 0.308      4.18                                                  11668  3   49 
 0.310      3.85                                                  11668  3   50 
 0.318      3.22                                                  11668  3   51 
 0.322      3.78                                                  11668  3   52 
 0.322      4.30                                                  11668  3   53 
 0.328      4.94                                                  11668  3   54 
 0.334      4.62                                                  11668  3   55 
 0.334      5.21                                                  11668  3   56 
 0.340      4.86                                                  11668  3   57 
 0.345      4.32                                                  11668  3   58 
 0.349      4.88                                                  11668  3   59 
 0.350      4.38                                                  11668  3   60 
 0.354      4.48                                                  11668  3   61 
 0.362      4.58                                                  11668  3   62 
 0.370      4.50                                                  11668  3   63 
 0.375      4.72                                                  11668  3   64 
 0.380      4.75                                                  11668  3   65 
 0.385      4.38                                                  11668  3   66 
 0.388      3.67                                                  11668  3   67 
 0.390      4.71                                                  11668  3   68 
 0.395      3.85                                                  11668  3   69 
 0.399      3.50                                                  11668  3   70 
 0.405      3.12                                                  11668  3   71 
 0.408      3.07                                                  11668  3   72 
 0.416      3.88                                                  11668  3   73 
 0.423      4.47                                                  11668  3   74 
 0.427      4.62                                                  11668  3   75 
 0.435      4.4                                                   11668  3   76 
 0.438      4.56                                                  11668  3   77 
 0.443      4.95                                                  11668  3   78 
 0.447      3.25                                                  11668  3   79 
 0.451      4.05                                                  11668  3   80 
 0.453      3.9                                                   11668  3   81 
 0.457      4.08                                                  11668  3   82 
 0.464      4.6                                                   11668  3   83 
 0.465      4.95                                                  11668  3   84 
 0.472      5.17                                                  11668  3   85 
 0.477      4.99                                                  11668  3   86 
 0.478      4.72                                                  11668  3   87 
 0.482      4.61                                                  11668  3   88 
 0.493      4.62                                                  11668  3   89 
 0.501      4.31                                                  11668  3   90 
 0.502      3.78                                                  11668  3   91 
 0.503      4.47                                                  11668  3   92 
 0.503      4.58                                                  11668  3   93 
 0.507      4.19                                                  11668  3   94 
 0.513      4.18                                                  11668  3   95 
 0.514      4.30                                                  11668  3   96 
 0.529      3.65                                                  11668  3   97 
 0.530      3.86                                                  11668  3   98 
 0.536      3.65                                                  11668  3   99 
 0.540      3.78                                                  11668  3  100 
 0.540      3.55                                                  11668  3  101 
 0.545      3.42                                                  11668  3  102 
 0.550      2.95                                                  11668  3  103 
 0.554      3.42                                                  11668  3  104 
 0.556      3.08                                                  11668  3  105 
 0.558      3.3                                                   11668  3  106 
 0.567      3.82                                                  11668  3  107 
 0.570      4.03                                                  11668  3  108 
 0.578      3.85                                                  11668  3  109 
 0.579      3.96                                                  11668  3  110 
 0.592      3.83                                                  11668  3  111 
 0.604      3.54                                                  11668  3  112 
 0.610      3.65                                                  11668  3  113 
 0.617      3.55                                                  11668  3  114 
 0.6175     3.68                                                  11668  3  115 
 0.628      4.1                                                   11668  3  116 
 0.629      3.99                                                  11668  3  117 
 0.640      3.6                                                   11668  3  118 
 0.641      3.73                                                  11668  3  119 
 0.653      4.04                                                  11668  3  120 
 0.664      4.06                                                  11668  3  121 
 0.665      4.2                                                   11668  3  122 
 0.677      4.18                                                  11668  3  123 
 0.677      3.9                                                   11668  3  124 
 0.678      4.03                                                  11668  3  125 
 0.679      4.27                                                  11668  3  126 
 0.6925     4.38                                                  11668  3  127 
 0.704      3.78                                                  11668  3  128 
 0.716      3.95                                                  11668  3  129 
 0.727      3.47                                                  11668  3  130 
 0.728      3.17                                                  11668  3  131 
 0.742      3.75                                                  11668  3  132 
 0.747      3.45                                                  11668  3  133 
 0.752      3.27                                                  11668  3  134 
 0.752      3.48                                                  11668  3  135 
 0.765      3.5                                                   11668  3  136 
 0.776      3.51                                                  11668  3  137 
 0.776      3.72                                                  11668  3  138 
 0.787      3.65                                                  11668  3  139 
 0.796      3.42                                                  11668  3  140 
 0.798      3.46                                                  11668  3  141 
 0.799      2.89                                                  11668  3  142 
 0.799      3.57                                                  11668  3  143 
 0.803      3.27                                                  11668  3  144 
 0.811      3.44                                                  11668  3  145 
 0.824      2.9                                                   11668  3  146 
 0.825      3.28                                                  11668  3  147 
 0.834      3.35                                                  11668  3  148 
 0.837      3.61                                                  11668  3  149 
 0.843      3.24                                                  11668  3  150 
 0.848      3.0                                                   11668  3  151 
 0.849      3.36                                                  11668  3  152 
 0.856      3.02                                                  11668  3  153 
 0.858      3.6                                                   11668  3  154 
 0.860      3.23                                                  11668  3  155 
 0.864      3.61                                                  11668  3  156 
 0.872      3.57                                                  11668  3  157 
 0.8725     2.92                                                  11668  3  158 
 0.8725     3.33                                                  11668  3  159 
 0.8725     3.44                                                  11668  3  160 
 0.873      3.78                                                  11668  3  161 
 0.879      3.85                                                  11668  3  162 
 0.884      3.6                                                   11668  3  163 
 0.885      3.75                                                  11668  3  164 
 0.892      3.48                                                  11668  3  165 
 0.896      3.76                                                  11668  3  166 
 0.902      3.21                                                  11668  3  167 
 0.907      2.9                                                   11668  3  168 
 0.909      3.04                                                  11668  3  169 
 0.913      3.16                                                  11668  3  170 
 0.919      3.39                                                  11668  3  171 
 0.920      3.29                                                  11668  3  172 
 0.922      3.47                                                  11668  3  173 
 0.933      2.87                                                  11668  3  174 
 0.934      3.1                                                   11668  3  175 
 0.938      3.41                                                  11668  3  176 
 0.945      3.0                                                   11668  3  177 
 0.956      3.25                                                  11668  3  178 
 0.9575     3.65                                                  11668  3  179 
 0.968      3.3                                                   11668  3  180 
 0.980      3.1                                                   11668  3  181 
 0.981      3.46                                                  11668  3  182 
 0.992      3.48                                                  11668  3  183 
 0.994      3.31                                                  11668  3  184 
ENDDATA            177          0                                 11668  3  185 
ENDSUBENT          184          0                                 11668  399999 
SUBENT        11668004   19831011                             146811668  4    1 
BIB                  2          2                                 11668  4    2 
REACTION   (42-MO-0(N,TOT),,SIG)                                  11668  4    3 
STATUS     Data above 450 keV read from curve in BNL-325.         11668  4    4 
ENDBIB               2          0                                 11668  4    5 
NOCOMMON             0          0                                 11668  4    6 
DATA                 2         49                                 11668  4    7 
EN         DATA                                                   11668  4    8 
KEV        B                                                      11668  4    9 
  12.       7.9                                                   11668  4   10 
  18.       9.1                                                   11668  4   11 
  22.       7.6                                                   11668  4   12 
  26.       8.5                                                   11668  4   13 
  30.       8.9                                                   11668  4   14 
  36.       8.8                                                   11668  4   15 
  44.       8.9                                                   11668  4   16 
  46.       8.5                                                   11668  4   17 
  49.       8.4                                                   11668  4   18 
  54.       8.3                                                   11668  4   19 
  60.       8.9                                                   11668  4   20 
  64.       9.2                                                   11668  4   21 
  70.       9.3                                                   11668  4   22 
  75.       9.0                                                   11668  4   23 
  79.       8.6                                                   11668  4   24 
  84.       8.0                                                   11668  4   25 
  90.       9.2                                                   11668  4   26 
  95.       9.25                                                  11668  4   27 
 100.       9.0                                                   11668  4   28 
 109.       8.7                                                   11668  4   29 
 122.       8.75                                                  11668  4   30 
 127.       9.30                                                  11668  4   31 
 150.       9.25                                                  11668  4   32 
 167.       9.35                                                  11668  4   33 
 188.       8.80                                                  11668  4   34 
 208.       9.40                                                  11668  4   35 
 228.       8.70                                                  11668  4   36 
 245.       9.15                                                  11668  4   37 
 263.       8.25                                                  11668  4   38 
 275.       9.00                                                  11668  4   39 
 288.       8.30                                                  11668  4   40 
 312.       8.40                                                  11668  4   41 
 327.       8.60                                                  11668  4   42 
 342.       8.40                                                  11668  4   43 
 365.       8.50                                                  11668  4   44 
 390.       8.70                                                  11668  4   45 
 415.       8.55                                                  11668  4   46 
 435.       8.40                                                  11668  4   47 
 495.       8.05                                                  11668  4   48 
 530.       8.0                                                   11668  4   49 
 575.       7.85                                                  11668  4   50 
 645.       7.55                                                  11668  4   51 
 735.       7.35                                                  11668  4   52 
 880.       7.0                                                   11668  4   53 
 945.       6.85                                                  11668  4   54 
1030.       6.5                                                   11668  4   55 
1100.       6.45                                                  11668  4   56 
1190.       6.25                                                  11668  4   57 
1250.       5.9                                                   11668  4   58 
ENDDATA             51          0                                 11668  4   59 
ENDSUBENT           58          0                                 11668  499999 
ENDENTRY             4          0                                 1166899999999 
