ENTRY            11693   19831011                             00001169300000001 
SUBENT        11693001   19831011                             00001169300100001 
BIB                  5          6                                 1169300100002 
INSTITUTE  (1USALAS)                                              1169300100003 
REFERENCE  (W,ALLEN,5503)                                         1169300100004 
AUTHOR     (R.C.ALLEN)                                            1169300100005 
STATUS     (SCSRS)                                                1169300100006 
HISTORY    (760730T) TRANSLATED FROM SCISRS                       1169300100007 
           (831011A) CONVERTED TO REACTION FORMALISM              1169300100008 
ENDBIB               6          0                                 1169300100009 
COMMON               1          3                                 1169300100010 
EN-RSL                                                            1169300100011 
KEV                                                               1169300100012 
 50.                                                              1169300100013 
ENDCOMMON            3          0                                 1169300100014 
ENDSUBENT           13          0                                 1169300199999 
SUBENT        11693002   19831011                             00001169300200001 
BIB                  2          2                                 1169300200002 
REACTION   (26-FE-0(N,NON),,SIG)                                  1169300200003 
METHOD                SPHERICAL SHELL TRANSMISSION                1169300200004 
ENDBIB               2          0                                 1169300200005 
NOCOMMON             0          0                                 1169300200006 
DATA                 3          7                                 1169300200007 
EN         DATA       DATA-ERR                                    1169300200008 
MEV        B          B                                           1169300200009 
 8.00   -01 3.0    -02 2.00   -01                                 1169300200010 
 9.00   -01 4.0    -02                                            1169300200011 
 1.000  +00 3.60   -01                                            1169300200012 
 1.100  +00 4.60   -01                                            1169300200013 
 1.200  +00 4.90   -01                                            1169300200014 
 1.300  +00 4.30   -01                                            1169300200015 
 1.500  +00 7.50   -01                                            1169300200016 
ENDDATA              9          0                                 1169300200017 
ENDSUBENT           16          0                                 1169300299999 
SUBENT        11693003   19831011                             00001169300300001 
BIB                  2          2                                 1169300300002 
REACTION   (82-PB-0(N,NON),,SIG)                                  1169300300003 
METHOD                SPHERICAL SHELL TRANSMISSION                1169300300004 
ENDBIB               2          0                                 1169300300005 
NOCOMMON             0          0                                 1169300300006 
DATA                 3          8                                 1169300300007 
EN         DATA       DATA-ERR                                    1169300300008 
MEV        B          B                                           1169300300009 
 8.00   -01 2.60   -01 2.00   -01                                 1169300300010 
 9.00   -01 1.50   -01                                            1169300300011 
 1.000  +00 3.00   -01                                            1169300300012 
 1.100  +00 4.30   -01                                            1169300300013 
 1.200  +00 4.60   -01                                            1169300300014 
 1.300  +00 3.40   -01                                            1169300300015 
 1.400  +00 4.60   -01                                            1169300300016 
 1.600  +00 4.80   -01                                            1169300300017 
ENDDATA             10          0                                 1169300300018 
ENDSUBENT           17          0                                 1169300399999 
SUBENT        11693004   19831011                             00001169300400001 
BIB                  2          2                                 1169300400002 
REACTION   (83-BI-209(N,NON),,SIG)                                1169300400003 
METHOD                SPHERICAL SHELL TRANSMISSION                1169300400004 
ENDBIB               2          0                                 1169300400005 
NOCOMMON             0          0                                 1169300400006 
DATA                 3         11                                 1169300400007 
EN         DATA       DATA-ERR                                    1169300400008 
MEV        B          B                                           1169300400009 
 6.00   -01 1.0    -02 8.0    -02                                 1169300400010 
 7.00   -01 0.     +00                                            1169300400011 
 8.00   -01 2.0    -02                                            1169300400012 
 9.00   -01 2.0    -02                                            1169300400013 
 1.000  +00 1.90   -01                                            1169300400014 
 1.100  +00 1.40   -01                                            1169300400015 
 1.200  +00 1.50   -01                                            1169300400016 
 1.300  +00 1.50   -01                                            1169300400017 
 1.400  +00 1.50   -01                                            1169300400018 
 1.500  +00 2.00   -01                                            1169300400019 
 1.600  +00 1.80   -01                                            1169300400020 
ENDDATA             13          0                                 1169300400021 
ENDSUBENT           20          0                                 1169300499999 
ENDENTRY             4          0                                 1169399999999 
