ENTRY            11708   20200503                             146811708  0    1 
SUBENT        11708001   20200503                             146811708  1    1 
BIB                 12         16                                 11708  1    2 
INSTITUTE  (1USAORL)                                              11708  1    3 
REFERENCE  ((R,ORNL-TM-2052,1968)=(T,KINNEY,1968))                11708  1    4 
           (R,ORNL-4249,1968)                                     11708  1    5 
AUTHOR     (W.E.Kinney)                                           11708  1    6 
TITLE      Neutron elastic and inelastic scattering from Fe56 from11708  1    7 
           4.60 to 7.55 MeV.                                      11708  1    8 
FACILITY   (VDG,1USAORL)                                          11708  1    9 
INC-SOURCE (D-D)                                                  11708  1   10 
METHOD     (TOF)                                                  11708  1   11 
DETECTOR   (SCIN) NE-213 liquid scintillator                      11708  1   12 
MONITOR    (1-H-1(N,SCT)1-H-1,,SIG)                               11708  1   13 
ERR-ANALYS (DATA-ERR) Total uncertainty                           11708  1   14 
STATUS     (TABLE) Data from ORNL-TM-2052, pp.99-106              11708  1   15 
HISTORY    (19760730T) Translated from SCISRS                     11708  1   16 
           (19831011A) Converted to reaction formalism            11708  1   17 
           (20200502U) OS.                                        11708  1   18 
ENDBIB              16          0                                 11708  1   19 
NOCOMMON             0          0                                 11708  1   20 
ENDSUBENT           19          0                                 11708  199999 
SUBENT        11708002   20200503                             146811708  2    1 
BIB                  2          2                                 11708  2    2 
REACTION   (26-FE-56(N,INL)26-FE-56,PAR,SIG)                      11708  2    3 
ANALYSIS   (INTAD) Integrated angular distribution                11708  2    4 
ENDBIB               2          0                                 11708  2    5 
NOCOMMON             0          0                                 11708  2    6 
DATA                 6         30                                 11708  2    7 
E-LVL-MIN  E-LVL-MAX  EN         EN-RSL     DATA       DATA-ERR   11708  2    8 
MEV        MEV        MEV        MEV        B          B          11708  2    9 
 2.939      2.957      4.60   +00 5.     -02 1.08   -01 1.2    -0211708  2   10 
 2.939      2.957      5.56   +00 4.     -02 8.7    -02 1.0    -0211708  2   11 
 2.939      2.957      6.12   +00 4.     -02 5.3    -02 6.     -0311708  2   12 
 2.939      2.957      6.53   +00 3.     -02 5.3    -02 8.     -0311708  2   13 
 2.939      2.957      7.55   +00 4.     -02 1.3    -02 2.     -0311708  2   14 
 3.119      3.122      4.60   +00 5.     -02 1.40   -01 1.6    -0211708  2   15 
 3.119      3.122      5.04   +00 4.     -02 1.23   -01 1.6    -0211708  2   16 
 3.119      3.122      5.56   +00 4.     -02 9.7    -02 1.2    -0211708  2   17 
 3.119      3.122      6.12   +00 4.     -02 7.0    -02 7.     -0311708  2   18 
 3.119      3.122      6.53   +00 3.     -02 5.0    -02 7.     -0311708  2   19 
 3.368      3.450      5.04   +00 4.     -02 1.95   -01 2.3    -0211708  2   20 
 3.368      3.450      5.56   +00 4.     -02 1.75   -01 2.3    -0211708  2   21 
 3.368      3.450      6.12   +00 4.     -02 1.10   -01 1.3    -0211708  2   22 
 3.368      3.450      6.53   +00 3.     -02 9.4    -02 1.8    -0211708  2   23 
 3.368      3.450      7.55   +00 4.     -02 4.5    -02 5.     -0311708  2   24 
 3.600      3.605      5.04   +00 4.     -02 1.33   -01 1.6    -0211708  2   25 
 3.600      3.605      5.56   +00 4.     -02 1.16   -01 1.4    -0211708  2   26 
 3.600      3.605      6.12   +00 4.     -02 6.9    -02 9.     -0311708  2   27 
 3.600      3.605      6.53   +00 3.     -02 6.4    -02 1.9    -0211708  2   28 
 3.600      3.605      7.55   +00 4.     -02 2.0    -02 3.     -0311708  2   29 
 3.829      3.856      5.04   +00 4.     -02 1.03   -01 1.2    -0211708  2   30 
 3.829      3.856      5.56   +00 4.     -02 9.8    -02 1.2    -0211708  2   31 
 3.829      3.856      6.12   +00 4.     -02 5.5    -02 7.     -0311708  2   32 
 3.829      3.856      6.53   +00 3.     -02 4.5    -02 1.0    -0211708  2   33 
 3.829      3.856      7.55   +00 4.     -02 2.0    -02 2.     -0311708  2   34 
 4.046      4.116      5.56   +00 4.     -02 1.25   -01 1.8    -0211708  2   35 
 4.046      4.116      6.12   +00 4.     -02 7.0    -02 1.2    -0211708  2   36 
 4.046      4.116      6.53   +00 3.     -02 6.7    -02 1.2    -0211708  2   37 
 4.046      4.116      7.55   +00 4.     -02 3.0    -02 3.     -0311708  2   38 
 4.296      4.728      7.55   +00 4.     -02 1.20   -01 1.2    -0211708  2   39 
ENDDATA             32          0                                 11708  2   40 
ENDSUBENT           39          0                                 11708  299999 
SUBENT        11708003   20200503                             146811708  3    1 
BIB                  3          3                                 11708  3    2 
REACTION   (26-FE-56(N,EL)26-FE-56,,SIG)                          11708  3    3 
ANALYSIS   (INTAD)                                                11708  3    4 
STATUS     (DEP,11708006) Integrated angular distribution         11708  3    5 
ENDBIB               3          0                                 11708  3    6 
NOCOMMON             0          0                                 11708  3    7 
DATA                 4          7                                 11708  3    8 
EN         EN-RSL     DATA       DATA-ERR                         11708  3    9 
MEV        MEV        B          B                                11708  3   10 
 4.60   +00 5.     -02 2.20   +00 3.0    -01                      11708  3   11 
 5.00   +00 4.     -02 1.96   +00 1.0    -01                      11708  3   12 
 5.04   +00 4.     -02 2.07   +00 1.0    -01                      11708  3   13 
 5.56   +00 4.     -02 1.96   +00 1.1    -01                      11708  3   14 
 6.12   +00 4.     -02 1.97   +00 1.1    -01                      11708  3   15 
 6.53   +00 3.     -02 1.96   +00 5.     -02                      11708  3   16 
 7.55   +00 4.     -02 1.91   +00 3.     -02                      11708  3   17 
ENDDATA              9          0                                 11708  3   18 
ENDSUBENT           17          0                                 11708  399999 
SUBENT        11708004   20200503                             146811708  4    1 
BIB                  3          3                                 11708  4    2 
REACTION   (26-FE-56(N,INL)26-FE-56,PAR,SIG)                      11708  4    3 
ANALYSIS   (INTAD) Integrated angular distribution                11708  4    4 
STATUS     (DEP,11708007)                                         11708  4    5 
ENDBIB               3          0                                 11708  4    6 
COMMON               1          3                                 11708  4    7 
E-LVL                                                             11708  4    8 
MEV                                                               11708  4    9 
 0.846                                                            11708  4   10 
ENDCOMMON            3          0                                 11708  4   11 
DATA                 4          7                                 11708  4   12 
EN         EN-RSL     DATA       DATA-ERR                         11708  4   13 
MEV        MEV        B          B                                11708  4   14 
 4.60   +00 5.     -02 2.68   -01 2.3    -02                      11708  4   15 
 5.00   +00 4.     -02 1.95   -01 1.1    -02                      11708  4   16 
 5.04   +00 4.     -02 2.30   -01 1.4    -02                      11708  4   17 
 5.56   +00 4.     -02 2.14   -01 1.8    -02                      11708  4   18 
 6.12   +00 4.     -02 1.63   -01 1.4    -02                      11708  4   19 
 6.53   +00 3.     -02 1.58   -01 1.3    -02                      11708  4   20 
 7.55   +00 4.     -02 1.21   -01 7.     -03                      11708  4   21 
ENDDATA              9          0                                 11708  4   22 
ENDSUBENT           21          0                                 11708  499999 
SUBENT        11708005   19831011                             00001170800500001 
BIB                  1          1                                 1170800500002 
REACTION   (26-FE-56(N,INL)26-FE-56,PAR,SIG)                      1170800500003 
ENDBIB               1          0                                 1170800500004 
NOCOMMON             0          0                                 1170800500005 
DATA                 5         12                                 1170800500006 
E-LVL      EN         EN-RSL     DATA       DATA-ERR              1170800500007 
MEV        MEV        MEV        B          B                     1170800500008 
    2.084   4.60   +00 5.     -02 1.06   -01 1.2    -02           1170800500009 
    2.084   5.04   +00 4.     -02 8.1    -02 1.0    -02           1170800500010 
    2.084   5.56   +00 4.     -02 6.5    -02 8.     -03           1170800500011 
    2.084   6.12   +00 4.     -02 4.7    -02 5.     -03           1170800500012 
    2.084   6.53   +00 3.     -02 4.0    -02 3.     -03           1170800500013 
    2.084   7.55   +00 4.     -02 2.8    -02 3.     -03           1170800500014 
    2.645   4.60   +00 5.     -02 1.22   -01 1.4    -02           1170800500015 
    2.645   5.04   +00 4.     -02 1.05   -01 1.2    -02           1170800500016 
    2.645   5.56   +00 4.     -02 7.8    -02 1.0    -02           1170800500017 
    2.645   6.12   +00 4.     -02 4.4    -02 6.     -03           1170800500018 
    2.645   6.53   +00 3.     -02 4.2    -02 4.     -03           1170800500019 
    2.645   7.55   +00 4.     -02 2.5    -02 3.     -03           1170800500020 
ENDDATA             14          0                                 1170800500021 
ENDSUBENT           20          0                                 1170800599999 
SUBENT        11708006   19831011                             00001170800600001 
BIB                  1          1                                 1170800600002 
REACTION   (26-FE-56(N,EL)26-FE-56,,DA)                           1170800600003 
ENDBIB               1          0                                 1170800600004 
NOCOMMON             0          0                                 1170800600005 
DATA                 5         85                                 1170800600006 
EN         EN-RSL     COS-CM     DATA       DATA-ERR              1170800600007 
MEV        MEV        NO-DIM     MB/SR      MB/SR                 1170800600008 
 4.60   +00 5.     -02 0.86530    6.98   +02 7.0    +01           1170800600009 
 4.60   +00 5.     -02 0.72996    3.38   +02 3.4    +01           1170800600010 
 4.60   +00 5.     -02 0.57143    7.9    +01 8.     +00           1170800600011 
 4.60   +00 5.     -02 0.35837    1.8    +01 2.     +00           1170800600012 
 4.60   +00 5.     -02 0.15643    3.1    +01 3.     +00           1170800600013 
 4.60   +00 5.     -02-0.0698     4.9    +01 5.     +00           1170800600014 
 4.60   +00 5.     -02-0.2756     6.6    +01 6.     +00           1170800600015 
 4.60   +00 5.     -02-0.4718     5.0    +01 5.     +00           1170800600016 
 4.60   +00 5.     -02-0.6709     4.0    +01 4.     +00           1170800600017 
 5.00   +00 4.     -02 0.90582    1.093  +03 8.9    +01           1170800600018 
 5.00   +00 4.     -02 0.86530    8.19   +02 6.5    +01           1170800600019 
 5.00   +00 4.     -02 0.81815    6.17   +02 4.8    +01           1170800600020 
 5.00   +00 4.     -02 0.76473    4.04   +02 3.2    +01           1170800600021 
 5.00   +00 4.     -02 0.68029    2.04   +02 1.6    +01           1170800600022 
 5.00   +00 4.     -02 0.57167    7.5    +01 6.     +00           1170800600023 
 5.00   +00 4.     -02 0.49773    2.7    +01 2.     +00           1170800600024 
 5.00   +00 4.     -02 0.42024    1.0    +01 1.     +00           1170800600025 
 5.00   +00 4.     -02 0.27564    8.     +00 1.     +00           1170800600026 
 5.00   +00 4.     -02 0.15643    1.7    +01 2.     +00           1170800600027 
 5.00   +00 4.     -02-0.0175     2.9    +01 3.     +00           1170800600028 
 5.00   +00 4.     -02-0.1908     4.0    +01 4.     +00           1170800600029 
 5.00   +00 4.     -02-0.4384     3.7    +01 3.     +00           1170800600030 
 5.00   +00 4.     -02-0.6446     1.9    +01 2.     +00           1170800600031 
 5.00   +00 4.     -02-0.7674     1.2    +01 1.     +00           1170800600032 
 5.04   +00 4.     -02 0.86530    8.35   +02 6.4    +01           1170800600033 
 5.04   +00 4.     -02 0.72996    2.12   +02 4.0    +01           1170800600034 
 5.04   +00 4.     -02 0.57167    8.0    +01 7.     +00           1170800600035 
 5.04   +00 4.     -02 0.35837    1.3    +01 1.     +00           1170800600036 
 5.04   +00 4.     -02 0.15643    2.1    +01 2.     +00           1170800600037 
 5.04   +00 4.     -02-0.0698     3.5    +01 3.     +00           1170800600038 
 5.04   +00 4.     -02-0.2756     4.3    +01 4.     +00           1170800600039 
 5.04   +00 4.     -02-0.4718     3.9    +01 4.     +00           1170800600040 
 5.04   +00 4.     -02-0.6446     1.9    +01 2.     +00           1170800600041 
 5.56   +00 4.     -02 0.86530    9.59   +02 9.7    +01           1170800600042 
 5.56   +00 4.     -02 0.72996    2.39   +02 2.3    +01           1170800600043 
 5.56   +00 4.     -02 0.62751    1.31   +02 1.3    +01           1170800600044 
 5.56   +00 4.     -02 0.49773    2.7    +01 3.     +00           1170800600045 
 5.56   +00 4.     -02 0.24192    1.4    +01 2.     +00           1170800600046 
 5.56   +00 4.     -02-0.0175     3.0    +01 3.     +00           1170800600047 
 5.56   +00 4.     -02-0.2756     2.7    +01 3.     +00           1170800600048 
 5.56   +00 4.     -02-0.4718     2.4    +01 3.     +00           1170800600049 
 5.56   +00 4.     -02-0.6709     1.6    +01 2.     +00           1170800600050 
 6.12   +00 4.     -02 0.86530    8.89   +02 8.6    +01           1170800600051 
 6.12   +00 4.     -02 0.76473    3.40   +02 3.4    +01           1170800600052 
 6.12   +00 4.     -02 0.70546    2.02   +02 2.0    +01           1170800600053 
 6.12   +00 4.     -02 0.64100    1.06   +02 1.1    +01           1170800600054 
 6.12   +00 4.     -02 0.57167    4.9    +01 5.     +00           1170800600055 
 6.12   +00 4.     -02 0.40674    1.2    +01 2.     +00           1170800600056 
 6.12   +00 4.     -02 0.32557    9.     +00 1.     +00           1170800600057 
 6.12   +00 4.     -02 0.15643    1.6    +01 2.     +00           1170800600058 
 6.12   +00 4.     -02-0.0175     2.5    +01 3.     +00           1170800600059 
 6.12   +00 4.     -02-0.1045     2.8    +01 3.     +00           1170800600060 
 6.12   +00 4.     -02-0.1908     2.5    +01 3.     +00           1170800600061 
 6.12   +00 4.     -02-0.3090     2.4    +01 3.     +00           1170800600062 
 6.12   +00 4.     -02-0.4226     2.2    +01 2.     +00           1170800600063 
 6.53   +00 3.     -02 0.86530    9.47   +02 7.3    +01           1170800600064 
 6.53   +00 3.     -02 0.81815    6.62   +02 5.1    +01           1170800600065 
 6.53   +00 3.     -02 0.76473    3.27   +02 2.5    +01           1170800600066 
 6.53   +00 3.     -02 0.70567    1.77   +02 1.5    +01           1170800600067 
 6.53   +00 3.     -02 0.64100    7.7    +01 6.     +00           1170800600068 
 6.53   +00 3.     -02 0.57167    3.9    +01 4.     +00           1170800600069 
 6.53   +00 3.     -02 0.49773    1.2    +01 1.     +00           1170800600070 
 6.53   +00 3.     -02 0.40674    1.3    +01 1.     +00           1170800600071 
 6.53   +00 3.     -02 0.32557    1.6    +01 2.     +00           1170800600072 
 6.53   +00 3.     -02 0.15643    2.1    +01 2.     +00           1170800600073 
 6.53   +00 3.     -02 0.06976    2.3    +01 2.     +00           1170800600074 
 6.53   +00 3.     -02-0.0698     2.3    +01 2.     +00           1170800600075 
 6.53   +00 3.     -02-0.1908     2.0    +01 2.     +00           1170800600076 
 6.53   +00 3.     -02-0.3090     1.8    +01 2.     +00           1170800600077 
 6.53   +00 3.     -02-0.4226     1.6    +01 2.     +00           1170800600078 
 7.55   +00 4.     -02 0.90582    1.476  +03 1.13   +02           1170800600079 
 7.55   +00 4.     -02 0.86530    9.34   +02 7.3    +01           1170800600080 
 7.55   +00 4.     -02 0.81815    5.83   +02 4.5    +01           1170800600081 
 7.55   +00 4.     -02 0.76473    3.18   +02 2.5    +01           1170800600082 
 7.55   +00 4.     -02 0.70567    1.41   +02 1.1    +01           1170800600083 
 7.55   +00 4.     -02 0.57167    1.8    +01 2.     +00           1170800600084 
 7.55   +00 4.     -02 0.49773    4.0    +00 4.     -01           1170800600085 
 7.55   +00 4.     -02 0.40674    8.     +00 1.     +00           1170800600086 
 7.55   +00 4.     -02 0.32557    1.4    +01 1.     +00           1170800600087 
 7.55   +00 4.     -02 0.24192    1.8    +01 2.     +00           1170800600088 
 7.55   +00 4.     -02 0.10453    2.4    +01 2.     +00           1170800600089 
 7.55   +00 4.     -02-0.0175     2.3    +01 2.     +00           1170800600090 
 7.55   +00 4.     -02-0.1908     2.0    +01 2.     +00           1170800600091 
 7.55   +00 4.     -02-0.3090     1.7    +01 1.     +00           1170800600092 
 7.55   +00 4.     -02-0.4226     1.3    +01 1.     +00           1170800600093 
ENDDATA             87          0                                 1170800600094 
ENDSUBENT           93          0                                 1170800699999 
SUBENT        11708007   19831011                             00001170800700001 
BIB                  1          1                                 1170800700002 
REACTION   (26-FE-56(N,INL)26-FE-56,PAR,DA)                       1170800700003 
ENDBIB               1          0                                 1170800700004 
COMMON               1          3                                 1170800700005 
E-LVL                                                             1170800700006 
MEV                                                               1170800700007 
     .846                                                         1170800700008 
ENDCOMMON            3          0                                 1170800700009 
DATA                 5         85                                 1170800700010 
EN         EN-RSL     COS-CM     DATA-CM    DATA-ERR              1170800700011 
MEV        MEV        NO-DIM     MB/SR      MB/SR                 1170800700012 
 4.60   +00 5.     -02 0.86530    2.1    +01 3.     +00           1170800700013 
 4.60   +00 5.     -02 0.72996    2.6    +01 3.     +00           1170800700014 
 4.60   +00 5.     -02 0.57143    2.0    +01 3.     +00           1170800700015 
 4.60   +00 5.     -02 0.35837    2.5    +01 3.     +00           1170800700016 
 4.60   +00 5.     -02 0.15643    2.2    +01 2.     +00           1170800700017 
 4.60   +00 5.     -02-0.0698     2.1    +01 2.     +00           1170800700018 
 4.60   +00 5.     -02-0.2756     2.4    +01 3.     +00           1170800700019 
 4.60   +00 5.     -02-0.4718     1.7    +01 2.     +00           1170800700020 
 4.60   +00 5.     -02-0.6709     2.1    +01 2.     +00           1170800700021 
 5.00   +00 4.     -02 0.90582    3.1    +01 5.     +00           1170800700022 
 5.00   +00 4.     -02 0.86530    2.6    +01 4.     +00           1170800700023 
 5.00   +00 4.     -02 0.81815    2.8    +01 3.     +00           1170800700024 
 5.00   +00 4.     -02 0.76473    2.6    +01 3.     +00           1170800700025 
 5.00   +00 4.     -02 0.68029    2.5    +01 2.     +00           1170800700026 
 5.00   +00 4.     -02 0.57167    2.4    +01 2.     +00           1170800700027 
 5.00   +00 4.     -02 0.49773    1.6    +01 2.     +00           1170800700028 
 5.00   +00 4.     -02 0.42024    1.5    +01 2.     +00           1170800700029 
 5.00   +00 4.     -02 0.27564    8.     +00 1.     +00           1170800700030 
 5.00   +00 4.     -02 0.15643    1.2    +01 1.     +00           1170800700031 
 5.00   +00 4.     -02-0.0175     8.     +00 1.     +00           1170800700032 
 5.00   +00 4.     -02-0.1908     1.2    +01 1.     +00           1170800700033 
 5.00   +00 4.     -02-0.4384     1.3    +01 1.     +00           1170800700034 
 5.00   +00 4.     -02-0.6446     1.6    +01 2.     +00           1170800700035 
 5.00   +00 4.     -02-0.7674     1.2    +01 1.     +00           1170800700036 
 5.04   +00 4.     -02 0.86530    3.0    +01 3.     +00           1170800700037 
 5.04   +00 4.     -02 0.72996    2.1    +01 2.     +00           1170800700038 
 5.04   +00 4.     -02 0.57167    2.6    +01 2.     +00           1170800700039 
 5.04   +00 4.     -02 0.35837    1.6    +01 2.     +00           1170800700040 
 5.04   +00 4.     -02 0.15643    1.4    +01 1.     +00           1170800700041 
 5.04   +00 4.     -02-0.0698     1.3    +01 1.     +00           1170800700042 
 5.04   +00 4.     -02-0.2756     1.6    +01 2.     +00           1170800700043 
 5.04   +00 4.     -02-0.4718     1.9    +01 2.     +00           1170800700044 
 5.04   +00 4.     -02-0.6446     1.8    +01 2.     +00           1170800700045 
 5.56   +00 4.     -02 0.86530    3.2    +01 4.     +00           1170800700046 
 5.56   +00 4.     -02 0.72996    1.9    +01 2.     +00           1170800700047 
 5.56   +00 4.     -02 0.62751    2.4    +01 2.     +00           1170800700048 
 5.56   +00 4.     -02 0.49773    1.8    +01 2.     +00           1170800700049 
 5.56   +00 4.     -02 0.24192    1.4    +01 2.     +00           1170800700050 
 5.56   +00 4.     -02-0.0175     1.4    +01 2.     +00           1170800700051 
 5.56   +00 4.     -02-0.2756     1.6    +01 2.     +00           1170800700052 
 5.56   +00 4.     -02-0.4718     1.6    +01 2.     +00           1170800700053 
 5.56   +00 4.     -02-0.6709     1.4    +01 2.     +00           1170800700054 
 6.12   +00 4.     -02 0.86530    2.3    +01 4.     +00           1170800700055 
 6.12   +00 4.     -02 0.76473    1.5    +01 2.     +00           1170800700056 
 6.12   +00 4.     -02 0.70546    1.9    +01 2.     +00           1170800700057 
 6.12   +00 4.     -02 0.64100    1.5    +01 2.     +00           1170800700058 
 6.12   +00 4.     -02 0.57167    1.2    +01 1.     +00           1170800700059 
 6.12   +00 4.     -02 0.40674    1.1    +01 3.     +00           1170800700060 
 6.12   +00 4.     -02 0.32557    1.1    +01 1.     +00           1170800700061 
 6.12   +00 4.     -02 0.15643    8.     +00 1.     +00           1170800700062 
 6.12   +00 4.     -02-0.0175     1.0    +01 1.     +00           1170800700063 
 6.12   +00 4.     -02-0.1045     1.0    +01 1.     +00           1170800700064 
 6.12   +00 4.     -02-0.1908     1.2    +01 2.     +00           1170800700065 
 6.12   +00 4.     -02-0.3092     1.4    +01 2.     +00           1170800700066 
 6.12   +00 4.     -02-0.4226     1.2    +01 2.     +00           1170800700067 
 6.53   +00 3.     -02 0.86530    3.3    +01 5.     +00           1170800700068 
 6.53   +00 3.     -02 0.81815    2.5    +01 3.     +00           1170800700069 
 6.53   +00 3.     -02 0.76473    2.3    +01 2.     +00           1170800700070 
 6.53   +00 3.     -02 0.70567    1.9    +01 2.     +00           1170800700071 
 6.53   +00 3.     -02 0.64100    1.6    +01 2.     +00           1170800700072 
 6.53   +00 3.     -02 0.57167    1.4    +01 1.     +00           1170800700073 
 6.53   +00 3.     -02 0.49773    1.4    +01 2.     +00           1170800700074 
 6.53   +00 3.     -02 0.40674    1.0    +01 1.     +00           1170800700075 
 6.53   +00 3.     -02 0.32557    1.3    +01 2.     +00           1170800700076 
 6.53   +00 3.     -02 0.15643    7.     +00 1.     +00           1170800700077 
 6.53   +00 3.     -02 0.06976    1.0    +01 2.     +00           1170800700078 
 6.53   +00 3.     -02-0.0698     8.     +00 1.     +00           1170800700079 
 6.53   +00 3.     -02-0.1908     1.0    +01 1.     +00           1170800700080 
 6.53   +00 3.     -02-0.3090     1.0    +01 1.     +00           1170800700081 
 6.53   +00 3.     -02-0.4226     9.     +00 1.     +00           1170800700082 
 7.55   +00 4.     -02 0.90582    2.4    +01 3.     +00           1170800700083 
 7.55   +00 4.     -02 0.86530    2.2    +01 2.     +00           1170800700084 
 7.55   +00 4.     -02 0.81815    2.2    +01 2.     +00           1170800700085 
 7.55   +00 4.     -02 0.76473    1.5    +01 1.     +00           1170800700086 
 7.55   +00 4.     -02 0.70567    1.2    +01 1.     +00           1170800700087 
 7.55   +00 4.     -02 0.57167    1.2    +01 1.     +00           1170800700088 
 7.55   +00 4.     -02 0.49773    1.0    +01 1.     +00           1170800700089 
 7.55   +00 4.     -02 0.40674    1.0    +01 1.     +00           1170800700090 
 7.55   +00 4.     -02 0.32557    9.     +00 1.     +00           1170800700091 
 7.55   +00 4.     -02 0.24192    8.     +00 1.     +00           1170800700092 
 7.55   +00 4.     -02 0.10453    1.0    +01 1.     +00           1170800700093 
 7.55   +00 4.     -02-0.0175     8.     +00 1.     +00           1170800700094 
 7.55   +00 4.     -02-0.1908     7.     +00 1.     +00           1170800700095 
 7.55   +00 4.     -02-0.3090     7.     +00 1.     +00           1170800700096 
 7.55   +00 4.     -02-0.4226     7.     +00 1.     +00           1170800700097 
ENDDATA             87          0                                 1170800700098 
ENDSUBENT           97          0                                 1170800799999 
ENDENTRY             7          0                                 1170899999999 
