ENTRY            11714   19831011                             00001171400000001 
SUBENT        11714001   19831011                             00001171400100001 
BIB                  7          8                                 1171400100002 
INSTITUTE  (1USABNL)                                              1171400100003 
REFERENCE  (J,PR,92,202,5310)                                     1171400100004 
AUTHOR     (H.PALEVSKY,D.J.HUGHES)                                1171400100005 
TITLE      MAGNETIC INELASTIC SCATTERING OF SLOW NEUTRONS.        1171400100006 
FACILITY   (CHOPS) SLOW CHOPPER                                   1171400100007 
STATUS     (SCSRS)                                                1171400100008 
HISTORY    (760730T) TRANSLATED FROM SCISRS                       1171400100009 
           (831011A) CONVERTED TO REACTION FORMALISM              1171400100010 
ENDBIB               8          0                                 1171400100011 
NOCOMMON             0          0                                 1171400100012 
ENDSUBENT           11          0                                 1171400199999 
SUBENT        11714002   19831011                             00001171400200001 
BIB                  2          2                                 1171400200002 
REACTION   (26-FE-0(N,TOT),,SIG)                                  1171400200003 
METHOD     (TOF)      TIME-OF-FLIGHT                              1171400200004 
ENDBIB               2          0                                 1171400200005 
COMMON               1          3                                 1171400200006 
TEMP                                                              1171400200007 
DEG-K                                                             1171400200008 
 1100.                                                            1171400200009 
ENDCOMMON            3          0                                 1171400200010 
DATA                 2         22                                 1171400200011 
EN         DATA                                                   1171400200012 
MEV        B                                                      1171400200013 
 5.28   -10 2.75   +01                                            1171400200014 
 5.70   -10 2.72   +01                                            1171400200015 
 6.18   -10 2.55   +01                                            1171400200016 
 6.72   -10 2.48   +01                                            1171400200017 
 7.34   -10 2.44   +01                                            1171400200018 
 8.03   -10 2.28   +01                                            1171400200019 
 8.85   -10 2.19   +01                                            1171400200020 
 9.81   -10 2.13   +01                                            1171400200021 
 1.09   -09 1.96   +01                                            1171400200022 
 1.22   -09 1.85   +01                                            1171400200023 
 1.38   -09 1.73   +01                                            1171400200024 
 1.56   -09 1.65   +01                                            1171400200025 
 1.67   -09 1.61   +01                                            1171400200026 
 1.82   -09 1.56   +01                                            1171400200027 
 1.97   -09 1.49   +01                                            1171400200028 
 2.13   -09 1.45   +01                                            1171400200029 
 2.33   -09 1.38   +01                                            1171400200030 
 2.56   -09 1.34   +01                                            1171400200031 
 2.81   -09 1.26   +01                                            1171400200032 
 3.08   -09 1.22   +01                                            1171400200033 
 3.45   -09 1.11   +01                                            1171400200034 
 3.87   -09 1.05   +01                                            1171400200035 
ENDDATA             24          0                                 1171400200036 
ENDSUBENT           35          0                                 1171400299999 
SUBENT        11714003   19831011                             00001171400300001 
BIB                  2          2                                 1171400300002 
REACTION   (26-FE-0(N,TOT),,SIG)                                  1171400300003 
METHOD     (TOF)      TIME-OF-FLIGHT                              1171400300004 
ENDBIB               2          0                                 1171400300005 
COMMON               1          3                                 1171400300006 
TEMP                                                              1171400300007 
DEG-K                                                             1171400300008 
  300.                                                            1171400300009 
ENDCOMMON            3          0                                 1171400300010 
DATA                 2         30                                 1171400300011 
EN         DATA                                                   1171400300012 
MEV        B                                                      1171400300013 
 1.03   -09 1.390  +01                                            1171400300014 
 1.10   -09 1.356  +01                                            1171400300015 
 1.17   -09 1.315  +01                                            1171400300016 
 1.25   -09 1.265  +01                                            1171400300017 
 1.30   -09 1.224  +01                                            1171400300018 
 1.43   -09 1.180  +01                                            1171400300019 
 1.55   -09 1.133  +01                                            1171400300020 
 1.67   -09 1.090  +01                                            1171400300021 
 1.81   -09 1.038  +01                                            1171400300022 
 1.96   -09 1.004  +01                                            1171400300023 
 2.03   -09 9.90   +00                                            1171400300024 
 2.16   -09 9.70   +00                                            1171400300025 
 2.31   -09 9.35   +00                                            1171400300026 
 2.45   -09 9.08   +00                                            1171400300027 
 2.62   -09 8.80   +00                                            1171400300028 
 2.79   -09 8.54   +00                                            1171400300029 
 3.01   -09 8.30   +00                                            1171400300030 
 3.23   -09 7.97   +00                                            1171400300031 
 3.48   -09 7.73   +00                                            1171400300032 
 3.72   -09 7.45   +00                                            1171400300033 
 4.08   -09 7.13   +00                                            1171400300034 
 4.32   -09 6.90   +00                                            1171400300035 
 4.43   -09 6.82   +00                                            1171400300036 
 4.64   -09 6.80   +00                                            1171400300037 
 4.87   -09 9.13   +00                                            1171400300038 
 4.91   -09 7.21   +00                                            1171400300039 
 5.01   -09 1.032  +01                                            1171400300040 
 5.17   -09 1.698  +01                                            1171400300041 
 5.55   -09 1.925  +01                                            1171400300042 
 5.98   -09 1.768  +01                                            1171400300043 
ENDDATA             32          0                                 1171400300044 
ENDSUBENT           43          0                                 1171400399999 
SUBENT        11714004   19831011                             00001171400400001 
BIB                  2          2                                 1171400400002 
REACTION   (26-FE-0(N,TOT),,SIG)                                  1171400400003 
METHOD     (TOF)      TIME-OF-FLIGHT                              1171400400004 
ENDBIB               2          0                                 1171400400005 
COMMON               1          3                                 1171400400006 
TEMP                                                              1171400400007 
DEG-K                                                             1171400400008 
  100.                                                            1171400400009 
ENDCOMMON            3          0                                 1171400400010 
DATA                 2         22                                 1171400400011 
EN         DATA                                                   1171400400012 
MEV        B                                                      1171400400013 
 1.03   -09 1.325  +01                                            1171400400014 
 1.10   -09 1.298  +01                                            1171400400015 
 1.17   -09 1.263  +01                                            1171400400016 
 1.25   -09 1.191  +01                                            1171400400017 
 1.34   -09 1.178  +01                                            1171400400018 
 1.44   -09 1.134  +01                                            1171400400019 
 1.55   -09 1.086  +01                                            1171400400020 
 1.69   -09 1.060  +01                                            1171400400021 
 1.82   -09 1.019  +01                                            1171400400022 
 1.98   -09 9.68   +00                                            1171400400023 
 2.21   -09 9.35   +00                                            1171400400024 
 2.31   -09 9.15   +00                                            1171400400025 
 2.46   -09 8.74   +00                                            1171400400026 
 2.63   -09 8.55   +00                                            1171400400027 
 2.81   -09 8.35   +00                                            1171400400028 
 3.01   -09 8.12   +00                                            1171400400029 
 3.22   -09 7.71   +00                                            1171400400030 
 3.48   -09 7.50   +00                                            1171400400031 
 3.69   -09 7.25   +00                                            1171400400032 
 4.08   -09 6.87   +00                                            1171400400033 
 4.43   -09 6.56   +00                                            1171400400034 
 4.51   -09 6.55   +00                                            1171400400035 
ENDDATA             24          0                                 1171400400036 
ENDSUBENT           35          0                                 1171400499999 
ENDENTRY             4          0                                 1171499999999 
