ENTRY            11712   19831011                             00001171200000001 
SUBENT        11712001   19831011                             00001171200100001 
BIB                  6          7                                 1171200100002 
INSTITUTE  (1USAWIS)                                              1171200100003 
REFERENCE  (J,PR,88,83,5210)                                      1171200100004 
AUTHOR     (D.W.MILLER,R.K.ADAIR,C.K.BOCKELMAN,S.E.DARDEN)        1171200100005 
TITLE      TOTAL CROSS SECTIONS OF HEAVY NUCLEI FOR FAST NEUTRONS.1171200100006 
STATUS     (SCSRS)                                                1171200100007 
HISTORY    (760730T) TRANSLATED FROM SCISRS                       1171200100008 
           (831011A) CONVERTED TO REACTION FORMALISM              1171200100009 
ENDBIB               7          0                                 1171200100010 
NOCOMMON             0          0                                 1171200100011 
ENDSUBENT           10          0                                 1171200199999 
SUBENT        11712002   19831011                             00001171200200001 
BIB                  1          1                                 1171200200002 
REACTION   (26-FE-0(N,TOT),,SIG)                                  1171200200003 
ENDBIB               1          0                                 1171200200004 
NOCOMMON             0          0                                 1171200200005 
DATA                 2         14                                 1171200200006 
EN         DATA                                                   1171200200007 
MEV        B                                                      1171200200008 
 1.005  +00 2.70   +00                                            1171200200009 
 1.15   +00 2.44   +00                                            1171200200010 
 1.3    +00 2.65   +00                                            1171200200011 
 1.45   +00 2.82   +00                                            1171200200012 
 1.61   +00 2.33   +00                                            1171200200013 
 1.75   +00 2.97   +00                                            1171200200014 
 1.9    +00 2.33   +00                                            1171200200015 
 2.05   +00 3.32   +00                                            1171200200016 
 2.24   +00 2.78   +00                                            1171200200017 
 2.44   +00 3.85   +00                                            1171200200018 
 2.63   +00 3.85   +00                                            1171200200019 
 2.82   +00 3.21   +00                                            1171200200020 
 3.01   +00 3.53   +00                                            1171200200021 
 3.21   +00 3.16   +00                                            1171200200022 
ENDDATA             16          0                                 1171200200023 
ENDSUBENT           22          0                                 1171200299999 
SUBENT        11712003   19831011                             00001171200300001 
BIB                  1          1                                 1171200300002 
REACTION   (28-NI-0(N,TOT),,SIG)                                  1171200300003 
ENDBIB               1          0                                 1171200300004 
NOCOMMON             0          0                                 1171200300005 
DATA                 2         15                                 1171200300006 
EN         DATA                                                   1171200300007 
MEV        B                                                      1171200300008 
 8.5    -01 3.32   +00                                            1171200300009 
 1.005  +00 3.28   +00                                            1171200300010 
 1.16   +00 3.50   +00                                            1171200300011 
 1.3    +00 3.74   +00                                            1171200300012 
 1.45   +00 3.32   +00                                            1171200300013 
 1.605  +00 2.89   +00                                            1171200300014 
 1.75   +00 3.42   +00                                            1171200300015 
 1.9    +00 3.32   +00                                            1171200300016 
 2.05   +00 3.21   +00                                            1171200300017 
 2.24   +00 3.16   +00                                            1171200300018 
 2.44   +00 3.16   +00                                            1171200300019 
 2.63   +00 3.42   +00                                            1171200300020 
 2.82   +00 3.51   +00                                            1171200300021 
 3.01   +00 3.35   +00                                            1171200300022 
 3.21   +00 3.35   +00                                            1171200300023 
ENDDATA             17          0                                 1171200300024 
ENDSUBENT           23          0                                 1171200399999 
SUBENT        11712004   19831011                             00001171200400001 
BIB                  1          1                                 1171200400002 
REACTION   (29-CU-0(N,TOT),,SIG)                                  1171200400003 
ENDBIB               1          0                                 1171200400004 
NOCOMMON             0          0                                 1171200400005 
DATA                 2         14                                 1171200400006 
EN         DATA                                                   1171200400007 
MEV        B                                                      1171200400008 
 1.005  +00 3.54   +00                                            1171200400009 
 1.155  +00 3.38   +00                                            1171200400010 
 1.3    +00 3.33   +00                                            1171200400011 
 1.46   +00 3.04   +00                                            1171200400012 
 1.61   +00 3.13   +00                                            1171200400013 
 1.75   +00 3.28   +00                                            1171200400014 
 1.9    +00 3.18   +00                                            1171200400015 
 2.05   +00 3.08   +00                                            1171200400016 
 2.24   +00 3.00   +00                                            1171200400017 
 2.44   +00 3.19   +00                                            1171200400018 
 2.63   +00 3.16   +00                                            1171200400019 
 2.82   +00 3.26   +00                                            1171200400020 
 3.01   +00 3.41   +00                                            1171200400021 
 3.21   +00 3.55   +00                                            1171200400022 
ENDDATA             16          0                                 1171200400023 
ENDSUBENT           22          0                                 1171200499999 
SUBENT        11712005   19831011                             00001171200500001 
BIB                  1          1                                 1171200500002 
REACTION   (30-ZN-0(N,TOT),,SIG)                                  1171200500003 
ENDBIB               1          0                                 1171200500004 
NOCOMMON             0          0                                 1171200500005 
DATA                 2         14                                 1171200500006 
EN         DATA                                                   1171200500007 
MEV        B                                                      1171200500008 
 1.0    +00 3.87   +00                                            1171200500009 
 1.15   +00 3.44   +00                                            1171200500010 
 1.3    +00 3.00   +00                                            1171200500011 
 1.46   +00 3.32   +00                                            1171200500012 
 1.6    +00 3.13   +00                                            1171200500013 
 1.75   +00 3.34   +00                                            1171200500014 
 1.9    +00 3.27   +00                                            1171200500015 
 2.05   +00 3.22   +00                                            1171200500016 
 2.24   +00 3.24   +00                                            1171200500017 
 2.44   +00 3.44   +00                                            1171200500018 
 2.63   +00 3.19   +00                                            1171200500019 
 2.82   +00 3.28   +00                                            1171200500020 
 3.01   +00 3.48   +00                                            1171200500021 
 3.2    +00 3.56   +00                                            1171200500022 
ENDDATA             16          0                                 1171200500023 
ENDSUBENT           22          0                                 1171200599999 
SUBENT        11712006   19831011                             00001171200600001 
BIB                  1          1                                 1171200600002 
REACTION   (38-SR-0(N,TOT),,SIG)                                  1171200600003 
ENDBIB               1          0                                 1171200600004 
NOCOMMON             0          0                                 1171200600005 
DATA                 2         95                                 1171200600006 
EN         DATA                                                   1171200600007 
MEV        B                                                      1171200600008 
 5.0    -02 9.63   +00                                            1171200600009 
 7.5    -02 8.75   +00                                            1171200600010 
 9.1    -02 9.43   +00                                            1171200600011 
 1.1    -01 1.083  +01                                            1171200600012 
 1.13   -01 1.02   +01                                            1171200600013 
 1.3    -01 1.057  +01                                            1171200600014 
 1.43   -01 8.8    +00                                            1171200600015 
 1.5    -01 9.1    +00                                            1171200600016 
 1.78   -01 8.42   +00                                            1171200600017 
 2.06   -01 8.35   +00                                            1171200600018 
 2.06   -01 8.0    +00                                            1171200600019 
 2.2    -01 8.4    +00                                            1171200600020 
 2.35   -01 8.5    +00                                            1171200600021 
 2.45   -01 8.38   +00                                            1171200600022 
 2.6    -01 8.45   +00                                            1171200600023 
 2.7    -01 8.6    +00                                            1171200600024 
 2.8    -01 9.72   +00                                            1171200600025 
 2.94   -01 1.00   +01                                            1171200600026 
 3.05   -01 9.75   +00                                            1171200600027 
 3.05   -01 9.3    +00                                            1171200600028 
 3.20   -01 1.04   +01                                            1171200600029 
 3.33   -01 1.015  +01                                            1171200600030 
 3.41   -01 1.015  +01                                            1171200600031 
 3.58   -01 9.95   +00                                            1171200600032 
 3.65   -01 7.8    +00                                            1171200600033 
 3.80   -01 7.73   +00                                            1171200600034 
 3.90   -01 8.08   +00                                            1171200600035 
 4.     -01 8.1    +00                                            1171200600036 
 4.13   -01 8.52   +00                                            1171200600037 
 4.2    -01 8.7    +00                                            1171200600038 
 4.35   -01 9.57   +00                                            1171200600039 
 4.42   -01 9.45   +00                                            1171200600040 
 4.43   -01 9.0    +00                                            1171200600041 
 4.58   -01 8.74   +00                                            1171200600042 
 4.70   -01 7.6    +00                                            1171200600043 
 4.80   -01 7.82   +00                                            1171200600044 
 4.95   -01 8.1    +00                                            1171200600045 
 5.03   -01 8.25   +00                                            1171200600046 
 5.2    -01 9.5    +00                                            1171200600047 
 5.25   -01 1.032  +01                                            1171200600048 
 5.38   -01 1.032  +01                                            1171200600049 
 5.5    -01 9.0    +00                                            1171200600050 
 5.6    -01 8.55   +00                                            1171200600051 
 5.7    -01 8.3    +00                                            1171200600052 
 5.8    -01 8.1    +00                                            1171200600053 
 5.9    -01 8.23   +00                                            1171200600054 
 6.05   -01 7.78   +00                                            1171200600055 
 6.18   -01 7.42   +00                                            1171200600056 
 6.3    -01 6.95   +00                                            1171200600057 
 6.3    -01 6.5    +00                                            1171200600058 
 6.5    -01 6.8    +00                                            1171200600059 
 6.72   -01 7.2    +00                                            1171200600060 
 6.95   -01 7.45   +00                                            1171200600061 
 7.15   -01 7.4    +00                                            1171200600062 
 7.36   -01 7.5    +00                                            1171200600063 
 7.36   -01 7.05   +00                                            1171200600064 
 7.58   -01 7.88   +00                                            1171200600065 
 7.8    -01 8.45   +00                                            1171200600066 
 8.     -01 7.0    +00                                            1171200600067 
 8.22   -01 7.25   +00                                            1171200600068 
 8.42   -01 6.7    +00                                            1171200600069 
 8.65   -01 6.6    +00                                            1171200600070 
 8.9    -01 6.7    +00                                            1171200600071 
 9.1    -01 5.66   +00                                            1171200600072 
 9.3    -01 6.52   +00                                            1171200600073 
 9.42   -01 7.56   +00                                            1171200600074 
 9.53   -01 7.62   +00                                            1171200600075 
 9.75   -01 7.2    +00                                            1171200600076 
 9.75   -01 5.83   +00                                            1171200600077 
 9.95   -01 7.83   +00                                            1171200600078 
 1.005  +00 8.15   +00                                            1171200600079 
 1.038  +00 6.95   +00                                            1171200600080 
 1.062  +00 6.35   +00                                            1171200600081 
 1.095  +00 7.02   +00                                            1171200600082 
 1.122  +00 6.5    +00                                            1171200600083 
 1.155  +00 6.75   +00                                            1171200600084 
 1.180  +00 6.47   +00                                            1171200600085 
 1.215  +00 7.44   +00                                            1171200600086 
 1.242  +00 6.35   +00                                            1171200600087 
 1.28   +00 5.82   +00                                            1171200600088 
 1.305  +00 6.75   +00                                            1171200600089 
 1.335  +00 5.63   +00                                            1171200600090 
 1.365  +00 5.72   +00                                            1171200600091 
 1.395  +00 6.56   +00                                            1171200600092 
 1.45   +00 6.25   +00                                            1171200600093 
 1.6    +00 5.57   +00                                            1171200600094 
 1.755  +00 5.67   +00                                            1171200600095 
 1.9    +00 5.40   +00                                            1171200600096 
 2.05   +00 4.66   +00                                            1171200600097 
 2.24   +00 5.14   +00                                            1171200600098 
 2.44   +00 4.75   +00                                            1171200600099 
 2.63   +00 5.34   +00                                            1171200600100 
 2.82   +00 4.62   +00                                            1171200600101 
 3.05   +00 4.84   +00                                            1171200600102 
 3.205  +00 4.95   +00                                            1171200600103 
ENDDATA             97          0                                 1171200600104 
ENDSUBENT          103          0                                 1171200699999 
SUBENT        11712007   19831011                             00001171200700001 
BIB                  1          1                                 1171200700002 
REACTION   (39-Y-89(N,TOT),,SIG)                                  1171200700003 
ENDBIB               1          0                                 1171200700004 
NOCOMMON             0          0                                 1171200700005 
DATA                 2         86                                 1171200700006 
EN         DATA                                                   1171200700007 
MEV        B                                                      1171200700008 
 5.5    -02 6.7    +00                                            1171200700009 
 7.8    -02 8.0    +00                                            1171200700010 
 9.5    -02 8.25   +00                                            1171200700011 
 1.1    -01 6.9    +00                                            1171200700012 
 1.3    -01 8.3    +00                                            1171200700013 
 1.5    -01 8.05   +00                                            1171200700014 
 1.79   -01 8.35   +00                                            1171200700015 
 2.05   -01 7.2    +00                                            1171200700016 
 2.33   -01 7.8    +00                                            1171200700017 
 2.6    -01 8.2    +00                                            1171200700018 
 2.8    -01 8.2    +00                                            1171200700019 
 3.05   -01 8.9    +00                                            1171200700020 
 3.3    -01 8.0    +00                                            1171200700021 
 3.55   -01 8.6    +00                                            1171200700022 
 3.8    -01 9.25   +00                                            1171200700023 
 4.0    -01 8.9    +00                                            1171200700024 
 4.22   -01 1.08   +01                                            1171200700025 
 4.45   -01 1.03   +01                                            1171200700026 
 4.5    -01 1.01   +01                                            1171200700027 
 4.6    -01 8.9    +00                                            1171200700028 
 4.7    -01 9.3    +00                                            1171200700029 
 4.8    -01 7.30   +00                                            1171200700030 
 4.82   -01 9.6    +00                                            1171200700031 
 4.96   -01 9.3    +00                                            1171200700032 
 5.05   -01 9.5    +00                                            1171200700033 
 5.15   -01 9.5    +00                                            1171200700034 
 5.25   -01 1.01   +01                                            1171200700035 
 5.28   -01 1.02   +01                                            1171200700036 
 5.35   -01 1.01   +01                                            1171200700037 
 5.4    -01 9.75   +00                                            1171200700038 
 5.45   -01 9.65   +00                                            1171200700039 
 5.5    -01 9.02   +00                                            1171200700040 
 5.6    -01 8.55   +00                                            1171200700041 
 5.7    -01 8.60   +00                                            1171200700042 
 5.8    -01 8.0    +00                                            1171200700043 
 5.95   -01 7.5    +00                                            1171200700044 
 6.05   -01 6.7    +00                                            1171200700045 
 6.18   -01 7.8    +00                                            1171200700046 
 6.3    -01 8.45   +00                                            1171200700047 
 6.4    -01 7.9    +00                                            1171200700048 
 6.5    -01 8.35   +00                                            1171200700049 
 6.6    -01 7.8    +00                                            1171200700050 
 6.7    -01 8.15   +00                                            1171200700051 
 6.8    -01 8.45   +00                                            1171200700052 
 6.9    -01 8.65   +00                                            1171200700053 
 7.05   -01 7.6    +00                                            1171200700054 
 7.4    -01 8.9    +00                                            1171200700055 
 7.45   -01 7.35   +00                                            1171200700056 
 7.6    -01 7.8    +00                                            1171200700057 
 7.8    -01 7.4    +00                                            1171200700058 
 8.0    -01 7.35   +00                                            1171200700059 
 8.25   -01 6.75   +00                                            1171200700060 
 8.45   -01 7.35   +00                                            1171200700061 
 8.65   -01 6.6    +00                                            1171200700062 
 8.9    -01 6.45   +00                                            1171200700063 
 9.1    -01 6.8    +00                                            1171200700064 
 9.3    -01 6.45   +00                                            1171200700065 
 9.43   -01 7.2    +00                                            1171200700066 
 9.5    -01 6.25   +00                                            1171200700067 
 9.72   -01 7.05   +00                                            1171200700068 
 9.95   -01 6.75   +00                                            1171200700069 
 1.002  +00 7.4    +00                                            1171200700070 
 1.035  +00 5.6    +00                                            1171200700071 
 1.065  +00 7.3    +00                                            1171200700072 
 1.095  +00 6.3    +00                                            1171200700073 
 1.122  +00 6.2    +00                                            1171200700074 
 1.155  +00 5.45   +00                                            1171200700075 
 1.182  +00 6.5    +00                                            1171200700076 
 1.215  +00 6.35   +00                                            1171200700077 
 1.245  +00 6.5    +00                                            1171200700078 
 1.275  +00 6.6    +00                                            1171200700079 
 1.305  +00 6.3    +00                                            1171200700080 
 1.335  +00 6.3    +00                                            1171200700081 
 1.365  +00 5.7    +00                                            1171200700082 
 1.395  +00 5.4    +00                                            1171200700083 
 1.455  +00 5.35   +00                                            1171200700084 
 1.61   +00 5.0    +00                                            1171200700085 
 1.76   +00 5.15   +00                                            1171200700086 
 1.91   +00 4.8    +00                                            1171200700087 
 2.05   +00 4.85   +00                                            1171200700088 
 2.24   +00 4.75   +00                                            1171200700089 
 2.44   +00 4.55   +00                                            1171200700090 
 2.63   +00 4.45   +00                                            1171200700091 
 2.82   +00 4.25   +00                                            1171200700092 
 3.02   +00 4.05   +00                                            1171200700093 
 3.21   +00 4.55   +00                                            1171200700094 
ENDDATA             88          0                                 1171200700095 
ENDSUBENT           94          0                                 1171200799999 
SUBENT        11712008   19831011                             00001171200800001 
BIB                  1          1                                 1171200800002 
REACTION   (40-ZR-0(N,TOT),,SIG)                                  1171200800003 
ENDBIB               1          0                                 1171200800004 
NOCOMMON             0          0                                 1171200800005 
DATA                 2         14                                 1171200800006 
EN         DATA                                                   1171200800007 
MEV        B                                                      1171200800008 
 1.01   +00 6.6    +00                                            1171200800009 
 1.15   +00 6.85   +00                                            1171200800010 
 1.3    +00 5.85   +00                                            1171200800011 
 1.45   +00 5.7    +00                                            1171200800012 
 1.6    +00 5.5    +00                                            1171200800013 
 1.75   +00 5.1    +00                                            1171200800014 
 1.9    +00 4.60   +00                                            1171200800015 
 2.05   +00 4.85   +00                                            1171200800016 
 2.24   +00 4.65   +00                                            1171200800017 
 2.44   +00 4.55   +00                                            1171200800018 
 2.63   +00 4.55   +00                                            1171200800019 
 2.82   +00 4.35   +00                                            1171200800020 
 3.01   +00 4.15   +00                                            1171200800021 
 3.21   +00 4.15   +00                                            1171200800022 
ENDDATA             16          0                                 1171200800023 
ENDSUBENT           22          0                                 1171200899999 
SUBENT        11712009   19831011                             00001171200900001 
BIB                  1          1                                 1171200900002 
REACTION   (41-NB-93(N,TOT),,SIG)                                 1171200900003 
ENDBIB               1          0                                 1171200900004 
NOCOMMON             0          0                                 1171200900005 
DATA                 2         31                                 1171200900006 
EN         DATA                                                   1171200900007 
MEV        B                                                      1171200900008 
 1.2    -01 9.2    +00                                            1171200900009 
 2.05   -01 9.15   +00                                            1171200900010 
 2.95   -01 9.1    +00                                            1171200900011 
 3.8    -01 8.9    +00                                            1171200900012 
 4.6    -01 8.8    +00                                            1171200900013 
 5.4    -01 8.55   +00                                            1171200900014 
 6.25   -01 8.55   +00                                            1171200900015 
 7.     -01 8.25   +00                                            1171200900016 
 7.8    -01 7.75   +00                                            1171200900017 
 8.4    -01 7.7    +00                                            1171200900018 
 9.2    -01 6.85   +00                                            1171200900019 
 9.9    -01 7.6    +00                                            1171200900020 
 1.005  +00 6.7    +00                                            1171200900021 
 1.07   +00 6.85   +00                                            1171200900022 
 1.15   +00 6.4    +00                                            1171200900023 
 1.24   +00 6.1    +00                                            1171200900024 
 1.305  +00 6.3    +00                                            1171200900025 
 1.46   +00 5.85   +00                                            1171200900026 
 1.545  +00 5.65   +00                                            1171200900027 
 1.605  +00 5.65   +00                                            1171200900028 
 1.76   +00 5.25   +00                                            1171200900029 
 1.84   +00 4.9    +00                                            1171200900030 
 1.90   +00 5.35   +00                                            1171200900031 
 2.05   +00 5.1    +00                                            1171200900032 
 2.14   +00 4.9    +00                                            1171200900033 
 2.23   +00 4.8    +00                                            1171200900034 
 2.44   +00 4.65   +00                                            1171200900035 
 2.63   +00 4.6    +00                                            1171200900036 
 2.82   +00 4.6    +00                                            1171200900037 
 3.02   +00 4.3    +00                                            1171200900038 
 3.21   +00 4.1    +00                                            1171200900039 
ENDDATA             33          0                                 1171200900040 
ENDSUBENT           39          0                                 1171200999999 
SUBENT        11712010   19831011                             00001171201000001 
BIB                  1          1                                 1171201000002 
REACTION   (42-MO-0(N,TOT),,SIG)                                  1171201000003 
ENDBIB               1          0                                 1171201000004 
NOCOMMON             0          0                                 1171201000005 
DATA                 2         44                                 1171201000006 
EN         DATA                                                   1171201000007 
MEV        B                                                      1171201000008 
 2.0    -02 7.65   +00                                            1171201000009 
 3.0    -02 7.5    +00                                            1171201000010 
 4.2    -02 8.1    +00                                            1171201000011 
 5.6    -02 8.3    +00                                            1171201000012 
 6.5    -02 7.95   +00                                            1171201000013 
 8.0    -02 8.2    +00                                            1171201000014 
 9.7    -02 8.7    +00                                            1171201000015 
 1.05   -01 8.9    +00                                            1171201000016 
 1.15   -01 8.9    +00                                            1171201000017 
 1.26   -01 9.0    +00                                            1171201000018 
 1.3    -01 8.9    +00                                            1171201000019 
 1.4    -01 8.6    +00                                            1171201000020 
 1.48   -01 8.9    +00                                            1171201000021 
 1.58   -01 8.65   +00                                            1171201000022 
 1.7    -01 8.6    +00                                            1171201000023 
 1.9    -01 9.25   +00                                            1171201000024 
 2.8    -01 9.05   +00                                            1171201000025 
 3.6    -01 9.15   +00                                            1171201000026 
 4.5    -01 8.65   +00                                            1171201000027 
 5.3    -01 8.3    +00                                            1171201000028 
 6.7    -01 8.1    +00                                            1171201000029 
 6.9    -01 7.8    +00                                            1171201000030 
 7.65   -01 7.2    +00                                            1171201000031 
 8.45   -01 7.4    +00                                            1171201000032 
 9.2    -01 7.2    +00                                            1171201000033 
 9.95   -01 7.2    +00                                            1171201000034 
 1.003  +00 6.7    +00                                            1171201000035 
 1.07   +00 7.0    +00                                            1171201000036 
 1.16   +00 6.4    +00                                            1171201000037 
 1.31   +00 6.05   +00                                            1171201000038 
 1.46   +00 5.9    +00                                            1171201000039 
 1.54   +00 5.35   +00                                            1171201000040 
 1.61   +00 5.65   +00                                            1171201000041 
 1.76   +00 5.25   +00                                            1171201000042 
 1.845  +00 5.2    +00                                            1171201000043 
 1.9    +00 5.35   +00                                            1171201000044 
 2.05   +00 4.95   +00                                            1171201000045 
 2.14   +00 5.05   +00                                            1171201000046 
 2.25   +00 4.65   +00                                            1171201000047 
 2.44   +00 4.85   +00                                            1171201000048 
 2.63   +00 4.35   +00                                            1171201000049 
 2.82   +00 4.05   +00                                            1171201000050 
 3.02   +00 4.15   +00                                            1171201000051 
 3.21   +00 4.15   +00                                            1171201000052 
ENDDATA             46          0                                 1171201000053 
ENDSUBENT           52          0                                 1171201099999 
SUBENT        11712011   19831011                             00001171201100001 
BIB                  1          1                                 1171201100002 
REACTION   (47-AG-0(N,TOT),,SIG)                                  1171201100003 
ENDBIB               1          0                                 1171201100004 
NOCOMMON             0          0                                 1171201100005 
DATA                 2         14                                 1171201100006 
EN         DATA                                                   1171201100007 
MEV        B                                                      1171201100008 
 1.0    +00 6.1    +00                                            1171201100009 
 1.15   +00 6.25   +00                                            1171201100010 
 1.3    +00 6.2    +00                                            1171201100011 
 1.45   +00 6.0    +00                                            1171201100012 
 1.605  +00 5.8    +00                                            1171201100013 
 1.75   +00 5.5    +00                                            1171201100014 
 1.9    +00 5.3    +00                                            1171201100015 
 2.05   +00 5.15   +00                                            1171201100016 
 2.24   +00 5.05   +00                                            1171201100017 
 2.44   +00 4.75   +00                                            1171201100018 
 2.63   +00 4.8    +00                                            1171201100019 
 2.82   +00 4.6    +00                                            1171201100020 
 3.01   +00 4.4    +00                                            1171201100021 
 3.21   +00 4.35   +00                                            1171201100022 
ENDDATA             16          0                                 1171201100023 
ENDSUBENT           22          0                                 1171201199999 
SUBENT        11712012   19831011                             00001171201200001 
BIB                  1          1                                 1171201200002 
REACTION   (49-IN-0(N,TOT),,SIG)                                  1171201200003 
ENDBIB               1          0                                 1171201200004 
NOCOMMON             0          0                                 1171201200005 
DATA                 2         17                                 1171201200006 
EN         DATA                                                   1171201200007 
MEV        B                                                      1171201200008 
 1.005  +00 6.65   +00                                            1171201200009 
 1.15   +00 6.55   +00                                            1171201200010 
 1.3    +00 6.05   +00                                            1171201200011 
 1.45   +00 6.15   +00                                            1171201200012 
 1.54   +00 6.3    +00                                            1171201200013 
 1.61   +00 5.65   +00                                            1171201200014 
 1.75   +00 5.65   +00                                            1171201200015 
 1.84   +00 5.65   +00                                            1171201200016 
 1.9    +00 5.55   +00                                            1171201200017 
 2.06   +00 5.25   +00                                            1171201200018 
 2.14   +00 5.55   +00                                            1171201200019 
 2.24   +00 5.3    +00                                            1171201200020 
 2.44   +00 4.95   +00                                            1171201200021 
 2.63   +00 4.9    +00                                            1171201200022 
 2.82   +00 4.9    +00                                            1171201200023 
 3.01   +00 4.55   +00                                            1171201200024 
 3.21   +00 4.5    +00                                            1171201200025 
ENDDATA             19          0                                 1171201200026 
ENDSUBENT           25          0                                 1171201299999 
SUBENT        11712013   19831011                             00001171201300001 
BIB                  1          1                                 1171201300002 
REACTION   (50-SN-0(N,TOT),,SIG)                                  1171201300003 
ENDBIB               1          0                                 1171201300004 
NOCOMMON             0          0                                 1171201300005 
DATA                 2         16                                 1171201300006 
EN         DATA                                                   1171201300007 
MEV        B                                                      1171201300008 
 1.002  +00 6.6    +00                                            1171201300009 
 1.15   +00 6.35   +00                                            1171201300010 
 1.3    +00 6.2    +00                                            1171201300011 
 1.45   +00 6.05   +00                                            1171201300012 
 1.61   +00 5.65   +00                                            1171201300013 
 1.75   +00 5.6    +00                                            1171201300014 
 1.84   +00 5.85   +00                                            1171201300015 
 1.9    +00 5.4    +00                                            1171201300016 
 2.05   +00 5.3    +00                                            1171201300017 
 2.14   +00 5.1    +00                                            1171201300018 
 2.24   +00 5.1    +00                                            1171201300019 
 2.44   +00 4.8    +00                                            1171201300020 
 2.63   +00 4.85   +00                                            1171201300021 
 2.82   +00 4.5    +00                                            1171201300022 
 3.01   +00 4.5    +00                                            1171201300023 
 3.21   +00 4.3    +00                                            1171201300024 
ENDDATA             18          0                                 1171201300025 
ENDSUBENT           24          0                                 1171201399999 
SUBENT        11712014   19831011                             00001171201400001 
BIB                  1          1                                 1171201400002 
REACTION   (51-SB-0(N,TOT),,SIG)                                  1171201400003 
ENDBIB               1          0                                 1171201400004 
NOCOMMON             0          0                                 1171201400005 
DATA                 2         17                                 1171201400006 
EN         DATA                                                   1171201400007 
MEV        B                                                      1171201400008 
 1.0    +00 6.95   +00                                            1171201400009 
 1.15   +00 6.4    +00                                            1171201400010 
 1.3    +00 6.9    +00                                            1171201400011 
 1.45   +00 6.6    +00                                            1171201400012 
 1.54   +00 6.35   +00                                            1171201400013 
 1.61   +00 6.50   +00                                            1171201400014 
 1.75   +00 6.45   +00                                            1171201400015 
 1.84   +00 6.35   +00                                            1171201400016 
 1.9    +00 6.3    +00                                            1171201400017 
 2.05   +00 5.8    +00                                            1171201400018 
 2.14   +00 6.3    +00                                            1171201400019 
 2.24   +00 5.6    +00                                            1171201400020 
 2.44   +00 5.3    +00                                            1171201400021 
 2.63   +00 5.1    +00                                            1171201400022 
 2.82   +00 4.85   +00                                            1171201400023 
 3.01   +00 4.85   +00                                            1171201400024 
 3.21   +00 4.8    +00                                            1171201400025 
ENDDATA             19          0                                 1171201400026 
ENDSUBENT           25          0                                 1171201499999 
SUBENT        11712015   19831011                             00001171201500001 
BIB                  1          1                                 1171201500002 
REACTION   (53-I-127(N,TOT),,SIG)                                 1171201500003 
ENDBIB               1          0                                 1171201500004 
NOCOMMON             0          0                                 1171201500005 
DATA                 2         14                                 1171201500006 
EN         DATA                                                   1171201500007 
MEV        B                                                      1171201500008 
 1.005  +00 6.95   +00                                            1171201500009 
 1.16   +00 6.9    +00                                            1171201500010 
 1.3    +00 6.65   +00                                            1171201500011 
 1.45   +00 6.6    +00                                            1171201500012 
 1.605  +00 6.6    +00                                            1171201500013 
 1.75   +00 6.3    +00                                            1171201500014 
 1.9    +00 6.1    +00                                            1171201500015 
 2.05   +00 6.05   +00                                            1171201500016 
 2.24   +00 5.95   +00                                            1171201500017 
 2.44   +00 5.6    +00                                            1171201500018 
 2.63   +00 5.55   +00                                            1171201500019 
 2.82   +00 5.45   +00                                            1171201500020 
 3.01   +00 5.25   +00                                            1171201500021 
 3.21   +00 5.2    +00                                            1171201500022 
ENDDATA             16          0                                 1171201500023 
ENDSUBENT           22          0                                 1171201599999 
SUBENT        11712016   19831011                             00001171201600001 
BIB                  1          1                                 1171201600002 
REACTION   (56-BA-0(N,TOT),,SIG)                                  1171201600003 
ENDBIB               1          0                                 1171201600004 
NOCOMMON             0          0                                 1171201600005 
DATA                 2         71                                 1171201600006 
EN         DATA                                                   1171201600007 
MEV        B                                                      1171201600008 
 5.     -02 5.1    +00                                            1171201600009 
 7.5    -02 4.9    +00                                            1171201600010 
 9.     -02 4.95   +00                                            1171201600011 
 1.1    -01 4.5    +00                                            1171201600012 
 1.25   -01 4.8    +00                                            1171201600013 
 1.28   -01 5.25   +00                                            1171201600014 
 1.45   -01 5.15   +00                                            1171201600015 
 1.5    -01 5.4    +00                                            1171201600016 
 1.8    -01 4.85   +00                                            1171201600017 
 2.05   -01 5.10   +00                                            1171201600018 
 2.3    -01 4.95   +00                                            1171201600019 
 2.6    -01 5.4    +00                                            1171201600020 
 2.8    -01 5.35   +00                                            1171201600021 
 3.05   -01 5.65   +00                                            1171201600022 
 3.3    -01 5.75   +00                                            1171201600023 
 3.55   -01 5.55   +00                                            1171201600024 
 3.75   -01 5.45   +00                                            1171201600025 
 4.25   -01 5.45   +00                                            1171201600026 
 4.5    -01 5.5    +00                                            1171201600027 
 4.7    -01 5.95   +00                                            1171201600028 
 4.95   -01 5.85   +00                                            1171201600029 
 5.2    -01 5.9    +00                                            1171201600030 
 5.4    -01 6.1    +00                                            1171201600031 
 5.6    -01 6.2    +00                                            1171201600032 
 5.8    -01 6.1    +00                                            1171201600033 
 6.05   -01 6.2    +00                                            1171201600034 
 6.25   -01 6.1    +00                                            1171201600035 
 6.5    -01 6.2    +00                                            1171201600036 
 6.7    -01 7.1    +00                                            1171201600037 
 6.9    -01 6.55   +00                                            1171201600038 
 7.15   -01 6.35   +00                                            1171201600039 
 7.35   -01 6.4    +00                                            1171201600040 
 7.38   -01 7.05   +00                                            1171201600041 
 7.6    -01 6.75   +00                                            1171201600042 
 7.8    -01 6.15   +00                                            1171201600043 
 8.     -01 6.25   +00                                            1171201600044 
 8.25   -01 6.85   +00                                            1171201600045 
 8.45   -01 6.65   +00                                            1171201600046 
 8.7    -01 6.65   +00                                            1171201600047 
 8.9    -01 6.65   +00                                            1171201600048 
 9.1    -01 6.95   +00                                            1171201600049 
 9.3    -01 7.0    +00                                            1171201600050 
 9.45   -01 7.25   +00                                            1171201600051 
 9.55   -01 6.55   +00                                            1171201600052 
 9.75   -01 6.7    +00                                            1171201600053 
 9.95   -01 6.55   +00                                            1171201600054 
 1.005  +00 6.4    +00                                            1171201600055 
 1.035  +00 7.35   +00                                            1171201600056 
 1.06   +00 6.95   +00                                            1171201600057 
 1.09   +00 7.05   +00                                            1171201600058 
 1.12   +00 7.25   +00                                            1171201600059 
 1.15   +00 6.95   +00                                            1171201600060 
 1.18   +00 7.1    +00                                            1171201600061 
 1.215  +00 7.55   +00                                            1171201600062 
 1.245  +00 6.85   +00                                            1171201600063 
 1.27   +00 7.2    +00                                            1171201600064 
 1.305  +00 7.55   +00                                            1171201600065 
 1.335  +00 7.55   +00                                            1171201600066 
 1.365  +00 7.45   +00                                            1171201600067 
 1.395  +00 7.05   +00                                            1171201600068 
 1.455  +00 7.75   +00                                            1171201600069 
 1.605  +00 7.4    +00                                            1171201600070 
 1.75   +00 6.9    +00                                            1171201600071 
 1.9    +00 6.85   +00                                            1171201600072 
 2.05   +00 6.55   +00                                            1171201600073 
 2.25   +00 6.5    +00                                            1171201600074 
 2.44   +00 5.6    +00                                            1171201600075 
 2.63   +00 5.55   +00                                            1171201600076 
 2.82   +00 6.0    +00                                            1171201600077 
 3.02   +00 5.85   +00                                            1171201600078 
 3.21   +00 5.8    +00                                            1171201600079 
ENDDATA             73          0                                 1171201600080 
ENDSUBENT           79          0                                 1171201699999 
SUBENT        11712017   19831011                             00001171201700001 
BIB                  1          1                                 1171201700002 
REACTION   (57-LA-0(N,TOT),,SIG)                                  1171201700003 
ENDBIB               1          0                                 1171201700004 
NOCOMMON             0          0                                 1171201700005 
DATA                 2         85                                 1171201700006 
EN         DATA                                                   1171201700007 
MEV        B                                                      1171201700008 
 1.     -02 4.2    +00                                            1171201700009 
 2.     -02 4.55   +00                                            1171201700010 
 3.     -02 4.2    +00                                            1171201700011 
 4.     -02 4.1    +00                                            1171201700012 
 5.     -02 4.3    +00                                            1171201700013 
 6.     -02 4.35   +00                                            1171201700014 
 7.     -02 4.15   +00                                            1171201700015 
 8.5    -02 4.7    +00                                            1171201700016 
 1.     -01 4.25   +00                                            1171201700017 
 1.1    -01 4.9    +00                                            1171201700018 
 1.2    -01 5.0    +00                                            1171201700019 
 1.28   -01 4.75   +00                                            1171201700020 
 1.35   -01 4.6    +00                                            1171201700021 
 1.45   -01 4.8    +00                                            1171201700022 
 1.6    -01 3.8    +00                                            1171201700023 
 1.9    -01 4.85   +00                                            1171201700024 
 2.2    -01 4.7    +00                                            1171201700025 
 2.5    -01 4.8    +00                                            1171201700026 
 2.8    -01 5.25   +00                                            1171201700027 
 3.05   -01 4.55   +00                                            1171201700028 
 3.35   -01 5.3    +00                                            1171201700029 
 3.6    -01 4.9    +00                                            1171201700030 
 3.9    -01 5.2    +00                                            1171201700031 
 4.1    -01 5.4    +00                                            1171201700032 
 4.3    -01 6.1    +00                                            1171201700033 
 4.5    -01 5.5    +00                                            1171201700034 
 4.7    -01 5.5    +00                                            1171201700035 
 4.9    -01 5.9    +00                                            1171201700036 
 5.1    -01 5.7    +00                                            1171201700037 
 5.3    -01 5.6    +00                                            1171201700038 
 5.45   -01 6.25   +00                                            1171201700039 
 5.65   -01 6.7    +00                                            1171201700040 
 5.8    -01 6.15   +00                                            1171201700041 
 6.     -01 5.95   +00                                            1171201700042 
 6.2    -01 6.2    +00                                            1171201700043 
 6.4    -01 5.9    +00                                            1171201700044 
 6.6    -01 6.45   +00                                            1171201700045 
 6.75   -01 6.45   +00                                            1171201700046 
 7.     -01 6.65   +00                                            1171201700047 
 7.2    -01 6.95   +00                                            1171201700048 
 7.35   -01 6.45   +00                                            1171201700049 
 7.4    -01 6.65   +00                                            1171201700050 
 7.55   -01 6.2    +00                                            1171201700051 
 7.8    -01 6.75   +00                                            1171201700052 
 8.     -01 6.7    +00                                            1171201700053 
 8.2    -01 6.4    +00                                            1171201700054 
 8.45   -01 6.4    +00                                            1171201700055 
 8.65   -01 6.6    +00                                            1171201700056 
 8.85   -01 7.05   +00                                            1171201700057 
 9.1    -01 7.1    +00                                            1171201700058 
 9.3    -01 6.65   +00                                            1171201700059 
 9.4    -01 6.75   +00                                            1171201700060 
 9.5    -01 6.7    +00                                            1171201700061 
 9.7    -01 6.9    +00                                            1171201700062 
 9.75   -01 7.1    +00                                            1171201700063 
 9.9    -01 7.1    +00                                            1171201700064 
 1.005  +00 7.2    +00                                            1171201700065 
 1.015  +00 7.15   +00                                            1171201700066 
 1.04   +00 7.2    +00                                            1171201700067 
 1.06   +00 7.2    +00                                            1171201700068 
 1.095  +00 7.4    +00                                            1171201700069 
 1.125  +00 7.1    +00                                            1171201700070 
 1.155  +00 7.5    +00                                            1171201700071 
 1.18   +00 7.7    +00                                            1171201700072 
 1.215  +00 7.5    +00                                            1171201700073 
 1.245  +00 7.8    +00                                            1171201700074 
 1.275  +00 7.6    +00                                            1171201700075 
 1.3    +00 7.45   +00                                            1171201700076 
 1.34   +00 7.55   +00                                            1171201700077 
 1.36   +00 7.8    +00                                            1171201700078 
 1.395  +00 7.55   +00                                            1171201700079 
 1.46   +00 7.8    +00                                            1171201700080 
 1.54   +00 7.85   +00                                            1171201700081 
 1.61   +00 8.05   +00                                            1171201700082 
 1.75   +00 7.6    +00                                            1171201700083 
 1.85   +00 6.9    +00                                            1171201700084 
 1.9    +00 7.1    +00                                            1171201700085 
 2.05   +00 7.15   +00                                            1171201700086 
 2.14   +00 6.95   +00                                            1171201700087 
 2.25   +00 7.15   +00                                            1171201700088 
 2.44   +00 6.8    +00                                            1171201700089 
 2.63   +00 6.5    +00                                            1171201700090 
 2.82   +00 6.0    +00                                            1171201700091 
 3.01   +00 5.85   +00                                            1171201700092 
 3.21   +00 5.75   +00                                            1171201700093 
ENDDATA             87          0                                 1171201700094 
ENDSUBENT           93          0                                 1171201799999 
SUBENT        11712018   19831011                             00001171201800001 
BIB                  1          1                                 1171201800002 
REACTION   (58-CE-0(N,TOT),,SIG)                                  1171201800003 
ENDBIB               1          0                                 1171201800004 
NOCOMMON             0          0                                 1171201800005 
DATA                 2         90                                 1171201800006 
EN         DATA                                                   1171201800007 
MEV        B                                                      1171201800008 
 5.     -03 4.35   +00                                            1171201800009 
 1.     -02 4.25   +00                                            1171201800010 
 2.     -02 4.12   +00                                            1171201800011 
 2.3    -02 7.2    +00                                            1171201800012 
 2.5    -02 9.2    +00                                            1171201800013 
 2.8    -02 7.9    +00                                            1171201800014 
 3.5    -02 5.3    +00                                            1171201800015 
 3.8    -02 4.9    +00                                            1171201800016 
 4.2    -02 5.1    +00                                            1171201800017 
 4.6    -02 4.95   +00                                            1171201800018 
 6.     -02 4.3    +00                                            1171201800019 
 7.     -02 4.1    +00                                            1171201800020 
 8.     -02 4.2    +00                                            1171201800021 
 9.     -02 4.5    +00                                            1171201800022 
 1.     -01 5.35   +00                                            1171201800023 
 1.05   -01 5.05   +00                                            1171201800024 
 1.1    -01 4.6    +00                                            1171201800025 
 1.2    -01 4.0    +00                                            1171201800026 
 1.25   -01 4.25   +00                                            1171201800027 
 1.32   -01 4.55   +00                                            1171201800028 
 1.35   -01 4.3    +00                                            1171201800029 
 1.45   -01 4.05   +00                                            1171201800030 
 1.65   -01 4.1    +00                                            1171201800031 
 1.9    -01 4.5    +00                                            1171201800032 
 2.2    -01 5.15   +00                                            1171201800033 
 2.4    -01 4.9    +00                                            1171201800034 
 2.7    -01 5.1    +00                                            1171201800035 
 2.9    -01 5.2    +00                                            1171201800036 
 3.2    -01 5.1    +00                                            1171201800037 
 3.4    -01 5.0    +00                                            1171201800038 
 3.65   -01 5.4    +00                                            1171201800039 
 3.9    -01 5.1    +00                                            1171201800040 
 4.1    -01 5.8    +00                                            1171201800041 
 4.35   -01 5.2    +00                                            1171201800042 
 4.6    -01 5.5    +00                                            1171201800043 
 4.8    -01 5.6    +00                                            1171201800044 
 5.     -01 5.9    +00                                            1171201800045 
 5.2    -01 5.9    +00                                            1171201800046 
 5.5    -01 6.45   +00                                            1171201800047 
 5.7    -01 6.35   +00                                            1171201800048 
 5.9    -01 5.95   +00                                            1171201800049 
 6.2    -01 6.4    +00                                            1171201800050 
 6.4    -01 6.3    +00                                            1171201800051 
 6.6    -01 6.4    +00                                            1171201800052 
 6.8    -01 6.4    +00                                            1171201800053 
 7.     -01 6.5    +00                                            1171201800054 
 7.2    -01 6.6    +00                                            1171201800055 
 7.5    -01 6.75   +00                                            1171201800056 
 7.7    -01 6.4    +00                                            1171201800057 
 7.9    -01 6.3    +00                                            1171201800058 
 8.1    -01 6.45   +00                                            1171201800059 
 8.3    -01 6.6    +00                                            1171201800060 
 8.55   -01 6.65   +00                                            1171201800061 
 8.75   -01 7.15   +00                                            1171201800062 
 9.     -01 6.8    +00                                            1171201800063 
 9.2    -01 7.05   +00                                            1171201800064 
 9.4    -01 6.95   +00                                            1171201800065 
 9.6    -01 7.2    +00                                            1171201800066 
 9.8    -01 6.85   +00                                            1171201800067 
 1.002  +00 6.9    +00                                            1171201800068 
 1.025  +00 7.1    +00                                            1171201800069 
 1.05   +00 6.8    +00                                            1171201800070 
 1.07   +00 7.15   +00                                            1171201800071 
 1.09   +00 7.15   +00                                            1171201800072 
 1.12   +00 7.1    +00                                            1171201800073 
 1.145  +00 7.4    +00                                            1171201800074 
 1.155  +00 7.3    +00                                            1171201800075 
 1.18   +00 7.4    +00                                            1171201800076 
 1.21   +00 7.4    +00                                            1171201800077 
 1.24   +00 6.85   +00                                            1171201800078 
 1.245  +00 7.5    +00                                            1171201800079 
 1.27   +00 7.4    +00                                            1171201800080 
 1.3    +00 7.5    +00                                            1171201800081 
 1.305  +00 7.35   +00                                            1171201800082 
 1.34   +00 6.85   +00                                            1171201800083 
 1.385  +00 7.5    +00                                            1171201800084 
 1.45   +00 7.55   +00                                            1171201800085 
 1.54   +00 7.7    +00                                            1171201800086 
 1.6    +00 7.5    +00                                            1171201800087 
 1.75   +00 7.2    +00                                            1171201800088 
 1.84   +00 7.05   +00                                            1171201800089 
 1.9    +00 7.15   +00                                            1171201800090 
 2.05   +00 6.9    +00                                            1171201800091 
 2.14   +00 7.05   +00                                            1171201800092 
 2.24   +00 6.75   +00                                            1171201800093 
 2.44   +00 6.8    +00                                            1171201800094 
 2.63   +00 6.3    +00                                            1171201800095 
 2.82   +00 6.05   +00                                            1171201800096 
 3.01   +00 6.25   +00                                            1171201800097 
 3.21   +00 5.7    +00                                            1171201800098 
ENDDATA             92          0                                 1171201800099 
ENDSUBENT           98          0                                 1171201899999 
SUBENT        11712019   19831011                             00001171201900001 
BIB                  1          1                                 1171201900002 
REACTION   (59-PR-141(N,TOT),,SIG)                                1171201900003 
ENDBIB               1          0                                 1171201900004 
NOCOMMON             0          0                                 1171201900005 
DATA                 2         79                                 1171201900006 
EN         DATA                                                   1171201900007 
MEV        B                                                      1171201900008 
 5.     -02 5.95   +00                                            1171201900009 
 7.     -02 6.00   +00                                            1171201900010 
 9.     -02 6.50   +00                                            1171201900011 
 1.05   -01 5.60   +00                                            1171201900012 
 1.25   -01 5.70   +00                                            1171201900013 
 1.43   -01 5.25   +00                                            1171201900014 
 1.50   -01 5.05   +00                                            1171201900015 
 1.75   -01 5.35   +00                                            1171201900016 
 2.10   -01 5.10   +00                                            1171201900017 
 2.40   -01 5.30   +00                                            1171201900018 
 2.60   -01 5.50   +00                                            1171201900019 
 2.85   -01 5.45   +00                                            1171201900020 
 3.04   -01 5.20   +00                                            1171201900021 
 3.30   -01 5.35   +00                                            1171201900022 
 3.50   -01 5.75   +00                                            1171201900023 
 3.50   -01 5.30   +00                                            1171201900024 
 3.75   -01 5.55   +00                                            1171201900025 
 4.00   -01 5.95   +00                                            1171201900026 
 4.25   -01 6.20   +00                                            1171201900027 
 4.45   -01 6.15   +00                                            1171201900028 
 4.65   -01 6.10   +00                                            1171201900029 
 4.90   -01 5.50   +00                                            1171201900030 
 4.95   -01 6.10   +00                                            1171201900031 
 5.05   -01 5.70   +00                                            1171201900032 
 5.15   -01 5.65   +00                                            1171201900033 
 5.30   -01 6.25   +00                                            1171201900034 
 5.40   -01 6.3    +00                                            1171201900035 
 5.40   -01 5.75   +00                                            1171201900036 
 5.50   -01 6.2    +00                                            1171201900037 
 5.60   -01 6.0    +00                                            1171201900038 
 5.75   -01 6.6    +00                                            1171201900039 
 5.85   -01 6.25   +00                                            1171201900040 
 5.95   -01 6.3    +00                                            1171201900041 
 6.10   -01 6.45   +00                                            1171201900042 
 6.20   -01 6.45   +00                                            1171201900043 
 6.30   -01 6.55   +00                                            1171201900044 
 6.45   -01 6.55   +00                                            1171201900045 
 6.55   -01 6.35   +00                                            1171201900046 
 6.70   -01 6.95   +00                                            1171201900047 
 6.90   -01 6.05   +00                                            1171201900048 
 7.15   -01 6.35   +00                                            1171201900049 
 7.35   -01 6.45   +00                                            1171201900050 
 7.60   -01 7.10   +00                                            1171201900051 
 7.80   -01 7.2    +00                                            1171201900052 
 8.00   -01 6.6    +00                                            1171201900053 
 8.25   -01 7.1    +00                                            1171201900054 
 8.45   -01 7.35   +00                                            1171201900055 
 8.65   -01 7.1    +00                                            1171201900056 
 8.90   -01 7.1    +00                                            1171201900057 
 9.10   -01 7.15   +00                                            1171201900058 
 9.30   -01 7.35   +00                                            1171201900059 
 9.45   -01 7.85   +00                                            1171201900060 
 9.55   -01 7.30   +00                                            1171201900061 
 9.75   -01 7.45   +00                                            1171201900062 
 9.95   -01 7.7    +00                                            1171201900063 
 1.005  +00 7.85   +00                                            1171201900064 
 1.035  +00 8.30   +00                                            1171201900065 
 1.055  +00 8.10   +00                                            1171201900066 
 1.095  +00 7.50   +00                                            1171201900067 
 1.125  +00 7.65   +00                                            1171201900068 
 1.155  +00 7.70   +00                                            1171201900069 
 1.185  +00 7.75   +00                                            1171201900070 
 1.215  +00 8.30   +00                                            1171201900071 
 1.240  +00 7.20   +00                                            1171201900072 
 1.275  +00 8.30   +00                                            1171201900073 
 1.305  +00 7.50   +00                                            1171201900074 
 1.330  +00 8.20   +00                                            1171201900075 
 1.360  +00 7.70   +00                                            1171201900076 
 1.460  +00 8.20   +00                                            1171201900077 
 1.605  +00 8.00   +00                                            1171201900078 
 1.760  +00 7.95   +00                                            1171201900079 
 1.900  +00 7.65   +00                                            1171201900080 
 2.05   +00 7.15   +00                                            1171201900081 
 2.245  +00 6.85   +00                                            1171201900082 
 2.440  +00 7.05   +00                                            1171201900083 
 2.630  +00 6.75   +00                                            1171201900084 
 2.825  +00 6.55   +00                                            1171201900085 
 3.10   +00 6.25   +00                                            1171201900086 
 3.21   +00 6.05   +00                                            1171201900087 
ENDDATA             81          0                                 1171201900088 
ENDSUBENT           87          0                                 1171201999999 
SUBENT        11712020   19831011                             00001171202000001 
BIB                  1          1                                 1171202000002 
REACTION   (73-TA-0(N,TOT),,SIG)                                  1171202000003 
ENDBIB               1          0                                 1171202000004 
NOCOMMON             0          0                                 1171202000005 
DATA                 2         14                                 1171202000006 
EN         DATA                                                   1171202000007 
MEV        B                                                      1171202000008 
 1.002  +00 7.5    +00                                            1171202000009 
 1.15   +00 7.5    +00                                            1171202000010 
 1.3    +00 7.45   +00                                            1171202000011 
 1.45   +00 7.5    +00                                            1171202000012 
 1.605  +00 7.55   +00                                            1171202000013 
 1.75   +00 7.45   +00                                            1171202000014 
 1.9    +00 7.35   +00                                            1171202000015 
 2.05   +00 7.55   +00                                            1171202000016 
 2.24   +00 7.35   +00                                            1171202000017 
 2.44   +00 7.25   +00                                            1171202000018 
 2.63   +00 7.35   +00                                            1171202000019 
 2.82   +00 7.1    +00                                            1171202000020 
 3.02   +00 7.25   +00                                            1171202000021 
 3.21   +00 6.85   +00                                            1171202000022 
ENDDATA             16          0                                 1171202000023 
ENDSUBENT           22          0                                 1171202099999 
SUBENT        11712021   19831011                             00001171202100001 
BIB                  1          1                                 1171202100002 
REACTION   (74-W-0(N,TOT),,SIG)                                   1171202100003 
ENDBIB               1          0                                 1171202100004 
NOCOMMON             0          0                                 1171202100005 
DATA                 2         15                                 1171202100006 
EN         DATA                                                   1171202100007 
MEV        B                                                      1171202100008 
 8.4    -01 7.0    +00                                            1171202100009 
 1.005  +00 6.8    +00                                            1171202100010 
 1.15   +00 6.95   +00                                            1171202100011 
 1.3    +00 6.8    +00                                            1171202100012 
 1.45   +00 7.0    +00                                            1171202100013 
 1.605  +00 7.05   +00                                            1171202100014 
 1.75   +00 7.1    +00                                            1171202100015 
 1.9    +00 6.8    +00                                            1171202100016 
 2.05   +00 6.85   +00                                            1171202100017 
 2.24   +00 7.0    +00                                            1171202100018 
 2.44   +00 6.9    +00                                            1171202100019 
 2.63   +00 6.9    +00                                            1171202100020 
 2.82   +00 6.7    +00                                            1171202100021 
 3.01   +00 6.8    +00                                            1171202100022 
 3.21   +00 6.45   +00                                            1171202100023 
ENDDATA             17          0                                 1171202100024 
ENDSUBENT           23          0                                 1171202199999 
SUBENT        11712022   19831011                             00001171202200001 
BIB                  1          1                                 1171202200002 
REACTION   (82-PB-0(N,TOT),,SIG)                                  1171202200003 
ENDBIB               1          0                                 1171202200004 
NOCOMMON             0          0                                 1171202200005 
DATA                 2         16                                 1171202200006 
EN         DATA                                                   1171202200007 
MEV        B                                                      1171202200008 
 1.005  +00 5.15   +00                                            1171202200009 
 1.15   +00 5.65   +00                                            1171202200010 
 1.3    +00 5.4    +00                                            1171202200011 
 1.46   +00 5.15   +00                                            1171202200012 
 1.605  +00 5.2    +00                                            1171202200013 
 1.68   +00 6.1    +00                                            1171202200014 
 1.75   +00 7.3    +00                                            1171202200015 
 1.83   +00 5.9    +00                                            1171202200016 
 1.9    +00 5.5    +00                                            1171202200017 
 2.05   +00 5.7    +00                                            1171202200018 
 2.24   +00 6.65   +00                                            1171202200019 
 2.44   +00 7.65   +00                                            1171202200020 
 2.63   +00 7.3    +00                                            1171202200021 
 2.82   +00 6.9    +00                                            1171202200022 
 3.01   +00 8.0    +00                                            1171202200023 
 3.21   +00 7.85   +00                                            1171202200024 
ENDDATA             18          0                                 1171202200025 
ENDSUBENT           24          0                                 1171202299999 
SUBENT        11712023   19831011                             00001171202300001 
BIB                  1          2                                 1171202300002 
REACTION   (82-PB-206(N,TOT),,SIG)                                1171202300003 
            RADIOGENIC LEAD                                       1171202300004 
ENDBIB               2          0                                 1171202300005 
NOCOMMON             0          0                                 1171202300006 
DATA                 2         15                                 1171202300007 
EN         DATA                                                   1171202300008 
MEV        B                                                      1171202300009 
 8.4    -01 5.25   +00                                            1171202300010 
 1.005  +00 5.4    +00                                            1171202300011 
 1.15   +00 5.4    +00                                            1171202300012 
 1.3    +00 5.1    +00                                            1171202300013 
 1.45   +00 5.4    +00                                            1171202300014 
 1.605  +00 5.65   +00                                            1171202300015 
 1.75   +00 5.75   +00                                            1171202300016 
 1.9    +00 5.8    +00                                            1171202300017 
 2.05   +00 6.55   +00                                            1171202300018 
 2.24   +00 6.9    +00                                            1171202300019 
 2.44   +00 7.55   +00                                            1171202300020 
 2.63   +00 7.0    +00                                            1171202300021 
 2.82   +00 7.55   +00                                            1171202300022 
 3.01   +00 7.9    +00                                            1171202300023 
 3.21   +00 8.1    +00                                            1171202300024 
ENDDATA             17          0                                 1171202300025 
ENDSUBENT           24          0                                 1171202399999 
SUBENT        11712024   19831011                             00001171202400001 
BIB                  1          1                                 1171202400002 
REACTION   (83-BI-209(N,TOT),,SIG)                                1171202400003 
ENDBIB               1          0                                 1171202400004 
NOCOMMON             0          0                                 1171202400005 
DATA                 2         14                                 1171202400006 
EN         DATA                                                   1171202400007 
MEV        B                                                      1171202400008 
 1.005      5.05                                                  1171202400009 
 1.16       4.7                                                   1171202400010 
 1.3        4.9                                                   1171202400011 
 1.45       4.95                                                  1171202400012 
 1.605      5.45                                                  1171202400013 
 1.75       5.5                                                   1171202400014 
 1.9        5.55                                                  1171202400015 
 2.05       6.2                                                   1171202400016 
 2.14       6.8                                                   1171202400017 
 2.24       7.0                                                   1171202400018 
 2.63       7.15                                                  1171202400019 
 2.82       7.7                                                   1171202400020 
 3.01       7.6                                                   1171202400021 
 3.21       7.5                                                   1171202400022 
ENDDATA             16          0                                 1171202400023 
ENDSUBENT           22          0                                 1171202499999 
ENDENTRY            24          0                                 1171299999999 
