ENTRY            11719   19831011                             00001171900000001 
SUBENT        11719001   19831011                             00001171900100001 
BIB                  6          7                                 1171900100002 
INSTITUTE  (1USABNL)                                              1171900100003 
REFERENCE  (J,PR,132,801,63)                                      1171900100004 
AUTHOR     (J.A.MOORE,H.PALEVSKY,R.E.CHRIEN)                      1171900100005 
TITLE      NEUTRON CAPTURE IN IRON.                               1171900100006 
STATUS     (SCSRS)                                                1171900100007 
HISTORY    (760730T) TRANSLATED FROM SCISRS                       1171900100008 
           (831011A) CONVERTED TO REACTION FORMALISM              1171900100009 
ENDBIB               7          0                                 1171900100010 
NOCOMMON             0          0                                 1171900100011 
ENDSUBENT           10          0                                 1171900199999 
SUBENT        11719002   19831011                             00001171900200001 
BIB                  2          2                                 1171900200002 
REACTION   (26-FE-0(N,TOT),,SIG)                                  1171900200003 
METHOD     (TOF)      TIME-OF-FLIGHT                              1171900200004 
ENDBIB               2          0                                 1171900200005 
COMMON               1          3                                 1171900200006 
EN-RSL                                                            1171900200007 
NSEC/M                                                            1171900200008 
 70.                                                              1171900200009 
ENDCOMMON            3          0                                 1171900200010 
DATA                 3         47                                 1171900200011 
EN         DATA       DATA-ERR                                    1171900200012 
MEV        B          B                                           1171900200013 
 9.28   -06 1.172  +01 1.2    -01                                 1171900200014 
 1.18   -04 1.137  +01 1.6    -01                                 1171900200015 
 2.42   -04 1.049  +01 1.5    -01                                 1171900200016 
 3.10   -04 1.059  +01 1.5    -01                                 1171900200017 
 3.63   -04 1.113  +01 3.3    -01                                 1171900200018 
 4.05   -04 1.100  +01 3.3    -01                                 1171900200019 
 4.55   -04 1.043  +01 3.0    -01                                 1171900200020 
 5.14   -04 1.044  +01 3.1    -01                                 1171900200021 
 5.80   -04 9.60   +00 1.5    -01                                 1171900200022 
 5.87   -04 1.021  +01 3.0    -01                                 1171900200023 
 6.67   -04 9.14   +00 1.5    -01                                 1171900200024 
 6.74   -04 1.008  +01 3.0    -01                                 1171900200025 
 7.74   -04 9.33   +00 1.5    -01                                 1171900200026 
 7.83   -04 9.90   +00 3.0    -01                                 1171900200027 
 9.10   -04 9.00   +00 1.4    -01                                 1171900200028 
 9.62   -04 9.36   +00 2.8    -01                                 1171900200029 
 1.051  -03 9.20   +00 2.8    -01                                 1171900200030 
 1.090  -03 9.06   +00 1.4    -01                                 1171900200031 
 1.153  -03 9.29   +00 2.8    -01                                 1171900200032 
 1.271  -03 8.80   +00 2.7    -01                                 1171900200033 
 1.320  -03 8.56   +00 1.3    -01                                 1171900200034 
 1.408  -03 8.59   +00 2.6    -01                                 1171900200035 
 1.460  -03 7.76   +00 1.2    -01                                 1171900200036 
 1.567  -03 7.95   +00 2.4    -01                                 1171900200037 
 1.630  -03 7.43   +00 1.2    -01                                 1171900200038 
 1.756  -03 8.03   +00 2.4    -01                                 1171900200039 
 1.830  -03 7.50   +00 1.1    -01                                 1171900200040 
 1.981  -03 7.52   +00 2.2    -01                                 1171900200041 
 2.070  -03 7.40   +00 1.1    -01                                 1171900200042 
 2.252  -03 7.27   +00 2.2    -01                                 1171900200043 
 2.360  -03 6.16   +00 1.0    -01                                 1171900200044 
 2.583  -03 6.94   +00 2.1    -01                                 1171900200045 
 2.710  -03 6.55   +00 1.0    -01                                 1171900200046 
 2.993  -03 6.51   +00 2.0    -01                                 1171900200047 
 3.160  -03 6.49   +00 1.0    -01                                 1171900200048 
 3.300  -03 6.96   +00 2.8    -01                                 1171900200049 
 3.437  -03 6.68   +00 2.6    -01                                 1171900200050 
 3.582  -03 7.09   +00 2.8    -01                                 1171900200051 
 3.720  -03 6.48   +00 1.0    -01                                 1171900200052 
 3.736  -03 7.76   +00 3.1    -01                                 1171900200053 
 3.901  -03 8.29   +00 3.3    -01                                 1171900200054 
 4.077  -03 7.04   +00 2.8    -01                                 1171900200055 
 4.265  -03 6.96   +00 2.8    -01                                 1171900200056 
 4.440  -03 6.25   +00 1.0    -01                                 1171900200057 
 4.466  -03 5.67   +00 2.2    -01                                 1171900200058 
 4.682  -03 6.14   +00 2.4    -01                                 1171900200059 
 4.914  -03 6.34   +00 2.5    -01                                 1171900200060 
ENDDATA             49          0                                 1171900200061 
ENDSUBENT           60          0                                 1171900299999 
SUBENT        11719003   19831011                             00001171900300001 
BIB                  3          9                                 1171900300002 
REACTION  1(26-FE-56(N,0),,EN)                                    1171900300003 
          2(26-FE-56(N,0),,J)                                     1171900300004 
          3(26-FE-56(N,0),,L)                                     1171900300005 
          4(26-FE-56(N,TOT),,SIG,,RES)                            1171900300006 
          5(26-FE-56(N,G),,WID)                                   1171900300007 
          6(26-FE-56(N,EL),,WID)                                  1171900300008 
ANALYSIS   (AREA)     AREA ANALYSIS                               1171900300009 
ERR-ANALYS 6 ERROR ON NEUTRON WIDTH MISQUOTED IN ABSTRACT OF      1171900300010 
            ARTICLE.                                              1171900300011 
ENDBIB               9          0                                 1171900300012 
NOCOMMON             0          0                                 1171900300013 
DATA                10          1                                 1171900300014 
DATA      1DATA-ERR  1DATA      2DATA      3DATA      4DATA-ERR  41171900300015 
DATA      5DATA-ERR  5DATA      6DATA-ERR  6                      1171900300016 
EV         EV         NO-DIM     NO-DIM     B          B          1171900300017 
EV         EV         EV         EV                               1171900300018 
 1200.      30.        0.5        0.         165.       12.       1171900300019 
 0.673      0.074      0.056      0.006                           1171900300020 
ENDDATA              6          0                                 1171900300021 
ENDSUBENT           20          0                                 1171900399999 
SUBENT        11719004   19831011                             00001171900400001 
BIB                  2          4                                 1171900400002 
REACTION  1(26-FE-56(N,0),,EN)                                    1171900400003 
          2(26-FE-56(N,G),,WID)                                   1171900400004 
          3(26-FE-56(N,EL),,WID/RED)                              1171900400005 
ANALYSIS   (AREA)     AREA ANALYSIS                               1171900400006 
ENDBIB               4          0                                 1171900400007 
NOCOMMON             0          0                                 1171900400008 
DATA                 7          1                                 1171900400009 
DATA      1DATA-ERR  1DATA      2DATA-ERR  2DATA      3DATA-ERR  31171900400010 
MOMENTUM L                                                        1171900400011 
EV         EV         EV         EV         EV         EV         1171900400012 
NO-DIM                                                            1171900400013 
 -4390.     1700.      1.02       0.46       12.5       8.1       1171900400014 
 0.                                                               1171900400015 
ENDDATA              6          0                                 1171900400016 
ENDSUBENT           15          0                                 1171900499999 
ENDENTRY             4          0                                 1171999999999 
