ENTRY            11729   19831011                             00001172900000001 
SUBENT        11729001   19831011                             00001172900100001 
BIB                  5          6                                 1172900100002 
INSTITUTE  (1USAANL)                                              1172900100003 
REFERENCE  (W,HIBDON,6406)                                        1172900100004 
AUTHOR     (C.T.HIBDON)                                           1172900100005 
STATUS     (SCSRS)                                                1172900100006 
HISTORY    (760730T) TRANSLATED FROM SCISRS                       1172900100007 
           (831011A) CONVERTED TO REACTION FORMALISM              1172900100008 
ENDBIB               6          0                                 1172900100009 
NOCOMMON             0          0                                 1172900100010 
ENDSUBENT            9          0                                 1172900199999 
SUBENT        11729002   19831011                             00001172900200001 
BIB                  2          2                                 1172900200002 
REACTION   (26-FE-0(N,TOT),,SIG)                                  1172900200003 
COMMENT    FLAT DETECTION METHOD.                                 1172900200004 
ENDBIB               2          0                                 1172900200005 
NOCOMMON             0          0                                 1172900200006 
DATA                 2         16                                 1172900200007 
EN         DATA                                                   1172900200008 
MEV        B                                                      1172900200009 
 1.275  -01 1.97   +00                                            1172900200010 
 1.280  -01 1.70   +00                                            1172900200011 
 1.285  -01 1.70   +00                                            1172900200012 
 1.290  -01 1.30   +00                                            1172900200013 
 1.295  -01 1.10   +00                                            1172900200014 
 1.300  -01 1.02   +00                                            1172900200015 
 1.305  -01 1.15   +00                                            1172900200016 
 1.310  -01 1.70   +00                                            1172900200017 
 1.313  -01 3.49   +00                                            1172900200018 
 1.315  -01 1.040  +01                                            1172900200019 
 1.318  -01 1.278  +01                                            1172900200020 
 1.320  -01 7.55   +00                                            1172900200021 
 1.323  -01 6.34   +00                                            1172900200022 
 1.328  -01 4.45   +00                                            1172900200023 
 1.333  -01 3.20   +00                                            1172900200024 
 1.343  -01 2.60   +00                                            1172900200025 
ENDDATA             18          0                                 1172900200026 
ENDSUBENT           25          0                                 1172900299999 
SUBENT        11729003   19831011                             00001172900300001 
BIB                  2          2                                 1172900300002 
REACTION   (26-FE-0(N,TOT),,SIG)                                  1172900300003 
COMMENT    SELF INDICATION METHOD.                                1172900300004 
ENDBIB               2          0                                 1172900300005 
NOCOMMON             0          0                                 1172900300006 
DATA                 2         16                                 1172900300007 
EN         DATA                                                   1172900300008 
MEV        B                                                      1172900300009 
 1.275  -01 2.24   +00                                            1172900300010 
 1.280  -01 1.78   +00                                            1172900300011 
 1.285  -01 1.98   +00                                            1172900300012 
 1.290  -01 1.00   +00                                            1172900300013 
 1.295  -01 5.5    -01                                            1172900300014 
 1.300  -01 5.0    -01                                            1172900300015 
 1.305  -01 1.60   +00                                            1172900300016 
 1.310  -01 2.28   +00                                            1172900300017 
 1.313  -01 7.22   +00                                            1172900300018 
 1.315  -01 1.350  +01                                            1172900300019 
 1.318  -01 1.310  +01                                            1172900300020 
 1.320  -01 8.52   +00                                            1172900300021 
 1.323  -01 7.35   +00                                            1172900300022 
 1.328  -01 5.15   +00                                            1172900300023 
 1.333  -01 3.88   +00                                            1172900300024 
 1.343  -01 2.85   +00                                            1172900300025 
ENDDATA             18          0                                 1172900300026 
ENDSUBENT           25          0                                 1172900399999 
ENDENTRY             3          0                                 1172999999999 
