ENTRY            11732   19831011                             00001173200000001 
SUBENT        11732001   19831011                             00001173200100001 
BIB                  7          8                                 1173200100002 
INSTITUTE  (1USACOL)                                              1173200100003 
REFERENCE  (J,PR,83,1123,5109)                                    1173200100004 
AUTHOR     (W.W.HAVENS JR,L.J.RAINWATER)                          1173200100005 
TITLE      SLOW NEUTRON VELOCITY SPECTROMETER STUDIES.            1173200100006 
FACILITY   COLUMBIA NEUTRON VELOCITY SPECTROMETER.                1173200100007 
STATUS     (SCSRS)                                                1173200100008 
HISTORY    (760730T) TRANSLATED FROM SCISRS                       1173200100009 
           (831011A) CONVERTED TO REACTION FORMALISM              1173200100010 
ENDBIB               8          0                                 1173200100011 
NOCOMMON             0          0                                 1173200100012 
ENDSUBENT           11          0                                 1173200199999 
SUBENT        11732002   19831011                             00001173200200001 
BIB                  2          2                                 1173200200002 
REACTION   (26-FE-0(N,TOT),,SIG)                                  1173200200003 
STATUS     (CURVE) READ FROM CURVE IN BNL-325                     1173200200004 
ENDBIB               2          0                                 1173200200005 
NOCOMMON             0          0                                 1173200200006 
DATA                 2         43                                 1173200200007 
EN         DATA                                                   1173200200008 
EV         B                                                      1173200200009 
   0.0244   13.4                                                  1173200200010 
   0.0296   13.                                                   1173200200011 
   0.0365   12.9                                                  1173200200012 
   0.0465   12.5                                                  1173200200013 
   0.061    12.4                                                  1173200200014 
   0.083    12.1                                                  1173200200015 
   0.119    12.                                                   1173200200016 
   0.185    12.                                                   1173200200017 
   0.325    11.7                                                  1173200200018 
   0.735    11.4                                                  1173200200019 
   0.845    11.7                                                  1173200200020 
   0.96     11.7                                                  1173200200021 
   1.03     12.5                                                  1173200200022 
   1.16     12.2                                                  1173200200023 
   1.3      11.7                                                  1173200200024 
   1.55     11.7                                                  1173200200025 
   1.74     11.4                                                  1173200200026 
   2.15     11.5                                                  1173200200027 
   2.64     11.3                                                  1173200200028 
   2.98     10.9                                                  1173200200029 
   3.4      12.3                                                  1173200200030 
   4.35     11.5                                                  1173200200031 
   5.7      11.8                                                  1173200200032 
   7.25     10.9                                                  1173200200033 
  11.1      11.3                                                  1173200200034 
  14.4      11.25                                                 1173200200035 
  16.5      11.6                                                  1173200200036 
  20.6      11.2                                                  1173200200037 
  23.3      11.5                                                  1173200200038 
  28.       11.2                                                  1173200200039 
  34.       10.9                                                  1173200200040 
  43.5      11.2                                                  1173200200041 
  56.       10.8                                                  1173200200042 
  66.       11.4                                                  1173200200043 
  85.       12.3                                                  1173200200044 
  93.       11.1                                                  1173200200045 
 102.       10.2                                                  1173200200046 
 112.       11.                                                   1173200200047 
 124.       10.3                                                  1173200200048 
 153.       12.5                                                  1173200200049 
 173.       11.1                                                  1173200200050 
 230.       11.3                                                  1173200200051 
 260.       11.8                                                  1173200200052 
ENDDATA             45          0                                 1173200200053 
ENDSUBENT           52          0                                 1173200299999 
SUBENT        11732003   19831011                             00001173200300001 
BIB                  2          2                                 1173200300002 
REACTION   (27-CO-59(N,TOT),,SIG)                                 1173200300003 
STATUS     (CURVE) READ FROM CURVE IN BNL-325                     1173200300004 
ENDBIB               2          0                                 1173200300005 
NOCOMMON             0          0                                 1173200300006 
DATA                 2         30                                 1173200300007 
EN         DATA                                                   1173200300008 
EV         B                                                      1173200300009 
 1.0       13.0                                                   1173200300010 
 1.1       12.8                                                   1173200300011 
 1.2       12.5                                                   1173200300012 
 1.325     12.0                                                   1173200300013 
 1.49      11.9                                                   1173200300014 
 1.65      11.7                                                   1173200300015 
 1.85      11.45                                                  1173200300016 
 2.1       11.0                                                   1173200300017 
 2.25      11.0                                                   1173200300018 
 2.40      11.2                                                   1173200300019 
 2.58      10.6                                                   1173200300020 
 2.79      10.45                                                  1173200300021 
 3.0       10.2                                                   1173200300022 
 3.25       9.8                                                   1173200300023 
 3.50       9.9                                                   1173200300024 
 3.85      10.3                                                   1173200300025 
 4.2        9.75                                                  1173200300026 
 4.6        9.60                                                  1173200300027 
 5.08      10.05                                                  1173200300028 
 5.6        9.18                                                  1173200300029 
 6.2        9.2                                                   1173200300030 
 7.0        9.5                                                   1173200300031 
 8.0        9.85                                                  1173200300032 
 9.1        9.18                                                  1173200300033 
10.5        9.0                                                   1173200300034 
12.0        9.15                                                  1173200300035 
14.0        9.35                                                  1173200300036 
17.0        9.2                                                   1173200300037 
20.5        9.4                                                   1173200300038 
25.0        9.6                                                   1173200300039 
ENDDATA             32          0                                 1173200300040 
ENDSUBENT           39          0                                 1173200399999 
SUBENT        11732004   19831011                             00001173200400001 
BIB                  2          2                                 1173200400002 
REACTION   (28-NI-0(N,TOT),,SIG)                                  1173200400003 
STATUS     (CURVE) READ FROM CURVE IN BNL-325                     1173200400004 
ENDBIB               2          0                                 1173200400005 
NOCOMMON             0          0                                 1173200400006 
DATA                 2         18                                 1173200400007 
EN         DATA                                                   1173200400008 
EV         B                                                      1173200400009 
 1.05       18.2                                                  1173200400010 
 1.13       17.5                                                  1173200400011 
 1.17       18.2                                                  1173200400012 
 1.27       18.2                                                  1173200400013 
 1.40       18.6                                                  1173200400014 
 1.53       17.5                                                  1173200400015 
 1.9        17.3                                                  1173200400016 
 1.95       18.                                                   1173200400017 
 2.15       17.5                                                  1173200400018 
 2.45       17.                                                   1173200400019 
 2.85       16.9                                                  1173200400020 
 3.         17.4                                                  1173200400021 
 3.4        17.9                                                  1173200400022 
 4.09       17.4                                                  1173200400023 
 4.9        17.5                                                  1173200400024 
 6.         16.8                                                  1173200400025 
 7.6        17.3                                                  1173200400026 
 7.65       16.5                                                  1173200400027 
ENDDATA             20          0                                 1173200400028 
ENDSUBENT           27          0                                 1173200499999 
SUBENT        11732005   19831011                             00001173200500001 
BIB                  2          2                                 1173200500002 
REACTION   (30-ZN-0(N,TOT),,SIG)                                  1173200500003 
STATUS     (CURVE) READ FROM CURVE IN BNL-325                     1173200500004 
ENDBIB               2          0                                 1173200500005 
NOCOMMON             0          0                                 1173200500006 
DATA                 2         61                                 1173200500007 
EN         DATA                                                   1173200500008 
EV         B                                                      1173200500009 
  0.0084    4.1                                                   1173200500010 
  0.0090    4.                                                    1173200500011 
  0.0095    3.92                                                  1173200500012 
  0.0103    3.69                                                  1173200500013 
  0.011     3.81                                                  1173200500014 
  0.0119    4.02                                                  1173200500015 
  0.0129    4.06                                                  1173200500016 
  0.0132    4.3                                                   1173200500017 
  0.0139    4.1                                                   1173200500018 
  0.0151    4.4                                                   1173200500019 
  0.0152    4.19                                                  1173200500020 
  0.0166    4.45                                                  1173200500021 
  0.0174    4.6                                                   1173200500022 
  0.0184    4.49                                                  1173200500023 
  0.0194    4.52                                                  1173200500024 
  0.0202    4.29                                                  1173200500025 
  0.0224    4.21                                                  1173200500026 
  0.0245    4.42                                                  1173200500027 
  0.025     4.25                                                  1173200500028 
  0.028     4.41                                                  1173200500029 
  0.0297    4.62                                                  1173200500030 
  0.0318    4.49                                                  1173200500031 
  0.035     4.68                                                  1173200500032 
  0.037     4.7                                                   1173200500033 
  0.041     4.49                                                  1173200500034 
  0.046     4.62                                                  1173200500035 
  0.0485    4.45                                                  1173200500036 
  0.057     4.62                                                  1173200500037 
  0.062     4.62                                                  1173200500038 
  0.068     4.5                                                   1173200500039 
  0.082     4.4                                                   1173200500040 
  0.084     4.55                                                  1173200500041 
  0.101     4.4                                                   1173200500042 
  0.12      4.58                                                  1173200500043 
  0.128     4.3                                                   1173200500044 
  0.167     4.35                                                  1173200500045 
  0.188     4.58                                                  1173200500046 
  0.225     4.35                                                  1173200500047 
  0.323     4.12                                                  1173200500048 
  0.33      4.39                                                  1173200500049 
  0.51      4.2                                                   1173200500050 
  0.75      4.27                                                  1173200500051 
  0.92      4.0                                                   1173200500052 
  1.01      4.2                                                   1173200500053 
  1.1       4.3                                                   1173200500054 
  1.2       4.1                                                   1173200500055 
  1.33      4.2                                                   1173200500056 
  1.49      4.0                                                   1173200500057 
  1.65      4.15                                                  1173200500058 
  1.88      3.95                                                  1173200500059 
  2.1       4.15                                                  1173200500060 
  2.43      3.86                                                  1173200500061 
  2.8       3.82                                                  1173200500062 
  3.25      4.08                                                  1173200500063 
  3.85      4.2                                                   1173200500064 
  4.6       4.                                                    1173200500065 
  5.6       4.18                                                  1173200500066 
  7.        4.17                                                  1173200500067 
  9.        3.8                                                   1173200500068 
 12.        3.9                                                   1173200500069 
 17.        3.8                                                   1173200500070 
ENDDATA             63          0                                 1173200500071 
ENDSUBENT           70          0                                 1173200599999 
SUBENT        11732006   19831011                             00001173200600001 
BIB                  2          2                                 1173200600002 
REACTION   (35-BR-0(N,TOT),,SIG)                                  1173200600003 
STATUS     (CURVE) READ FROM CURVE IN BNL-325                     1173200600004 
ENDBIB               2          0                                 1173200600005 
NOCOMMON             0          0                                 1173200600006 
DATA                 2         27                                 1173200600007 
EN         DATA                                                   1173200600008 
EV         B                                                      1173200600009 
    3.3     6.2                                                   1173200600010 
    3.5     5.8                                                   1173200600011 
    3.75    6.25                                                  1173200600012 
    4.0     6.20                                                  1173200600013 
    4.35    6.3                                                   1173200600014 
    4.7     6.0                                                   1173200600015 
    5.1     6.05                                                  1173200600016 
    5.45    6.05                                                  1173200600017 
    6.0     5.8                                                   1173200600018 
    6.6     5.5                                                   1173200600019 
    7.3     6.1                                                   1173200600020 
    8.05    6.                                                    1173200600021 
    8.95    5.95                                                  1173200600022 
   10.1     5.75                                                  1173200600023 
   11.4     5.79                                                  1173200600024 
   12.9     5.8                                                   1173200600025 
   14.6     5.8                                                   1173200600026 
   17.      5.9                                                   1173200600027 
   23.8     6.25                                                  1173200600028 
   26.3     5.79                                                  1173200600029 
   27.5     6.8                                                   1173200600030 
   29.1     7.55                                                  1173200600031 
   30.9     7.25                                                  1173200600032 
 1740.      9.1                                                   1173200600033 
 2650.      8.95                                                  1173200600034 
 4500.      8.5                                                   1173200600035 
 9400.      8.1                                                   1173200600036 
ENDDATA             29          0                                 1173200600037 
ENDSUBENT           36          0                                 1173200699999 
SUBENT        11732007   19831011                             00001173200700001 
BIB                  2          2                                 1173200700002 
REACTION   (79-AU-197(N,TOT),,SIG)                                1173200700003 
STATUS     (CURVE) READ FROM CURVE IN BNL-325                     1173200700004 
ENDBIB               2          0                                 1173200700005 
NOCOMMON             0          0                                 1173200700006 
DATA                 2          8                                 1173200700007 
EN         DATA                                                   1173200700008 
EV         B                                                      1173200700009 
 4.5          865.                                                1173200700010 
 4.6         1994.                                                1173200700011 
 4.7         4800.                                                1173200700012 
 4.75       11500.                                                1173200700013 
 5.0        11750.                                                1173200700014 
 5.1          605.                                                1173200700015 
 5.2          257.                                                1173200700016 
 5.35         680.                                                1173200700017 
ENDDATA             10          0                                 1173200700018 
ENDSUBENT           17          0                                 1173200799999 
SUBENT        11732008   19831011                             00001173200800001 
BIB                  1          4                                 1173200800002 
REACTION  1(27-CO-59(N,0),,EN)                                    1173200800003 
          2(27-CO-59(N,TOT),,WID,,SQ/S0)                          1173200800004 
          3(27-CO-59(N,TOT),,SIG,,RES)                            1173200800005 
          4(27-CO-59(N,EL),,WID)                                  1173200800006 
ENDBIB               4          0                                 1173200800007 
NOCOMMON             0          0                                 1173200800008 
DATA                 5          2                                 1173200800009 
DATA      1DATA      2DATA-APRX 2DATA      3DATA-APRX 4           1173200800010 
EV         B*EV-SQ    B*EV-SQ    B          EV                    1173200800011 
 126.       2.3    +05            9100.      5.0                  1173200800012 
5000.                  2.     +08           900.                  1173200800013 
ENDDATA              4          0                                 1173200800014 
ENDSUBENT           13          0                                 1173200899999 
SUBENT        11732009   19831011                             00001173200900001 
BIB                  1          2                                 1173200900002 
REACTION  1(30-ZN-0(N,0),,EN)                                     1173200900003 
          2(30-ZN-0(N,TOT),,WID,,SQ/S0)                           1173200900004 
ENDBIB               2          0                                 1173200900005 
NOCOMMON             0          0                                 1173200900006 
DATA                 2          3                                 1173200900007 
DATA      1DATA      2                                            1173200900008 
EV         B*EV-SQ                                                1173200900009 
 520.       6.9    +04                                            1173200900010 
1100.       2.3    +04                                            1173200900011 
3800.                                                             1173200900012 
ENDDATA              5          0                                 1173200900013 
ENDSUBENT           12          0                                 1173200999999 
SUBENT        11732010   19831011                             00001173201000001 
BIB                  1          2                                 1173201000002 
REACTION  1(35-BR-0(N,0),,EN)                                     1173201000003 
          2(35-BR-0(N,TOT),,WID,,SQ/S0)                           1173201000004 
ENDBIB               2          0                                 1173201000005 
NOCOMMON             0          0                                 1173201000006 
DATA                 2          4                                 1173201000007 
DATA      1DATA      2                                            1173201000008 
EV         B*EV-SQ                                                1173201000009 
 35.7       220.                                                  1173201000010 
 54.        140.                                                  1173201000011 
104.        250.                                                  1173201000012 
136.       1000.                                                  1173201000013 
ENDDATA              6          0                                 1173201000014 
ENDSUBENT           13          0                                 1173201099999 
SUBENT        11732011   19831011                             00001173201100001 
BIB                  1          1                                 1173201100002 
REACTION   (47-AG-0(N,0),,EN)                                     1173201100003 
ENDBIB               1          0                                 1173201100004 
NOCOMMON             0          0                                 1173201100005 
DATA                 2          1                                 1173201100006 
DATA       DATA-ERR                                               1173201100007 
EV         EV                                                     1173201100008 
 5.13       0.07                                                  1173201100009 
ENDDATA              3          0                                 1173201100010 
ENDSUBENT            9          0                                 1173201199999 
SUBENT        11732012   19831011                             00001173201200001 
BIB                  1          1                                 1173201200002 
REACTION   (79-AU-197(N,0),,EN)                                   1173201200003 
ENDBIB               1          0                                 1173201200004 
NOCOMMON             0          0                                 1173201200005 
DATA                 2          1                                 1173201200006 
DATA       DATA-ERR                                               1173201200007 
EV         EV                                                     1173201200008 
 4.87       0.07                                                  1173201200009 
ENDDATA              3          0                                 1173201200010 
ENDSUBENT            9          0                                 1173201299999 
ENDENTRY            12          0                                 1173299999999 
