ENTRY            11734   19831011                             00001173400000001 
SUBENT        11734001   19831011                             00001173400100001 
BIB                  7          8                                 1173400100002 
INSTITUTE  (1USAORL)                                              1173400100003 
REFERENCE  (J,BAP,5,449(K2),6011)                                 1173400100004 
AUTHOR     (W.M.GOOD,P.D.MILLER,J.H.NEILER)                       1173400100005 
TITLE      TOTAL CROSS SECTIONS OF GE70,72,74,76, CU63, CO59.     1173400100006 
METHOD     (TOF)                                                  1173400100007 
STATUS     (SCSRS)                                                1173400100008 
HISTORY    (760730T) TRANSLATED FROM SCISRS                       1173400100009 
           (831011A) CONVERTED TO REACTION FORMALISM              1173400100010 
ENDBIB               8          0                                 1173400100011 
NOCOMMON             0          0                                 1173400100012 
ENDSUBENT           11          0                                 1173400199999 
SUBENT        11734002   19831011                             00001173400200001 
BIB                  1          1                                 1173400200002 
REACTION   (27-CO-59(N,0),,EN)                                    1173400200003 
ENDBIB               1          0                                 1173400200004 
NOCOMMON             0          0                                 1173400200005 
DATA                 1          2                                 1173400200006 
DATA                                                              1173400200007 
MEV                                                               1173400200008 
 4.8    -03                                                       1173400200009 
 5.0    -03                                                       1173400200010 
ENDDATA              4          0                                 1173400200011 
ENDSUBENT           10          0                                 1173400299999 
SUBENT        11734003   19831011                             00001173400300001 
BIB                  1          1                                 1173400300002 
REACTION   (27-CO-59(N,TOT),,SIG)                                 1173400300003 
ENDBIB               1          0                                 1173400300004 
NOCOMMON             0          0                                 1173400300005 
DATA                 2         77                                 1173400300006 
EN         DATA                                                   1173400300007 
MEV        B                                                      1173400300008 
 2.80   -03 1.     +00                                            1173400300009 
 2.84   -03 1.1    +01                                            1173400300010 
 2.87   -03 4.5    +00                                            1173400300011 
 2.89   -03 9.     +00                                            1173400300012 
 2.92   -03 4.5    +00                                            1173400300013 
 2.94   -03 1.5    +00                                            1173400300014 
 2.96   -03 7.5    +00                                            1173400300015 
 3.01   -03 9.     +00                                            1173400300016 
 3.02   -03 5.     +00                                            1173400300017 
 3.05   -03 3.     +00                                            1173400300018 
 3.075  -03 8.     +00                                            1173400300019 
 3.11   -03 1.5    +00                                            1173400300020 
 3.15   -03 3.     +00                                            1173400300021 
 3.22   -03 9.     +00                                            1173400300022 
 3.25   -03 3.     +00                                            1173400300023 
 3.29   -03 6.     +00                                            1173400300024 
 3.30   -03 1.2    +01                                            1173400300025 
 3.33   -03 1.3    +01                                            1173400300026 
 3.35   -03 8.     +00                                            1173400300027 
 3.39   -03 1.2    +01                                            1173400300028 
 3.44   -03 8.     +00                                            1173400300029 
 3.48   -03 8.5    +00                                            1173400300030 
 3.50   -03 1.3    +01                                            1173400300031 
 3.545  -03 1.6    +01                                            1173400300032 
 3.59   -03 1.5    +01                                            1173400300033 
 3.62   -03 1.85   +01                                            1173400300034 
 3.66   -03 1.7    +01                                            1173400300035 
 3.70   -03 1.9    +01                                            1173400300036 
 3.72   -03 1.4    +01                                            1173400300037 
 3.77   -03 2.15   +01                                            1173400300038 
 3.79   -03 2.6    +01                                            1173400300039 
 3.81   -03 2.0    +01                                            1173400300040 
 3.84   -03 9.     +00                                            1173400300041 
 3.87   -03 1.8    +01                                            1173400300042 
 3.88   -03 2.2    +01                                            1173400300043 
 3.89   -03 2.5    +01                                            1173400300044 
 3.92   -03 3.2    +01                                            1173400300045 
 3.96   -03 2.5    +01                                            1173400300046 
 3.99   -03 3.75   +01                                            1173400300047 
 4.0    -03 3.9    +01                                            1173400300048 
 4.0    -03 1.65   +01                                            1173400300049 
 4.04   -03 5.0    +01                                            1173400300050 
 4.09   -03 9.0    +01                                            1173400300051 
 4.09   -03 6.0    +01                                            1173400300052 
 4.14   -03 9.7    +01                                            1173400300053 
 4.145  -03 1.55   +02                                            1173400300054 
 4.225  -03 2.02   +02                                            1173400300055 
 4.28   -03 1.765  +02                                            1173400300056 
 4.33   -03 1.42   +02                                            1173400300057 
 4.40   -03 1.20   +02                                            1173400300058 
 4.44   -03 9.6    +01                                            1173400300059 
 4.48   -03 9.7    +01                                            1173400300060 
 4.53   -03 9.75   +01                                            1173400300061 
 4.58   -03 1.015  +02                                            1173400300062 
 4.63   -03 1.10   +02                                            1173400300063 
 4.68   -03 1.36   +02                                            1173400300064 
 4.74   -03 1.48   +02                                            1173400300065 
 4.81   -03 1.93   +02                                            1173400300066 
 4.86   -03 1.91   +02                                            1173400300067 
 4.92   -03 1.76   +02                                            1173400300068 
 4.95   -03 1.86   +02                                            1173400300069 
 4.99   -03 1.95   +02                                            1173400300070 
 5.05   -03 1.72   +02                                            1173400300071 
 5.09   -03 1.54   +02                                            1173400300072 
 5.15   -03 1.32   +02                                            1173400300073 
 5.23   -03 1.18   +02                                            1173400300074 
 5.29   -03 9.25   +01                                            1173400300075 
 5.33   -03 7.2    +01                                            1173400300076 
 5.42   -03 6.3    +01                                            1173400300077 
 5.50   -03 6.05   +01                                            1173400300078 
 5.56   -03 4.8    +01                                            1173400300079 
 5.62   -03 3.3    +01                                            1173400300080 
 5.72   -03 3.7    +01                                            1173400300081 
 5.81   -03 2.7    +01                                            1173400300082 
 5.86   -03 3.3    +01                                            1173400300083 
 5.93   -03 3.75   +01                                            1173400300084 
 6.0    -03 3.6    +01                                            1173400300085 
ENDDATA             79          0                                 1173400300086 
ENDSUBENT           85          0                                 1173400399999 
SUBENT        11734004   19831011                             00001173400400001 
BIB                  1          1                                 1173400400002 
REACTION   (29-CU-63(N,0),,EN)                                    1173400400003 
ENDBIB               1          0                                 1173400400004 
NOCOMMON             0          0                                 1173400400005 
DATA                 1          8                                 1173400400006 
DATA                                                              1173400400007 
MEV                                                               1173400400008 
 4.35   -03                                                       1173400400009 
 4.77   -03                                                       1173400400010 
 5.14   -03                                                       1173400400011 
 5.71   -03                                                       1173400400012 
 7.40   -03                                                       1173400400013 
 7.80   -03                                                       1173400400014 
 9.00   -03                                                       1173400400015 
 9.70   -03                                                       1173400400016 
ENDDATA             10          0                                 1173400400017 
ENDSUBENT           16          0                                 1173400499999 
SUBENT        11734005   19831011                             00001173400500001 
BIB                  1          1                                 1173400500002 
REACTION   (32-GE-70(N,0),,EN)                                    1173400500003 
ENDBIB               1          0                                 1173400500004 
NOCOMMON             0          0                                 1173400500005 
DATA                 1         13                                 1173400500006 
DATA                                                              1173400500007 
KEV                                                               1173400500008 
 4.35                                                             1173400500009 
 4.95                                                             1173400500010 
 5.55                                                             1173400500011 
 6.65                                                             1173400500012 
 8.5                                                              1173400500013 
 9.8                                                              1173400500014 
10.2                                                              1173400500015 
11.7                                                              1173400500016 
13.2                                                              1173400500017 
18.5                                                              1173400500018 
23.8                                                              1173400500019 
25.7                                                              1173400500020 
28.1                                                              1173400500021 
ENDDATA             15          0                                 1173400500022 
ENDSUBENT           21          0                                 1173400599999 
SUBENT        11734006   19831011                             00001173400600001 
BIB                  1          1                                 1173400600002 
REACTION   (32-GE-72(N,0),,EN)                                    1173400600003 
ENDBIB               1          0                                 1173400600004 
NOCOMMON             0          0                                 1173400600005 
DATA                 1          5                                 1173400600006 
DATA                                                              1173400600007 
KEV                                                               1173400600008 
 4.52                                                             1173400600009 
 4.92                                                             1173400600010 
 8.9                                                              1173400600011 
11.1                                                              1173400600012 
19.2                                                              1173400600013 
ENDDATA              7          0                                 1173400600014 
ENDSUBENT           13          0                                 1173400699999 
SUBENT        11734007   19831011                             00001173400700001 
BIB                  1          1                                 1173400700002 
REACTION   (32-GE-74(N,0),,EN)                                    1173400700003 
ENDBIB               1          0                                 1173400700004 
NOCOMMON             0          0                                 1173400700005 
DATA                 1          2                                 1173400700006 
DATA                                                              1173400700007 
KEV                                                               1173400700008 
 4.95                                                             1173400700009 
19.3                                                              1173400700010 
ENDDATA              4          0                                 1173400700011 
ENDSUBENT           10          0                                 1173400799999 
SUBENT        11734008   19831011                             00001173400800001 
BIB                  1          1                                 1173400800002 
REACTION   (32-GE-76(N,0),,EN)                                    1173400800003 
ENDBIB               1          0                                 1173400800004 
NOCOMMON             0          0                                 1173400800005 
DATA                 1          4                                 1173400800006 
DATA                                                              1173400800007 
KEV                                                               1173400800008 
 4.95                                                             1173400800009 
14.9                                                              1173400800010 
22.3                                                              1173400800011 
29.3                                                              1173400800012 
ENDDATA              6          0                                 1173400800013 
ENDSUBENT           12          0                                 1173400899999 
ENDENTRY             8          0                                 1173499999999 
