ENTRY            11749   20061127                             13411174900000001 
SUBENT        11749001   20061127                             13411174900100001 
BIB                 10         16                                 1174900100002 
INSTITUTE  (1USAANL)                                              1174900100003 
REFERENCE  (J,PR,135,B76,1964)                                    1174900100004 
AUTHOR     (A.B.Smith,C.A.Engelbrecht,D.Reitmann)                 1174900100005 
TITLE      Elastic and Inelastic Scattering of Fast Neutrons from 1174900100006 
            Co, Cu, Zn.                                           1174900100007 
FACILITY   (VDG,1USAANL) Pulsed Van-de-graaff.                    1174900100008 
INC-SOURCE (P-LI7) 7Li(p,n) source                                1174900100009 
METHOD     (TOF)                                                  1174900100010 
MONITOR    (6-C-12(N,EL)6-C-12,,SIG)                              1174900100011 
STATUS     Data taken from reference, except as otherwise noted.  1174900100012 
HISTORY    (19760730T) Translated from SCISRS                     1174900100013 
           (19831011A) Converted to REACTION formalism            1174900100014 
           (19860421A) BIB UPDATE.                                1174900100015 
           (20050427A) Converted to new date formats, lower case. 1174900100016 
                       Reference updated.                         1174900100017 
           (20061127A) DR Reference corrected to follow APS format1174900100018 
ENDBIB              16          0                                 1174900100019 
NOCOMMON             0          0                                 1174900100020 
ENDSUBENT           19          0                                 1174900199999 
SUBENT        11749002   20050427                             13331174900200001 
BIB                  3          3                                 1174900200002 
REACTION   (27-CO-59(N,EL)27-CO-59,,DA,,LEG/RS)                   1174900200003 
FLAG       (1.) Data taken from private comm.,Smith, Dec. 1966.   1174900200004 
STATUS     (COREL,11749003)                                       1174900200005 
ENDBIB               3          0                                 1174900200006 
NOCOMMON             0          0                                 1174900200007 
DATA                 5        130                                 1174900200008 
EN         NUMBER     DATA       DATA-ERR   FLAG                  1174900200009 
MEV        NO-DIM     NO-DIM     NO-DIM     NO-DIM                1174900200010 
 3.0    -01    1.      2.93   -01 1.3    -02                      1174900200011 
 3.0    -01    2.      1.10   -01 2.0    -02                      1174900200012 
 3.0    -01    3.     -4.     -03 2.6    -02                      1174900200013 
 3.0    -01    4.     -1.2    -02 2.9    -02                      1174900200014 
 3.5    -01    1.      1.96   -01 3.5    -02                      1174900200015 
 3.5    -01    2.      2.44   -01 5.1    -02                      1174900200016 
 3.5    -01    3.      8.2    -02 6.7    -02                      1174900200017 
 3.5    -01    4.      8.4    -02 7.5    -02                      1174900200018 
 4.0    -01    1.      3.43   -01 8.     -03                      1174900200019 
 4.0    -01    2.      1.46   -01 1.1    -02                      1174900200020 
 4.0    -01    3.      2.8    -02 1.5    -02                      1174900200021 
 4.0    -01    4.      2.2    -02 1.7    -02                      1174900200022 
 4.5    -01    1.      2.71   -01 2.7    -02                      1174900200023 
 4.5    -01    2.      2.72   -01 4.0    -02                      1174900200024 
 4.5    -01    3.     -2.8    -02 5.2    -02                      1174900200025 
 4.5    -01    4.      7.9    -02 5.9    -02                      1174900200026 
 5.0    -01    1.      2.78   -01 2.0    -02                      1174900200027 
 5.0    -01    2.      2.15   -01 2.9    -02                      1174900200028 
 5.0    -01    3.      8.9    -02 3.7    -02                      1174900200029 
 5.0    -01    4.     -8.     -03 4.2    -02                      1174900200030 
 5.5    -01    1.      4.00   -01 2.3    -02                      1174900200031 
 5.5    -01    2.      3.08   -01 3.3    -02                      1174900200032 
 5.5    -01    3.      1.5    -02 4.4    -02                      1174900200033 
 5.5    -01    4.      1.17   -01 4.9    -02                      1174900200034 
 6.0    -01    1.      3.55   -01 1.0    -02                      1174900200035 
 6.0    -01    2.      3.31   -01 1.5    -02                      1174900200036 
 6.0    -01    3.      1.23   -01 2.0    -02                      1174900200037 
 6.0    -01    4.      3.9    -02 2.2    -02                      1174900200038 
 6.5    -01    1.      3.78   -01 2.1    -02                      1174900200039 
 6.5    -01    2.      4.88   -01 3.1    -02                      1174900200040 
 6.5    -01    3.      1.19   -01 4.0    -02                      1174900200041 
 6.5    -01    4.      6.2    -02 4.5    -02                      1174900200042 
 7.0    -01    1.      3.60   -01 1.5    -02                      1174900200043 
 7.0    -01    2.      4.40   -01 2.1    -02                      1174900200044 
 7.0    -01    3.      1.07   -01 2.8    -02                      1174900200045 
 7.0    -01    4.      1.2    -02 3.1    -02                      1174900200046 
 7.5    -01    1.      5.01   -01 3.6    -02                      1174900200047 
 7.5    -01    2.      5.11   -01 5.2    -02                      1174900200048 
 7.5    -01    3.      1.10   -01 6.9    -02                      1174900200049 
 7.5    -01    4.     -2.5    -02 7.7    -02                      1174900200050 
 8.0    -01    1.      4.06   -01 1.8    -02                      1174900200051 
 8.0    -01    2.      5.32   -01 3.8    -02                      1174900200052 
 8.0    -01    3.      1.26   -01 3.9    -02                      1174900200053 
 8.0    -01    4.     -5.3    -02 4.2    -02                      1174900200054 
 8.5    -01    1.      3.20   -01 1.6    -02                      1174900200055 
 8.5    -01    2.      7.29   -01 2.4    -02                      1174900200056 
 8.5    -01    3.      2.7    -02 3.1    -02                      1174900200057 
 8.5    -01    4.      2.45   -01 3.5    -02                      1174900200058 
 9.0    -01    1.      3.51   -01 1.8    -02                      1174900200059 
 9.0    -01    2.      6.64   -01 2.6    -02                      1174900200060 
 9.0    -01    3.      1.63   -01 3.4    -02                      1174900200061 
 9.0    -01    4.      2.4    -02 3.8    -02                      1174900200062 
 9.5    -01    1.      4.46   -01 1.5    -02                      1174900200063 
 9.5    -01    2.      7.09   -01 2.7    -02                      1174900200064 
 9.5    -01    3.      2.24   -01 4.0    -02                      1174900200065 
 9.5    -01    4.      1.06   -01 4.1    -02                      1174900200066 
 1.00   +00    1.      4.22   -01 4.1    -02                      1174900200067 
 1.00   +00    2.      7.93   -01 5.9    -02                      1174900200068 
 1.00   +00    3.      2.79   -01 7.8    -02                      1174900200069 
 1.00   +00    4.      1.85   -01 8.7    -02                      1174900200070 
 1.05   +00    1.      4.40   -01 2.7    -02                      1174900200071 
 1.05   +00    2.      8.45   -01 3.9    -02                      1174900200072 
 1.05   +00    3.      2.13   -01 5.2    -02                      1174900200073 
 1.05   +00    4.      1.44   -01 5.8    -02                      1174900200074 
 1.10   +00    1.      5.82   -01 2.1    -02                      1174900200075 
 1.10   +00    2.      7.49   -01 3.0    -02                      1174900200076 
 1.10   +00    3.      1.96   -01 4.0    -02                      1174900200077 
 1.10   +00    4.      7.6    -02 4.5    -02                      1174900200078 
 1.15   +00    1.      4.18   -01 3.0    -02                      1174900200079 
 1.15   +00    2.      7.79   -01 4.4    -02                      1174900200080 
 1.15   +00    3.      3.33   -01 5.8    -02                      1174900200081 
 1.15   +00    4.      1.59   -01 6.5    -02                      1174900200082 
 1.20   +00    1.      5.25   -01 2.5    -02                      1174900200083 
 1.20   +00    2.      8.41   -01 4.1    -02                      1174900200084 
 1.20   +00    3.      3.63   -01 5.4    -02                      1174900200085 
 1.20   +00    4.      1.78   -01 6.0    -02                      1174900200086 
 1.25   +00    1.      5.84   -01 2.0    -02                      1174900200087 
 1.25   +00    2.      9.04   -01 3.0    -02                      1174900200088 
 1.25   +00    3.      4.03   -01 3.9    -02                      1174900200089 
 1.25   +00    4.      1.60   -01 4.4    -02                      1174900200090 
 1.30   +00    1.      6.32   -01 2.6    -02                      1174900200091 
 1.30   +00    2.      1.076  +00 3.8    -02                      1174900200092 
 1.30   +00    3.      5.09   -01 4.9    -02                      1174900200093 
 1.30   +00    4.      2.78   -01 5.5    -02                      1174900200094 
 1.325      1.          0.787     0.023      1.                   1174900200095 
 1.325      2.          1.087     0.029      1.                   1174900200096 
 1.325      3.          0.354     0.044      1.                   1174900200097 
 1.325      4.          0.068     0.047      1.                   1174900200098 
 1.325      5.         -0.078     0.065      1.                   1174900200099 
 1.35   +00    1.      5.62   -01 1.7    -02                      1174900200100 
 1.35   +00    2.      9.40   -01 2.5    -02                      1174900200101 
 1.35   +00    3.      4.84   -01 3.4    -02                      1174900200102 
 1.35   +00    4.      1.60   -01 3.8    -02                      1174900200103 
 1.375      1.          0.778     0.022      1.                   1174900200104 
 1.375      2.          1.115     0.028      1.                   1174900200105 
 1.375      3.          0.374     0.042      1.                   1174900200106 
 1.375      4.         -0.148     0.045      1.                   1174900200107 
 1.375      5.          0.072     0.061      1.                   1174900200108 
 1.40   +00    1.      6.69   -01 2.4    -02                      1174900200109 
 1.40   +00    2.      1.047  +00 3.5    -02                      1174900200110 
 1.40   +00    3.      5.29   -01 4.6    -02                      1174900200111 
 1.40   +00    4.      2.58   -01 5.1    -02                      1174900200112 
 1.425      1.          0.754     0.026      1.                   1174900200113 
 1.425      2.          1.239     0.033      1.                   1174900200114 
 1.425      3.          0.358     0.051      1.                   1174900200115 
 1.425      4.          0.050     0.054      1.                   1174900200116 
 1.425      5.         -0.058     0.074      1.                   1174900200117 
 1.449      1.          0.669     0.024      1.                   1174900200118 
 1.449      2.          1.062     0.030      1.                   1174900200119 
 1.449      3.          0.368     0.046      1.                   1174900200120 
 1.449      4.         -0.093     0.049      1.                   1174900200121 
 1.449      5.          0.059     0.067      1.                   1174900200122 
 1.45   +00    1.      5.80   -01 4.0    -02                      1174900200123 
 1.45   +00    2.      1.027  +00 5.9    -02                      1174900200124 
 1.45   +00    3.      4.98   -01 7.7    -02                      1174900200125 
 1.45   +00    4.      2.48   -01 8.6    -02                      1174900200126 
 1.475      1.          0.729     0.022      1.                   1174900200127 
 1.475      2.          1.124     0.028      1.                   1174900200128 
 1.475      3.          0.470     0.042      1.                   1174900200129 
 1.475      4.         -0.065     0.046      1.                   1174900200130 
 1.475      5.          0.149     0.062      1.                   1174900200131 
 1.499      1.          0.759     0.036      1.                   1174900200132 
 1.499      2.          1.157     0.045      1.                   1174900200133 
 1.499      3.          0.479     0.069      1.                   1174900200134 
 1.499      4.         -0.071     0.073      1.                   1174900200135 
 1.499      5.         -0.026     0.101      1.                   1174900200136 
 1.50   +00    1.      7.62   -01 1.6    -02                      1174900200137 
 1.50   +00    2.      1.162  +00 2.4    -02                      1174900200138 
 1.50   +00    3.      6.20   -01 3.1    -02                      1174900200139 
 1.50   +00    4.      2.90   -01 3.5    -02                      1174900200140 
ENDDATA            132          0                                 1174900200141 
ENDSUBENT          140          0                                 1174900299999 
SUBENT        11749003   20050427                             13331174900300001 
BIB                  4          4                                 1174900300002 
REACTION   (27-CO-59(N,EL)27-CO-59,,SIG)                          1174900300003 
CORRECTION Corrected for multiple scattering.                     1174900300004 
FLAG       (1.) Data taken from private comm.,Smith, Dec. 1966.   1174900300005 
STATUS     (COREL,11749002)                                       1174900300006 
ENDBIB               4          0                                 1174900300007 
COMMON               1          3                                 1174900300008 
DATA-ERR                                                          1174900300009 
PER-CENT                                                          1174900300010 
 8.                                                               1174900300011 
ENDCOMMON            3          0                                 1174900300012 
DATA                 3         31                                 1174900300013 
EN         DATA       FLAG                                        1174900300014 
MEV        B          NO-DIM                                      1174900300015 
 3.0    -01 5.03   +00                                            1174900300016 
 3.5    -01 4.16   +00                                            1174900300017 
 4.0    -01 3.91   +00                                            1174900300018 
 4.5    -01 4.45   +00                                            1174900300019 
 5.0    -01 4.88   +00                                            1174900300020 
 5.5    -01 3.65   +00                                            1174900300021 
 6.0    -01 4.11   +00                                            1174900300022 
 6.5    -01 4.12   +00                                            1174900300023 
 7.0    -01 4.27   +00                                            1174900300024 
 7.5    -01 3.66   +00                                            1174900300025 
 8.0    -01 3.47   +00                                            1174900300026 
 8.5    -01 3.47   +00                                            1174900300027 
 9.0    -01 3.15   +00                                            1174900300028 
 9.5    -01 3.68   +00                                            1174900300029 
 1.00   +00 2.94   +00                                            1174900300030 
 1.05   +00 3.36   +00                                            1174900300031 
 1.10   +00 3.05   +00                                            1174900300032 
 1.15   +00 3.30   +00                                            1174900300033 
 1.20   +00 3.36   +00                                            1174900300034 
 1.25   +00 3.30   +00                                            1174900300035 
 1.30   +00 3.18   +00                                            1174900300036 
 1.325      2.87       1.                                         1174900300037 
 1.35   +00 2.84   +00                                            1174900300038 
 1.375      2.94       1.                                         1174900300039 
 1.40   +00 2.75   +00                                            1174900300040 
 1.425      2.89       1.                                         1174900300041 
 1.449      2.79       1.                                         1174900300042 
 1.45   +00 2.89   +00                                            1174900300043 
 1.475      3.58       1.                                         1174900300044 
 1.499      2.33       1.                                         1174900300045 
 1.50   +00 2.65   +00                                            1174900300046 
ENDDATA             33          0                                 1174900300047 
ENDSUBENT           46          0                                 1174900399999 
SUBENT        11749004   20050427                             13331174900400001 
BIB                  2          2                                 1174900400002 
REACTION   (27-CO-59(N,INL)27-CO-59,PAR,SIG)                      1174900400003 
CORRECTION Corrected for multiple scattering.                     1174900400004 
ENDBIB               2          0                                 1174900400005 
NOCOMMON             0          0                                 1174900400006 
DATA                 4          3                                 1174900400007 
E-LVL      EN         DATA       DATA-ERR                         1174900400008 
MEV        MEV        B          B                                1174900400009 
    1.068   1.45   +00 8.2    -02 2.0    -02                      1174900400010 
    1.068   1.50   +00 1.40   -01 3.0    -02                      1174900400011 
    1.190   1.50   +00 3.90   -01 1.10   -01                      1174900400012 
ENDDATA              5          0                                 1174900400013 
ENDSUBENT           12          0                                 1174900499999 
SUBENT        11749005   20050427                             13331174900500001 
BIB                  2          2                                 1174900500002 
REACTION   (29-CU-0(N,EL)29-CU-0,,DA,,LEG/RS)                     1174900500003 
STATUS     (COREL,11749006)                                       1174900500004 
ENDBIB               2          0                                 1174900500005 
NOCOMMON             0          0                                 1174900500006 
DATA                 4        104                                 1174900500007 
EN         NUMBER     DATA       DATA-ERR                         1174900500008 
MEV        NO-DIM     NO-DIM     NO-DIM                           1174900500009 
 3.0    -01    1.      2.34   -01 2.0    -02                      1174900500010 
 3.0    -01    2.      1.10   -01 3.4    -02                      1174900500011 
 3.0    -01    3.      7.6    -02 3.8    -02                      1174900500012 
 3.0    -01    4.      8.7    -02 5.0    -02                      1174900500013 
 3.4    -01    1.      4.12   -01 1.1    -02                      1174900500014 
 3.4    -01    2.      2.14   -01 1.9    -02                      1174900500015 
 3.4    -01    3.      9.7    -02 2.1    -02                      1174900500016 
 3.4    -01    4.      3.2    -02 2.7    -02                      1174900500017 
 3.9    -01    1.      3.96   -01 1.8    -02                      1174900500018 
 3.9    -01    2.      2.21   -01 3.1    -02                      1174900500019 
 3.9    -01    3.      6.4    -02 3.5    -02                      1174900500020 
 3.9    -01    4.      3.4    -02 4.6    -02                      1174900500021 
 4.4    -01    1.      2.84   -01 1.6    -02                      1174900500022 
 4.4    -01    2.      1.84   -01 2.7    -02                      1174900500023 
 4.4    -01    3.      6.3    -02 3.2    -02                      1174900500024 
 4.4    -01    4.     -7.     -03 3.8    -02                      1174900500025 
 4.9    -01    1.      3.60   -01 1.1    -02                      1174900500026 
 4.9    -01    2.      1.92   -01 1.9    -02                      1174900500027 
 4.9    -01    3.      4.5    -02 2.1    -02                      1174900500028 
 4.9    -01    4.      6.     -03 2.6    -02                      1174900500029 
 5.5    -01    1.      3.65   -01 1.2    -02                      1174900500030 
 5.5    -01    2.      3.09   -01 2.1    -02                      1174900500031 
 5.5    -01    3.      3.2    -02 2.5    -02                      1174900500032 
 5.5    -01    4.      8.9    -02 3.1    -02                      1174900500033 
 5.9    -01    1.      4.02   -01 8.     -03                      1174900500034 
 5.9    -01    2.      3.15   -01 1.5    -02                      1174900500035 
 5.9    -01    3.      8.2    -02 1.7    -02                      1174900500036 
 5.9    -01    4.      3.9    -02 2.1    -02                      1174900500037 
 6.4    -01    1.      4.71   -01 4.2    -02                      1174900500038 
 6.4    -01    2.      3.95   -01 7.1    -02                      1174900500039 
 6.4    -01    3.      1.13   -01 8.4    -02                      1174900500040 
 6.4    -01    4.      4.2    -02 1.08   -01                      1174900500041 
 6.9    -01    1.      4.96   -01 2.8    -02                      1174900500042 
 6.9    -01    2.      3.75   -01 4.8    -02                      1174900500043 
 6.9    -01    3.      1.16   -01 5.5    -02                      1174900500044 
 6.9    -01    4.      4.1    -02 7.1    -02                      1174900500045 
 7.4    -01    1.      3.89   -01 3.3    -02                      1174900500046 
 7.4    -01    2.      3.30   -01 5.6    -02                      1174900500047 
 7.4    -01    3.      2.7    -02 6.7    -02                      1174900500048 
 7.4    -01    4.      3.4    -02 8.6    -02                      1174900500049 
 7.9    -01    1.      4.39   -01 1.7    -02                      1174900500050 
 7.9    -01    2.      4.05   -01 2.6    -02                      1174900500051 
 7.9    -01    3.      9.6    -02 3.6    -02                      1174900500052 
 7.9    -01    4.      5.2    -02 4.3    -02                      1174900500053 
 8.4    -01    1.      5.15   -01 2.1    -02                      1174900500054 
 8.4    -01    2.      5.41   -01 3.5    -02                      1174900500055 
 8.4    -01    3.      1.03   -01 4.1    -02                      1174900500056 
 8.4    -01    4.      4.2    -02 5.3    -02                      1174900500057 
 8.8    -01    1.      4.49   -01 2.9    -02                      1174900500058 
 8.8    -01    2.      4.01   -01 4.3    -02                      1174900500059 
 8.8    -01    3.      1.93   -01 5.6    -02                      1174900500060 
 8.8    -01    4.      5.5    -02 6.1    -02                      1174900500061 
 9.3    -01    1.      5.88   -01 4.3    -02                      1174900500062 
 9.3    -01    2.      4.70   -01 6.3    -02                      1174900500063 
 9.3    -01    3.      2.25   -01 8.3    -02                      1174900500064 
 9.3    -01    4.     -5.8    -02 9.1    -02                      1174900500065 
 9.8    -01    1.      4.73   -01 3.1    -02                      1174900500066 
 9.8    -01    2.      5.44   -01 4.8    -02                      1174900500067 
 9.8    -01    3.      1.43   -01 7.5    -02                      1174900500068 
 9.8    -01    4.      2.83   -01 9.8    -02                      1174900500069 
 9.9    -01    1.      4.65   -01 3.3    -02                      1174900500070 
 9.9    -01    2.      6.25   -01 5.5    -02                      1174900500071 
 9.9    -01    3.      3.11   -01 6.6    -02                      1174900500072 
 9.9    -01    4.      7.1    -02 8.4    -02                      1174900500073 
 1.04   +00    1.      5.59   -01 1.6    -02                      1174900500074 
 1.04   +00    2.      6.14   -01 2.6    -02                      1174900500075 
 1.04   +00    3.      2.42   -01 3.1    -02                      1174900500076 
 1.04   +00    4.      3.8    -02 4.0    -02                      1174900500077 
 1.09   +00    1.      6.03   -01 2.6    -02                      1174900500078 
 1.09   +00    2.      7.04   -01 4.5    -02                      1174900500079 
 1.09   +00    3.      3.50   -01 5.2    -02                      1174900500080 
 1.09   +00    4.      1.17   -01 6.7    -02                      1174900500081 
 1.14   +00    1.      5.33   -01 1.0    -02                      1174900500082 
 1.14   +00    2.      7.55   -01 1.7    -02                      1174900500083 
 1.14   +00    3.      3.42   -01 2.0    -02                      1174900500084 
 1.14   +00    4.      1.19   -01 2.6    -02                      1174900500085 
 1.19   +00    1.      6.33   -01 3.9    -02                      1174900500086 
 1.19   +00    2.      7.00   -01 6.6    -02                      1174900500087 
 1.19   +00    3.      3.94   -01 7.8    -02                      1174900500088 
 1.19   +00    4.      2.16   -01 9.3    -02                      1174900500089 
 1.25   +00    1.      5.75   -01 5.2    -02                      1174900500090 
 1.25   +00    2.      7.34   -01 7.6    -02                      1174900500091 
 1.25   +00    3.      3.94   -01 9.9    -02                      1174900500092 
 1.25   +00    4.      2.46   -01 1.11   -01                      1174900500093 
 1.30   +00    1.      6.51   -01 5.1    -02                      1174900500094 
 1.30   +00    2.      9.76   -01 8.0    -02                      1174900500095 
 1.30   +00    3.      5.40   -01 1.01   -01                      1174900500096 
 1.30   +00    4.      4.18   -01 1.29   -01                      1174900500097 
 1.35   +00    1.      5.97   -01 3.8    -02                      1174900500098 
 1.35   +00    2.      1.055  +00 5.7    -02                      1174900500099 
 1.35   +00    3.      4.48   -01 7.6    -02                      1174900500100 
 1.35   +00    4.      4.33   -01 8.5    -02                      1174900500101 
 1.40   +00    1.      7.02   -01 1.9    -02                      1174900500102 
 1.40   +00    2.      1.035  +00 2.7    -02                      1174900500103 
 1.40   +00    3.      5.17   -01 3.6    -02                      1174900500104 
 1.40   +00    4.      2.81   -01 4.0    -02                      1174900500105 
 1.45   +00    1.      7.08   -01 3.4    -02                      1174900500106 
 1.45   +00    2.      9.99   -01 5.1    -02                      1174900500107 
 1.45   +00    3.      6.16   -01 6.7    -02                      1174900500108 
 1.45   +00    4.      3.95   -01 7.5    -02                      1174900500109 
 1.50   +00    1.      7.37   -01 3.7    -02                      1174900500110 
 1.50   +00    2.      1.083  +00 5.2    -02                      1174900500111 
 1.50   +00    3.      5.98   -01 7.0    -02                      1174900500112 
 1.50   +00    4.      4.61   -01 7.7    -02                      1174900500113 
ENDDATA            106          0                                 1174900500114 
ENDSUBENT          113          0                                 1174900599999 
SUBENT        11749006   20050427                             13331174900600001 
BIB                  4          5                                 1174900600002 
REACTION   (29-CU-0(N,EL)29-CU-0,,SIG)                            1174900600003 
CORRECTION Corrected for multiple scattering.                     1174900600004 
STATUS     (COREL,11749005)                                       1174900600005 
HISTORY    (19830908A) Data point corrected as per private comm., 1174900600006 
            Smith, Dec. 1966.                                     1174900600007 
ENDBIB               5          0                                 1174900600008 
COMMON               1          3                                 1174900600009 
DATA-ERR                                                          1174900600010 
PER-CENT                                                          1174900600011 
 8.                                                               1174900600012 
ENDCOMMON            3          0                                 1174900600013 
DATA                 2         26                                 1174900600014 
EN         DATA                                                   1174900600015 
MEV        B                                                      1174900600016 
 3.0    -01 5.56   +00                                            1174900600017 
 3.4    -01 4.64   +00                                            1174900600018 
 3.9    -01 4.52   +00                                            1174900600019 
 4.4    -01 4.66   +00                                            1174900600020 
 4.9    -01 4.65   +00                                            1174900600021 
 5.5    -01 4.55   +00                                            1174900600022 
 5.9    -01 4.54   +00                                            1174900600023 
 6.4    -01 3.95   +00                                            1174900600024 
 6.9    -01 3.90   +00                                            1174900600025 
 7.4    -01 3.78   +00                                            1174900600026 
 7.9    -01 3.93   +00                                            1174900600027 
 8.4    -01 3.74   +00                                            1174900600028 
 8.8    -01 4.24   +00                                            1174900600029 
 9.3    -01 3.48   +00                                            1174900600030 
 9.8    -01 3.95   +00                                            1174900600031 
 9.9    -01 3.36   +00                                            1174900600032 
 1.04   +00 3.09   +00                                            1174900600033 
 1.09   +00 2.91   +00                                            1174900600034 
 1.14   +00 2.97   +00                                            1174900600035 
 1.19   +00 2.51   +00                                            1174900600036 
 1.25   +00 2.88   +00                                            1174900600037 
 1.30   +00 2.85   +00                                            1174900600038 
 1.35   +00 2.63   +00                                            1174900600039 
 1.40   +00 2.60   +00                                            1174900600040 
 1.45   +00 2.45   +00                                            1174900600041 
 1.50   +00 2.41   +00                                            1174900600042 
ENDDATA             28          0                                 1174900600043 
ENDSUBENT           42          0                                 1174900699999 
SUBENT        11749007   20050427                             13331174900700001 
BIB                  3          3                                 1174900700002 
REACTION   (29-CU-0(N,INL)29-CU-0,PAR,SIG)                        1174900700003 
CORRECTION Corrected for multiple scattering.                     1174900700004 
HISTORY    (20050427A) Reaction SF4 added.                        1174900700005 
ENDBIB               3          0                                 1174900700006 
NOCOMMON             0          0                                 1174900700007 
DATA                 5         47                                 1174900700008 
E-LVL      EN         DATA       DATA-ERR   DATA-MAX              1174900700009 
MEV        MEV        B          B          B                     1174900700010 
     .67    1.00   +00 1.24   -01 3.0    -02                      1174900700011 
     .67    1.09   +00 1.21   -01 2.0    -02                      1174900700012 
     .67    1.09   +00 1.51   -01 2.0    -02                      1174900700013 
     .67    1.10   +00 1.39   -01 2.0    -02                      1174900700014 
     .67    1.10   +00 1.41   -01 2.0    -02                      1174900700015 
     .67    1.14   +00 9.7    -02 2.0    -02                      1174900700016 
     .67    1.15   +00 1.40   -01 2.0    -02                      1174900700017 
     .67    1.19   +00 1.17   -01 2.0    -02                      1174900700018 
     .67    1.19   +00 1.67   -01 2.0    -02                      1174900700019 
     .67    1.20   +00 1.29   -01 1.5    -02                      1174900700020 
     .67    1.29   +00 1.38   -01 1.5    -02                      1174900700021 
     .67    1.30   +00 1.36   -01 1.5    -02                      1174900700022 
     .67    1.35   +00 1.36   -01 1.5    -02                      1174900700023 
     .67    1.40   +00 1.48   -01 3.0    -02                      1174900700024 
     .67    1.40   +00 1.33   -01 1.5    -02                      1174900700025 
     .67    1.44   +00 1.33   -01 2.0    -02                      1174900700026 
     .67    1.45   +00 1.37   -01 2.5    -02                      1174900700027 
     .67    1.50   +00 1.38   -01 2.5    -02                      1174900700028 
     .67    1.50   +00 1.83   -01 2.5    -02                      1174900700029 
     .67    1.50   +00 1.62   -01 2.5    -02                      1174900700030 
     .77    1.10   +00 2.9    -02 1.5    -02                      1174900700031 
     .77    1.14   +00 4.0    -02 1.5    -02                      1174900700032 
     .77    1.19   +00 5.7    -02 1.5    -02                      1174900700033 
     .77    1.29   +00 9.0    -02 2.0    -02                      1174900700034 
     .77    1.30   +00 7.6    -02 2.0    -02                      1174900700035 
     .77    1.30   +00 9.1    -02 2.0    -02                      1174900700036 
     .77    1.35   +00 1.24   -01 2.5    -02                      1174900700037 
     .77    1.40   +00 7.0    -02 2.0    -02                      1174900700038 
     .77    1.40   +00 7.1    -02 2.0    -02                      1174900700039 
     .77    1.44   +00 7.6    -02 2.0    -02                      1174900700040 
     .77    1.45   +00 1.41   -01 2.5    -02                      1174900700041 
     .77    1.50   +00 1.20   -01 2.0    -02                      1174900700042 
     .77    1.50   +00 1.11   -01 2.0    -02                      1174900700043 
     .77    1.50   +00 1.21   -01 2.0    -02                      1174900700044 
     .96    1.29   +00 2.41   -01 6.0    -02                      1174900700045 
     .96    1.30   +00 1.31   -01 5.0    -02                      1174900700046 
     .96    1.40   +00 2.58   -01 3.0    -02                      1174900700047 
     .96    1.40   +00 2.00   -01 4.0    -02                      1174900700048 
     .96    1.40   +00 1.95   -01 4.0    -02                      1174900700049 
     .96    1.44   +00 2.29   -01 3.0    -02                      1174900700050 
     .96    1.45   +00 2.09   -01 3.0    -02                      1174900700051 
     .96    1.50   +00 3.00   -01 3.5    -02                      1174900700052 
     .96    1.50   +00 2.32   -01 3.0    -02                      1174900700053 
     .96    1.50   +00 2.06   -01 3.0    -02                      1174900700054 
     1.11   1.40   +00                       1.45   -01           1174900700055 
     1.11   1.44   +00 1.18   -01 3.5    -02                      1174900700056 
     1.11   1.50   +00 2.20   -01 4.0    -02                      1174900700057 
ENDDATA             49          0                                 1174900700058 
ENDSUBENT           57          0                                 1174900799999 
SUBENT        11749008   20050427                             13331174900800001 
BIB                  2          2                                 1174900800002 
REACTION   (30-ZN-0(N,EL)30-ZN-0,,DA,,LEG/RS)                     1174900800003 
STATUS     (COREL,11749009)                                       1174900800004 
ENDBIB               2          0                                 1174900800005 
NOCOMMON             0          0                                 1174900800006 
DATA                 4        104                                 1174900800007 
EN         NUMBER     DATA       DATA-ERR                         1174900800008 
MEV        NO-DIM     NO-DIM     NO-DIM                           1174900800009 
 3.0    -01    1.      3.15   -01 2.2    -02                      1174900800010 
 3.0    -01    2.      2.10   -01 3.7    -02                      1174900800011 
 3.0    -01    3.      5.1    -02 4.3    -02                      1174900800012 
 3.0    -01    4.      5.9    -02 5.5    -02                      1174900800013 
 3.4    -01    1.      3.84   -01 3.6    -02                      1174900800014 
 3.4    -01    2.      2.76   -01 6.2    -02                      1174900800015 
 3.4    -01    3.      4.8    -02 7.0    -02                      1174900800016 
 3.4    -01    4.      7.     -03 9.1    -02                      1174900800017 
 3.9    -01    1.      4.47   -01 2.7    -02                      1174900800018 
 3.9    -01    2.      3.38   -01 4.7    -02                      1174900800019 
 3.9    -01    3.      5.1    -02 5.3    -02                      1174900800020 
 3.9    -01    4.      1.23   -01 6.9    -02                      1174900800021 
 4.4    -01    1.      3.74   -01 2.3    -02                      1174900800022 
 4.4    -01    2.      2.12   -01 3.9    -02                      1174900800023 
 4.4    -01    3.      7.6    -02 4.6    -02                      1174900800024 
 4.4    -01    4.     -1.03   -01 5.5    -02                      1174900800025 
 4.9    -01    1.      3.90   -01 1.4    -02                      1174900800026 
 4.9    -01    2.      2.61   -01 2.4    -02                      1174900800027 
 4.9    -01    3.      7.4    -02 2.7    -02                      1174900800028 
 4.9    -01    4.      2.9    -02 3.3    -02                      1174900800029 
 5.5    -01    1.      3.75   -01 1.0    -02                      1174900800030 
 5.5    -01    2.      3.58   -01 1.7    -02                      1174900800031 
 5.5    -01    3.      4.2    -02 2.0    -02                      1174900800032 
 5.5    -01    4.      9.1    -02 2.6    -02                      1174900800033 
 5.9    -01    1.      4.51   -01 8.     -03                      1174900800034 
 5.9    -01    2.      3.51   -01 1.3    -02                      1174900800035 
 5.9    -01    3.      6.9    -02 1.5    -02                      1174900800036 
 5.9    -01    4.      9.1    -02 1.9    -02                      1174900800037 
 6.4    -01    1.      4.35   -01 4.2    -02                      1174900800038 
 6.4    -01    2.      4.48   -01 7.0    -02                      1174900800039 
 6.4    -01    3.      6.6    -02 8.4    -02                      1174900800040 
 6.4    -01    4.      1.11   -01 1.08   -01                      1174900800041 
 6.9    -01    1.      5.09   -01 2.0    -02                      1174900800042 
 6.9    -01    2.      4.72   -01 3.4    -02                      1174900800043 
 6.9    -01    3.      7.0    -02 3.8    -02                      1174900800044 
 6.9    -01    4.      1.31   -01 5.0    -02                      1174900800045 
 7.4    -01    1.      4.03   -01 5.7    -02                      1174900800046 
 7.4    -01    2.      4.25   -01 9.7    -02                      1174900800047 
 7.4    -01    3.      6.7    -02 1.15   -01                      1174900800048 
 7.4    -01    4.      5.0    -02 1.48   -01                      1174900800049 
 7.9    -01    1.      5.26   -01 3.5    -02                      1174900800050 
 7.9    -01    2.      4.74   -01 5.8    -02                      1174900800051 
 7.9    -01    3.      9.6    -02 6.8    -02                      1174900800052 
 7.9    -01    4.      4.     -03 8.3    -02                      1174900800053 
 8.4    -01    1.      4.97   -01 1.2    -02                      1174900800054 
 8.4    -01    2.      4.90   -01 2.0    -02                      1174900800055 
 8.4    -01    3.      1.23   -01 2.3    -02                      1174900800056 
 8.4    -01    4.      4.7    -02 3.0    -02                      1174900800057 
 8.8    -01    1.      4.42   -01 2.1    -02                      1174900800058 
 8.8    -01    2.      4.36   -01 3.2    -02                      1174900800059 
 8.8    -01    3.      1.39   -01 4.1    -02                      1174900800060 
 8.8    -01    4.      4.0    -02 4.5    -02                      1174900800061 
 9.3    -01    1.      5.83   -01 2.0    -02                      1174900800062 
 9.3    -01    2.      4.55   -01 3.0    -02                      1174900800063 
 9.3    -01    3.      1.41   -01 3.9    -02                      1174900800064 
 9.3    -01    4.      3.2    -02 4.4    -02                      1174900800065 
 9.8    -01    1.      4.81   -01 1.9    -02                      1174900800066 
 9.8    -01    2.      5.77   -01 2.9    -02                      1174900800067 
 9.8    -01    3.      1.98   -01 3.8    -02                      1174900800068 
 9.8    -01    4.      1.57   -01 4.9    -02                      1174900800069 
 9.9    -01    1.      5.61   -01 1.4    -02                      1174900800070 
 9.9    -01    2.      6.82   -01 2.4    -02                      1174900800071 
 9.9    -01    3.      2.00   -01 2.8    -02                      1174900800072 
 9.9    -01    4.      7.8    -02 3.9    -02                      1174900800073 
 1.04   +00    1.      5.56   -01 2.3    -02                      1174900800074 
 1.04   +00    2.      7.09   -01 3.9    -02                      1174900800075 
 1.04   +00    3.      1.82   -01 4.4    -02                      1174900800076 
 1.04   +00    4.      1.44   -01 5.7    -02                      1174900800077 
 1.09   +00    1.      4.94   -01 5.8    -02                      1174900800078 
 1.09   +00    2.      7.79   -01 1.02   -01                      1174900800079 
 1.09   +00    3.      2.56   -01 1.14   -01                      1174900800080 
 1.09   +00    4.      1.43   -01 1.46   -01                      1174900800081 
 1.14   +00    1.      5.51   -01 1.9    -02                      1174900800082 
 1.14   +00    2.      6.77   -01 3.4    -02                      1174900800083 
 1.14   +00    3.      1.88   -01 3.8    -02                      1174900800084 
 1.14   +00    4.      7.5    -02 4.8    -02                      1174900800085 
 1.19   +00    1.      6.30   -01 2.9    -02                      1174900800086 
 1.19   +00    2.      9.48   -01 4.8    -02                      1174900800087 
 1.19   +00    3.      3.15   -01 5.7    -02                      1174900800088 
 1.19   +00    4.      2.42   -01 6.8    -02                      1174900800089 
 1.25   +00    1.      6.27   -01 3.6    -02                      1174900800090 
 1.25   +00    2.      8.54   -01 5.2    -02                      1174900800091 
 1.25   +00    3.      3.43   -01 6.9    -02                      1174900800092 
 1.25   +00    4.      2.69   -01 7.7    -02                      1174900800093 
 1.30   +00    1.      8.23   -01 6.     -03                      1174900800094 
 1.30   +00    2.      1.010  +00 9.     -03                      1174900800095 
 1.30   +00    3.      4.87   -01 1.1    -02                      1174900800096 
 1.30   +00    4.      4.8    -02 1.4    -02                      1174900800097 
 1.35   +00    1.      7.11   -01 4.0    -02                      1174900800098 
 1.35   +00    2.      1.050  +00 6.0    -02                      1174900800099 
 1.35   +00    3.      4.18   -01 7.9    -02                      1174900800100 
 1.35   +00    4.      4.09   -01 8.9    -02                      1174900800101 
 1.40   +00    1.      7.65   -01 3.0    -02                      1174900800102 
 1.40   +00    2.      8.95   -01 4.3    -02                      1174900800103 
 1.40   +00    3.      4.52   -01 5.7    -02                      1174900800104 
 1.40   +00    4.      1.32   -01 6.4    -02                      1174900800105 
 1.45   +00    1.      7.45   -01 4.0    -02                      1174900800106 
 1.45   +00    2.      1.081  +00 5.8    -02                      1174900800107 
 1.45   +00    3.      5.82   -01 7.7    -02                      1174900800108 
 1.45   +00    4.      4.08   -01 8.6    -02                      1174900800109 
 1.50   +00    1.      8.45   -01 1.8    -02                      1174900800110 
 1.50   +00    2.      1.103  +00 2.7    -02                      1174900800111 
 1.50   +00    3.      6.14   -01 3.5    -02                      1174900800112 
 1.50   +00    4.      3.62   -01 4.0    -02                      1174900800113 
ENDDATA            106          0                                 1174900800114 
ENDSUBENT          113          0                                 1174900899999 
SUBENT        11749009   20050427                             13331174900900001 
BIB                  3          3                                 1174900900002 
REACTION   (30-ZN-0(N,EL)30-ZN-0,,SIG)                            1174900900003 
CORRECTION Corrected for multiple scattering.                     1174900900004 
STATUS     (COREL,11749008)                                       1174900900005 
ENDBIB               3          0                                 1174900900006 
COMMON               1          3                                 1174900900007 
DATA-ERR                                                          1174900900008 
PER-CENT                                                          1174900900009 
 8.                                                               1174900900010 
ENDCOMMON            3          0                                 1174900900011 
DATA                 2         26                                 1174900900012 
EN         DATA                                                   1174900900013 
MEV        B                                                      1174900900014 
 3.0    -01 5.55   +00                                            1174900900015 
 3.4    -01 5.00   +00                                            1174900900016 
 3.9    -01 4.96   +00                                            1174900900017 
 4.4    -01 5.10   +00                                            1174900900018 
 4.9    -01 5.14   +00                                            1174900900019 
 5.5    -01 4.69   +00                                            1174900900020 
 5.9    -01 4.74   +00                                            1174900900021 
 6.4    -01 4.25   +00                                            1174900900022 
 6.9    -01 4.14   +00                                            1174900900023 
 7.4    -01 3.77   +00                                            1174900900024 
 7.9    -01 4.27   +00                                            1174900900025 
 8.4    -01 3.72   +00                                            1174900900026 
 8.8    -01 4.37   +00                                            1174900900027 
 9.3    -01 3.93   +00                                            1174900900028 
 9.8    -01 4.01   +00                                            1174900900029 
 9.9    -01 3.77   +00                                            1174900900030 
 1.04   +00 3.22   +00                                            1174900900031 
 1.09   +00 3.10   +00                                            1174900900032 
 1.14   +00 3.25   +00                                            1174900900033 
 1.19   +00 2.67   +00                                            1174900900034 
 1.25   +00 2.95   +00                                            1174900900035 
 1.30   +00 2.76   +00                                            1174900900036 
 1.35   +00 2.88   +00                                            1174900900037 
 1.40   +00 2.51   +00                                            1174900900038 
 1.45   +00 2.64   +00                                            1174900900039 
 1.50   +00 2.63   +00                                            1174900900040 
ENDDATA             28          0                                 1174900900041 
ENDSUBENT           40          0                                 1174900999999 
SUBENT        11749010   20050427                             13331174901000001 
BIB                  3          4                                 1174901000002 
REACTION   (30-ZN-0(N,INL)30-ZN-0,PAR,SIG)                        1174901000003 
CORRECTION Corrected for multiple scattering.                     1174901000004 
HISTORY    (20050427A) Reaction corrected, level energies added.  1174901000005 
           (20050427A) Reaction SF4 added.                        1174901000006 
ENDBIB               4          0                                 1174901000007 
COMMON               3          3                                 1174901000008 
E-LVL      E-LVL      E-LVL                                       1174901000009 
KEV        KEV        KEV                                         1174901000010 
 990.      1040.      1080.                                       1174901000011 
ENDCOMMON            3          0                                 1174901000012 
DATA                 3          3                                 1174901000013 
EN         DATA       DATA-ERR                                    1174901000014 
MEV        B          B                                           1174901000015 
 1.40   +00 7.60   -01 1.50   -01                                 1174901000016 
 1.45   +00 6.90   -01 1.00   -01                                 1174901000017 
 1.50   +00 7.60   -01 1.00   -01                                 1174901000018 
ENDDATA              5          0                                 1174901000019 
ENDSUBENT           18          0                                 1174901099999 
ENDENTRY            10          0                                 1174999999999 
