ENTRY            11804   19841024                             00001180400000001 
SUBENT        11804001   19841024                             00001180400100001 
BIB                  8         10                                 1180400100002 
INSTITUTE  (1USAANL)                                              1180400100003 
REFERENCE  (J,PR,102,228,56)                                      1180400100004 
AUTHOR     (R.R.PALMER,L.M.BOLLINGER)                             1180400100005 
TITLE      NEUTRON CROSS SECTION MEASUREMENTS OF ANTIMONY,        1180400100006 
           GALLIUM, CADMIUM AND MERCURY.                          1180400100007 
FACILITY   (CHOPF) FAST CHOPPER                                   1180400100008 
METHOD     (TOF)                                                  1180400100009 
STATUS     (SCSRS)                                                1180400100010 
HISTORY    (760731T) TRANSLATED FROM SCISRS                       1180400100011 
           (841024A) BIB CORRECTIONS.                             1180400100012 
ENDBIB              10          0                                 1180400100013 
NOCOMMON             0          0                                 1180400100014 
ENDSUBENT           13          0                                 1180400199999 
SUBENT        11804002   19841024                             00001180400200001 
BIB                  4          4                                 1180400200002 
REACTION   (31-GA-0(N,TOT),,SIG)                                  1180400200003 
SAMPLE     SAMPLE THICKNESS 7.75GM/CM2.                           1180400200004 
ERR-ANALYS DATA ERROR GIVEN IS STATISTICAL ERROR                  1180400200005 
STATUS     TAKEN FROM PRIVATE COMM., PALMER, 54/4.                1180400200006 
ENDBIB               4          0                                 1180400200007 
NOCOMMON             0          0                                 1180400200008 
DATA                 4        154                                 1180400200009 
EN         EN-RSL     DATA       DATA-ERR                         1180400200010 
MEV        MICROSEC/M B          B                                1180400200011 
 1.48   -05     .90    6.00   +00 7.8    -01                      1180400200012 
 1.51   -05     .90    4.65   +00                                 1180400200013 
 1.54   -05     .90    5.66   +00                                 1180400200014 
 1.57   -05     .90    6.46   +00                                 1180400200015 
 1.61   -05     .90    5.91   +00 7.7    -01                      1180400200016 
 1.65   -05     .90    5.74   +00                                 1180400200017 
 1.68   -05     .90    5.99   +00                                 1180400200018 
 1.72   -05     .90    6.23   +00                                 1180400200019 
 1.76   -05     .90    5.31   +00 7.4    -01                      1180400200020 
 1.80   -05     .90    5.60   +00                                 1180400200021 
 1.85   -05     .90    4.73   +00                                 1180400200022 
 1.89   -05     .90    5.61   +00                                 1180400200023 
 1.94   -05     .90    5.57   +00 7.4    -01                      1180400200024 
 1.99   -05     .90    5.31   +00                                 1180400200025 
 2.04   -05     .90    5.76   +00                                 1180400200026 
 2.09   -05     .90    4.59   +00                                 1180400200027 
 2.14   -05     .90    5.23   +00 7.2    -01                      1180400200028 
 2.20   -05     .90    5.25   +00                                 1180400200029 
 2.26   -05     .90    5.05   +00                                 1180400200030 
 2.32   -05     .90    4.31   +00                                 1180400200031 
 2.38   -05     .90    5.02   +00 7.1    -01                      1180400200032 
 2.44   -05     .90    5.92   +00                                 1180400200033 
 2.51   -05     .90    4.47   +00                                 1180400200034 
 2.58   -05     .90    5.48   +00                                 1180400200035 
 2.66   -05     .90    5.74   +00 7.0    -01                      1180400200036 
 2.74   -05     .90    5.11   +00                                 1180400200037 
 2.82   -05     .90    5.97   +00                                 1180400200038 
 2.90   -05     .90    5.28   +00                                 1180400200039 
 2.99   -05     .90    5.26   +00 6.8    -01                      1180400200040 
 3.08   -05     .90    5.02   +00                                 1180400200041 
 3.18   -05     .90    4.76   +00                                 1180400200042 
 3.28   -05     .90    5.62   +00                                 1180400200043 
 3.39   -05     .90    5.47   +00 6.7    -01                      1180400200044 
 3.50   -05     .90    4.82   +00                                 1180400200045 
 3.62   -05     .90    4.57   +00                                 1180400200046 
 3.74   -05     .90    5.44   +00                                 1180400200047 
 3.87   -05     .90    5.59   +00 6.6    -01                      1180400200048 
 4.01   -05     .30    5.29   +00 7.0    -01                      1180400200049 
 4.08   -05     .30    6.58   +00                                 1180400200050 
 4.16   -05     .30    6.32   +00                                 1180400200051 
 4.23   -05     .30    5.63   +00                                 1180400200052 
 4.31   -05     .30    5.50   +00 7.0    -01                      1180400200053 
 4.39   -05     .30    4.55   +00                                 1180400200054 
 4.47   -05     .30    6.74   +00                                 1180400200055 
 4.56   -05     .30    5.01   +00                                 1180400200056 
 4.64   -05     .30    4.01   +00 6.6    -01                      1180400200057 
 4.73   -05     .30    5.26   +00                                 1180400200058 
 4.82   -05     .30    5.03   +00                                 1180400200059 
 4.92   -05     .30    4.14   +00                                 1180400200060 
 5.01   -05     .30    4.95   +00 6.8    -01                      1180400200061 
 5.11   -05     .30    6.57   +00                                 1180400200062 
 5.21   -05     .30    4.91   +00                                 1180400200063 
 5.32   -05     .30    6.08   +00                                 1180400200064 
 5.43   -05     .30    5.64   +00 6.9    -01                      1180400200065 
 5.54   -05     .30    6.51   +00                                 1180400200066 
 5.66   -05     .30    4.98   +00                                 1180400200067 
 5.78   -05     .30    5.34   +00                                 1180400200068 
 5.90   -05     .30    5.42   +00 6.8    -01                      1180400200069 
 6.03   -05     .30    4.73   +00                                 1180400200070 
 6.16   -05     .30    4.50   +00                                 1180400200071 
 6.30   -05     .30    4.30   +00                                 1180400200072 
 6.44   -05     .30    4.46   +00 6.5    -01                      1180400200073 
 6.58   -05     .30    6.44   +00                                 1180400200074 
 6.73   -05     .30    4.86   +00                                 1180400200075 
 6.89   -05     .30    5.00   +00                                 1180400200076 
 7.05   -05     .30    4.18   +00 6.3    -01                      1180400200077 
 7.21   -05     .30    4.95   +00                                 1180400200078 
 7.39   -05     .30    5.12   +00                                 1180400200079 
 7.57   -05     .30    4.38   +00                                 1180400200080 
 7.75   -05     .30    6.07   +00 6.8    -01                      1180400200081 
 7.94   -05     .30    5.38   +00                                 1180400200082 
 8.14   -05     .30    4.73   +00                                 1180400200083 
 8.35   -05     .30    3.87   +00                                 1180400200084 
 8.57   -05     .30    6.21   +00 6.8    -01                      1180400200085 
 8.79   -05     .30    5.17   +00                                 1180400200086 
 9.02   -05     .30    5.97   +00                                 1180400200087 
 9.26   -05     .30    8.37   +00                                 1180400200088 
 9.52   -05     .30    1.570  +01 1.02   +00                      1180400200089 
 9.78   -05     .30    1.46   +01                                 1180400200090 
 1.005  -04     .30    1.07   +01                                 1180400200091 
 1.034  -04     .30    6.43   +00                                 1180400200092 
 1.063  -04     .30    6.50   +00 6.8    -01                      1180400200093 
 1.094  -04     .30    1.34   +01                                 1180400200094 
 1.127  -04     .30    1.36   +01                                 1180400200095 
 1.160  -04     .30    1.02   +01                                 1180400200096 
 1.196  -04     .30    7.97   +00 7.1    -01                      1180400200097 
 1.233  -04     .30    5.85   +00                                 1180400200098 
 1.272  -04     .30    6.07   +00                                 1180400200099 
 1.312  -04     .30    5.96   +00                                 1180400200100 
 1.355  -04     .30    5.84   +00 6.5    -01                      1180400200101 
 1.400  -04     .30    5.28   +00                                 1180400200102 
 1.447  -04     .30    5.01   +00                                 1180400200103 
 1.496  -04     .30    4.10   +00                                 1180400200104 
 1.548  -04     .30    4.31   +00 6.0    -01                      1180400200105 
 1.603  -04     .30    4.36   +00                                 1180400200106 
 1.66   -04     .30    5.71   +00                                 1180400200107 
 1.72   -04     .30    4.24   +00                                 1180400200108 
 1.79   -04     .30    4.52   +00 6.0    -01                      1180400200109 
 1.85   -04     .30    4.12   +00                                 1180400200110 
 1.92   -04     .30    4.39   +00                                 1180400200111 
 2.00   -04     .30    4.75   +00                                 1180400200112 
 2.08   -04     .30    5.18   +00 6.2    -01                      1180400200113 
 2.17   -04     .30    5.62   +00                                 1180400200114 
 2.26   -04     .30    5.90   +00                                 1180400200115 
 2.29   -04     .13    7.30   +00 1.09   +00                      1180400200116 
 2.36   -04     .13    8.96   +00                                 1180400200117 
 2.44   -04     .13    8.34   +00                                 1180400200118 
 2.52   -04     .13    1.46   +01 1.6    +00                      1180400200119 
 2.61   -04     .13    1.94   +01                                 1180400200120 
 2.70   -04     .13    4.20   +01                                 1180400200121 
 2.80   -04     .13    4.72   +01 1.31   +01                      1180400200122 
 3.22   -04     .13    3.22   +01 4.6    +00                      1180400200123 
 3.34   -04     .13    2.74   +01                                 1180400200124 
 3.48   -04     .13    2.11   +01                                 1180400200125 
 3.61   -04     .13    2.28   +01                                 1180400200126 
 3.76   -04     .13    3.096  +01 3.9    -01                      1180400200127 
 3.92   -04     .13    4.14   +01                                 1180400200128 
 4.08   -04     .13    1.70   +01                                 1180400200129 
 4.26   -04     .13    1.48   +01                                 1180400200130 
 4.45   -04     .13    1.270  +01 1.13   +00                      1180400200131 
 4.65   -04     .13    1.13   +01                                 1180400200132 
 4.86   -04     .13    1.30   +01                                 1180400200133 
 5.10   -04     .13    9.22   +00                                 1180400200134 
 5.37   -04     .13    1.01   +01 9.     -01                      1180400200135 
 5.61   -04     .13    8.41   +00                                 1180400200136 
 5.89   -04     .13    8.84   +00                                 1180400200137 
 6.21   -04     .13    8.58   +00                                 1180400200138 
 6.54   -04     .13    8.33   +00 7.2    -01                      1180400200139 
 6.90   -04     .13    1.14   +01                                 1180400200140 
 7.29   -04     .13    1.29   +01                                 1180400200141 
 7.71   -04     .13    9.66   +00                                 1180400200142 
 8.18   -04     .13    8.63   +00 6.7    -01                      1180400200143 
 8.70   -04     .13    8.27   +00                                 1180400200144 
 9.24   -04     .13    8.46   +00                                 1180400200145 
 9.87   -04     .13    7.29   +00 5.7    -01                      1180400200146 
 1.053  -03     .13    7.88   +00 5.7    -01                      1180400200147 
 1.128  -03     .13    7.85   +00                                 1180400200148 
 1.211  -03     .13    7.28   +00                                 1180400200149 
 1.306  -03     .13    7.85   +00                                 1180400200150 
 1.417  -03     .13    8.21   +00 5.3    -01                      1180400200151 
 1.526  -03     .13    8.77   +00                                 1180400200152 
 1.650  -03     .13    1.21   +01                                 1180400200153 
 1.810  -03     .13    1.05   +01                                 1180400200154 
 1.970  -03     .13    8.63   +00 4.7    -01                      1180400200155 
 2.170  -03     .13    8.12   +00                                 1180400200156 
 2.390  -03     .13    8.62   +00                                 1180400200157 
 2.660  -03     .13    1.01   +01                                 1180400200158 
 2.970  -03     .13    8.59   +00 4.0    -01                      1180400200159 
 3.340  -03     .13    8.75   +00                                 1180400200160 
 3.770  -03     .13    9.87   +00                                 1180400200161 
 4.310  -03     .13    8.75   +00                                 1180400200162 
 4.950  -03     .13    9.01   +00 3.5    -01                      1180400200163 
 5.760  -03     .13    7.77   +00                                 1180400200164 
 6.760  -03     .13    9.34   +00                                 1180400200165 
ENDDATA            156          0                                 1180400200166 
ENDSUBENT          165          0                                 1180400299999 
SUBENT        11804003   19771010                             00001180400300001 
BIB                  4         10                                 1180400300002 
REACTION  1(31-GA-69(N,0),,EN)                                    1180400300003 
          2(31-GA-69(N,TOT),,WID,,SQ/S0)                          1180400300004 
          3(31-GA-69(N,TOT),,WID)                                 1180400300005 
          4(31-GA-69(N,TOT),,SIG,,RES)                            1180400300006 
          5(31-GA-69(N,EL),,WID)                                  1180400300007 
          6(31-GA-69(N,EL),,WID/RED)                              1180400300008 
ANALYSIS   (AREA)                                                 1180400300009 
ASSUMED    (ASSUM,31-GA-69(N,G),,WID)                             1180400300010 
COMMENT    RESONANCE DATA AT 710 EV SUPERSEDED BY PHYS.REV. 111,  1180400300011 
            288 (1958).                                           1180400300012 
ENDBIB              10          0                                 1180400300013 
COMMON               3          3                                 1180400300014 
MOMENTUM L ASSUM      STAT-W G                                    1180400300015 
NO-DIM     EV         NO-DIM                                      1180400300016 
 0.         0.3        0.5                                        1180400300017 
ENDCOMMON            3          0                                 1180400300018 
DATA                 9          2                                 1180400300019 
DATA      1DATA      2DATA-ERR  2DATA      3DATA-ERR  3DATA      41180400300020 
DATA-ERR  4DATA      5DATA      6                                 1180400300021 
MEV        B*EV       B*EV       MILLI-EV   MILLI-EV   MILLI-EV   1180400300022 
MILLI-EV   MILLI-EV   MILLI-EV                                    1180400300023 
 1.12   -04 2.33   +02             360.       20.       1.8    +031180400300024 
 4.     -02  60.        5.                                        1180400300025 
 3.40   -04 3.60   +02 1.50   +02  490.                 1.5    +031180400300026 
            190.       10.                                        1180400300027 
ENDDATA              8          0                                 1180400300028 
ENDSUBENT           27          0                                 1180400399999 
NOSUBENT      11804004   19780424                             00001180400400001 
SUBENT        11804005   19771010                             00001180400500001 
BIB                  4         10                                 1180400500002 
REACTION  1(31-GA-71(N,0),,EN)                                    1180400500003 
          2(31-GA-71(N,TOT),,WID,,SQ/S0)                          1180400500004 
          3(31-GA-71(N,TOT),,WID)                                 1180400500005 
          4(31-GA-71(N,TOT),,SIG,,RES)                            1180400500006 
          5(31-GA-71(N,EL),,WID)                                  1180400500007 
          6(31-GA-71(N,EL),,WID/RED)                              1180400500008 
ANALYSIS   (AREA)                                                 1180400500009 
ASSUMED    (ASSUM,31-GA-71(N,G),,WID)                             1180400500010 
COMMENT    RESONANCE AT 770 EV IN ERROR, SEE PHYS.REV. 111, 288   1180400500011 
            (1958).                                               1180400500012 
ENDBIB              10          0                                 1180400500013 
COMMON               3          3                                 1180400500014 
MOMENTUM L ASSUM      STAT-W G                                    1180400500015 
NO-DIM     EV         NO-DIM                                      1180400500016 
 0.         0.3        0.5                                        1180400500017 
ENDCOMMON            3          0                                 1180400500018 
DATA                 8          3                                 1180400500019 
DATA      1DATA      2DATA      3DATA-ERR  3DATA      4DATA-ERR  41180400500020 
DATA      5DATA      6                                            1180400500021 
MEV        B*EV       MILLI-EV   MILLI-EV   B          B          1180400500022 
MILLI-EV   MILLI-EV                                               1180400500023 
 9.5    -05 3.70   +02  370.       40.       2.7    +03 1.00   +031180400500024 
 7.     +01 7.     +00                                            1180400500025 
 2.90   -04 2.55   +04 7700.      500.       4.3    +03 0.1    +031180400500026 
 7.4    +03 4.3    +02                                            1180400500027 
 3.80   -04 4.000  +03 3600.      500.       3.1    +03 0.1    +031180400500028 
 3.3    +03 8.     +00                                            1180400500029 
ENDDATA             10          0                                 1180400500030 
ENDSUBENT           29          0                                 1180400599999 
NOSUBENT      11804006   19780424                             00001180400600001 
SUBENT        11804007   19760731                             00001180400700001 
BIB                  3          6                                 1180400700002 
REACTION  1(48-CD-110(N,TOT),,SIG,,RES)                           1180400700003 
          2(48-CD-110(N,TOT),,WID)                                1180400700004 
          3(48-CD-110(N,TOT),,WID,,SQ/S0)                         1180400700005 
          4(48-CD-110(N,EL),,WID)                                 1180400700006 
ANALYSIS   (AREA) AREA ANALYSIS.                                  1180400700007 
ASSUMED    (ASSUM,48-CD-110(N,G),,WID)                            1180400700008 
ENDBIB               6          0                                 1180400700009 
NOCOMMON             0          0                                 1180400700010 
DATA                 6          1                                 1180400700011 
EN-RES     DATA      1DATA      2DATA      3DATA      4ASSUM      1180400700012 
MEV        B          MILLI-EV   B*EV-SQ    MILLI-EV   MILLI-EV   1180400700013 
 8.8    -05 1.9    +04 340.       2300.      230.       120.      1180400700014 
ENDDATA              3          0                                 1180400700015 
ENDSUBENT           14          0                                 1180400799999 
SUBENT        11804008   19771010                             00001180400800001 
BIB                  3          7                                 1180400800002 
REACTION  1(48-CD-110(N,TOT),,SIG,,RES)                           1180400800003 
          2(48-CD-110(N,TOT),,WID)                                1180400800004 
          3(48-CD-110(N,TOT),,WID,,SQ/S0)                         1180400800005 
          4(48-CD-110(N,EL),,WID)                                 1180400800006 
ANALYSIS   CALCULATED BY COMPARISON METHOD FOR ASYMMETRIC         1180400800007 
            RESONANCES.                                           1180400800008 
ASSUMED    (ASSUM,48-CD-110(N,G),,WID)                            1180400800009 
ENDBIB               7          0                                 1180400800010 
NOCOMMON             0          0                                 1180400800011 
DATA                 6          1                                 1180400800012 
EN-RES     DATA      1DATA      2DATA      3DATA      4ASSUM      1180400800013 
MEV        B          MILLI-EV   B*EV-SQ    MILLI-EV   MILLI-EV   1180400800014 
 8.8    -05 2.2    +04 460.       4600.      340.       120.      1180400800015 
ENDDATA              3          0                                 1180400800016 
ENDSUBENT           15          0                                 1180400899999 
NOSUBENT      11804009   19841024                             00001180400900001 
SUBENT        11804010   19841024                             00001180401000001 
BIB                  4          7                                 1180401000002 
REACTION  1(48-CD-111(N,TOT),,SIG,,RES)                           1180401000003 
          2(48-CD-111(N,TOT),,WID)                                1180401000004 
          3(48-CD-111(N,TOT),,WID,,SQ/S0)                         1180401000005 
          4(48-CD-111(N,EL),,WID)                                 1180401000006 
ANALYSIS   (AREA)     AREA ANALYSIS                               1180401000007 
ASSUMED    (ASSUM,48-CD-111(N,G),,WID)                            1180401000008 
HISTORY    (841024A) SUBENTRIES 9-10 COMBINED.                    1180401000009 
ENDBIB               7          0                                 1180401000010 
COMMON               3          3                                 1180401000011 
EN-RES     MOMENTUM L ASSUM                                       1180401000012 
MEV        NO-DIM     MILLI-EV                                    1180401000013 
 2.72   -05 0.         120.                                       1180401000014 
ENDCOMMON            3          0                                 1180401000015 
DATA                 5          2                                 1180401000016 
STAT-W G   DATA      1DATA      2DATA      3DATA      4           1180401000017 
NO-DIM     B          MILLI-EV   B*EV-SQ    MILLI-EV              1180401000018 
 0.25       2.400  +03 130.       41.        10.                  1180401000019 
 0.75       2.6    +03 123.       39.         3.                  1180401000020 
ENDDATA              4          0                                 1180401000021 
ENDSUBENT           20          0                                 1180401099999 
SUBENT        11804011   19771010                             00001180401100001 
BIB                  2          2                                 1180401100002 
REACTION   (48-CD-0(N,TOT),,SIG)                                  1180401100003 
STATUS     (CURVE)READ FROM CURVE FOR BNL-325 (1958)              1180401100004 
ENDBIB               2          0                                 1180401100005 
NOCOMMON             0          0                                 1180401100006 
DATA                 2        160                                 1180401100007 
EN         DATA                                                   1180401100008 
EV         B                                                      1180401100009 
    1.13    16.6                                                  1180401100010 
    1.22    14.9                                                  1180401100011 
    1.30    13.8                                                  1180401100012 
    1.38    12.2                                                  1180401100013 
    1.48    10.8                                                  1180401100014 
    1.59    10.3                                                  1180401100015 
    1.71     9.0                                                  1180401100016 
    1.82     8.15                                                 1180401100017 
    1.97     7.8                                                  1180401100018 
    2.13     7.2                                                  1180401100019 
    2.32     6.8                                                  1180401100020 
    2.52     6.6                                                  1180401100021 
    2.77     5.72                                                 1180401100022 
    3.0      5.95                                                 1180401100023 
    3.38     5.7                                                  1180401100024 
    3.75     5.49                                                 1180401100025 
    4.12     5.3                                                  1180401100026 
    4.68     5.3                                                  1180401100027 
    5.25     5.16                                                 1180401100028 
    6.05     4.98                                                 1180401100029 
    6.9      4.91                                                 1180401100030 
    8.0      4.8                                                  1180401100031 
    9.4      4.7                                                  1180401100032 
   11.1      4.82                                                 1180401100033 
   13.5      4.62                                                 1180401100034 
   15.       4.26                                                 1180401100035 
   15.5      4.3                                                  1180401100036 
   16.       4.5                                                  1180401100037 
   16.1      4.7                                                  1180401100038 
   16.3      4.85                                                 1180401100039 
   16.7      4.4                                                  1180401100040 
   16.9      4.65                                                 1180401100041 
   17.6      6.1                                                  1180401100042 
   18.2      6.65                                                 1180401100043 
   18.6      6.4                                                  1180401100044 
   19.       5.45                                                 1180401100045 
   19.5      4.85                                                 1180401100046 
   20.       4.6                                                  1180401100047 
   20.4      4.7                                                  1180401100048 
   20.6      4.5                                                  1180401100049 
   21.5      4.55                                                 1180401100050 
   21.6      4.65                                                 1180401100051 
   22.2      4.5                                                  1180401100052 
   23.       4.45                                                 1180401100053 
   23.5      4.7                                                  1180401100054 
   24.5      4.5                                                  1180401100055 
   24.7      5.15                                                 1180401100056 
   25.2      5.5                                                  1180401100057 
   26.       6.7                                                  1180401100058 
   26.5      8.3                                                  1180401100059 
   27.5     33.5                                                  1180401100060 
   28.       8.65                                                 1180401100061 
   29.       6.5                                                  1180401100062 
   30.       5.6                                                  1180401100063 
   30.2      4.9                                                  1180401100064 
   31.5      4.85                                                 1180401100065 
   32.5      4.7                                                  1180401100066 
   33.5      4.6                                                  1180401100067 
   34.5      4.4                                                  1180401100068 
   35.5      4.65                                                 1180401100069 
   37.       4.5                                                  1180401100070 
   38.       4.05                                                 1180401100071 
   39.       4.3                                                  1180401100072 
   41.       4.45                                                 1180401100073 
   42.2      4.2                                                  1180401100074 
   43.8      4.45                                                 1180401100075 
   46.       4.75                                                 1180401100076 
   47.       4.1                                                  1180401100077 
   49.5      4.3                                                  1180401100078 
   52.       4.5                                                  1180401100079 
   54.       4.45                                                 1180401100080 
   56.       4.35                                                 1180401100081 
   57.       4.55                                                 1180401100082 
   59.       4.3                                                  1180401100083 
   60.       4.7                                                  1180401100084 
   62.       4.8                                                  1180401100085 
   62.       5.8                                                  1180401100086 
   63.       6.4                                                  1180401100087 
   66.      13.                                                   1180401100088 
   67.       9.6                                                  1180401100089 
   68.       7.5                                                  1180401100090 
   70.       5.65                                                 1180401100091 
   72.       4.3                                                  1180401100092 
   73.       4.4                                                  1180401100093 
   75.       3.95                                                 1180401100094 
   76.       3.8                                                  1180401100095 
   79.       4.3                                                  1180401100096 
   80.       5.15                                                 1180401100097 
   82.       7.8                                                  1180401100098 
   84.      12.5                                                  1180401100099 
   89.      36.                                                   1180401100100 
   92.      13.7                                                  1180401100101 
   94.       9.5                                                  1180401100102 
   97.       8.4                                                  1180401100103 
   99.5      7.55                                                 1180401100104 
  102.5      6.6                                                  1180401100105 
  107.       6.6                                                  1180401100106 
  109.       6.                                                   1180401100107 
  115.       6.                                                   1180401100108 
  116.       5.9                                                  1180401100109 
  121.       6.7                                                  1180401100110 
  124.       8.1                                                  1180401100111 
  130.       6.7                                                  1180401100112 
  135.       5.5                                                  1180401100113 
  137.       5.7                                                  1180401100114 
  139.       5.9                                                  1180401100115 
  145.       5.8                                                  1180401100116 
  149.       4.9                                                  1180401100117 
  154.       5.15                                                 1180401100118 
  160.       6.04                                                 1180401100119 
  164.       6.4                                                  1180401100120 
  170.       5.6                                                  1180401100121 
  177.       4.75                                                 1180401100122 
  187.       4.55                                                 1180401100123 
  192.       5.5                                                  1180401100124 
  196.       5.7                                                  1180401100125 
  205.       5.3                                                  1180401100126 
  215.       5.7                                                  1180401100127 
  225.       6.2                                                  1180401100128 
  235.       7.2                                                  1180401100129 
  245.       5.8                                                  1180401100130 
  255.       5.5                                                  1180401100131 
  265.       6.2                                                  1180401100132 
  275.       5.5                                                  1180401100133 
  290.       4.8                                                  1180401100134 
  304.       5.1                                                  1180401100135 
  318.       4.9                                                  1180401100136 
  334.       5.4                                                  1180401100137 
  350.       6.22                                                 1180401100138 
  375.       7.15                                                 1180401100139 
  395.       8.85                                                 1180401100140 
  420.       8.7                                                  1180401100141 
  440.       6.95                                                 1180401100142 
  470.       6.5                                                  1180401100143 
  490.       5.7                                                  1180401100144 
  525.       5.92                                                 1180401100145 
  562.       5.8                                                  1180401100146 
  600.       5.5                                                  1180401100147 
  640.       5.29                                                 1180401100148 
  690.       5.6                                                  1180401100149 
  730.       6.3                                                  1180401100150 
  800.       6.6                                                  1180401100151 
  875.       7.1                                                  1180401100152 
  950.       6.25                                                 1180401100153 
 1030.       5.6                                                  1180401100154 
 1130.       5.82                                                 1180401100155 
 1240.       6.25                                                 1180401100156 
 1380.       6.5                                                  1180401100157 
 1530.       6.5                                                  1180401100158 
 1700.       6.65                                                 1180401100159 
 1930.       6.7                                                  1180401100160 
 2200.       7.25                                                 1180401100161 
 2490.       7.05                                                 1180401100162 
 2870.       7.3                                                  1180401100163 
 3370.       6.85                                                 1180401100164 
 4000.       6.45                                                 1180401100165 
 4720.       6.55                                                 1180401100166 
 5800.       6.4                                                  1180401100167 
 7300.       6.9                                                  1180401100168 
 9250.       6.85                                                 1180401100169 
ENDDATA            162          0                                 1180401100170 
ENDSUBENT          169          0                                 1180401199999 
SUBENT        11804012   19841024                             00001180401200001 
BIB                  2          2                                 1180401200002 
REACTION   (51-SB-0(N,TOT),,SIG)                                  1180401200003 
STATUS     TAKEN FROM PRIVATE COMM., BOLLINGER, 1953.             1180401200004 
ENDBIB               2          0                                 1180401200005 
NOCOMMON             0          0                                 1180401200006 
DATA                 5        257                                 1180401200007 
EN         EN-RSL     DATA       DATA-ERR   THICKNESS             1180401200008 
MEV        MICROSEC/M B          B          G/CM-SQ               1180401200009 
 2.15   -06    1.6     4.66   +00 2.8    -01 12.5                 1180401200010 
 2.28   -06    1.6     4.61   +00            12.5                 1180401200011 
 2.43   -06    1.6     4.99   +00            12.5                 1180401200012 
 2.60   -06    1.6     4.70   +00            12.5                 1180401200013 
 2.78   -06    1.6     4.90   +00            12.5                 1180401200014 
 2.98   -06    1.6     4.69   +00            12.5                 1180401200015 
 3.21   -06    1.6     4.88   +00            12.5                 1180401200016 
 3.46   -06    1.6     5.22   +00            12.5                 1180401200017 
 3.75   -06    1.6     5.18   +00 2.5    -01 12.5                 1180401200018 
 4.06   -06    1.6     5.26   +00            12.5                 1180401200019 
 4.43   -06    1.6     6.57   +00            12.5                 1180401200020 
 4.84   -06    1.6     6.92   +00 2.5    -01 12.5                 1180401200021 
 5.33   -06     .35    1.07   +01 1.2    +00 12.5                 1180401200022 
 5.40   -06     .35    1.04   +01            12.5                 1180401200023 
 5.46   -06     .35    1.46   +01            12.5                 1180401200024 
 5.54   -06     .35    1.60   +01            12.5                 1180401200025 
 5.61   -06     .35    1.82   +01 1.6    +00 12.5                 1180401200026 
 5.68   -06     .35    1.93   +01            12.5                 1180401200027 
 5.76   -06     .35    2.65   +01            12.5                 1180401200028 
 5.84   -06     .35    3.32   +01 3.5    +00 12.5                 1180401200029 
 5.92   -06     .35    6.9    +01 9.     +00  1.786               1180401200030 
 6.00   -06     .35    7.0    +01 9.     +00  1.786               1180401200031 
 6.08   -06     .35    1.33   +02 1.3    +01  1.786               1180401200032 
 6.16   -06     .35    6.08   +02 1.10   +02  0.170               1180401200033 
 6.25   -06     .35    1.188  +03 1.50   +02  0.170               1180401200034 
 6.34   -06     .35    1.008  +03 1.35   +02  0.170               1180401200035 
 6.42   -06     .35    7.50   +02 1.15   +02  0.170               1180401200036 
 6.51   -06     .35    1.30   +02 1.3    +01  1.786               1180401200037 
 6.61   -06     .35    8.4    +01 1.0    +01  1.786               1180401200038 
 6.70   -06     .35    3.40   +01 3.1    +00 12.5                 1180401200039 
 6.70   -06     .35    3.4    +01 7.     +00  1.786               1180401200040 
 6.80   -06     .35    2.62   +01            12.5                 1180401200041 
 6.90   -06     .35    2.08   +01            12.5                 1180401200042 
 7.00   -06     .35    1.730  +01 1.38   +00 12.5                 1180401200043 
 7.10   -06     .35    1.32   +01            12.5                 1180401200044 
 7.21   -06     .35    1.25   +01            12.5                 1180401200045 
 7.32   -06     .35    1.030  +01 1.02   +00 12.5                 1180401200046 
 7.43   -06     .35    9.2    +00            12.5                 1180401200047 
 7.54   -06     .35    7.90   +00 9.2    -01 12.5                 1180401200048 
 7.71   -06     .35    7.46   +00 6.0    -01 12.5                 1180401200049 
 7.86   -06     .35    6.66   +00            12.5                 1180401200050 
 8.05   -06     .35    4.67   +00            12.5                 1180401200051 
 8.13   -06    1.6     6.42   +00            12.5                 1180401200052 
 8.21   -06     .35    6.87   +00            12.5                 1180401200053 
 8.48   -06     .35    5.86   +00            12.5                 1180401200054 
 8.76   -06     .35    5.05   +00 6.0    -01 12.5                 1180401200055 
 9.19   -06    1.6     5.23   +00            12.5                 1180401200056 
 9.36   -06     .35    5.02   +00            12.5                 1180401200057 
 9.69   -06     .35    5.10   +00            12.5                 1180401200058 
 1.00   -05     .35    5.38   +00            12.5                 1180401200059 
 1.03   -05     .35    5.83   +00            12.5                 1180401200060 
 1.05   -05    1.6     4.97   +00 2.1    -01 12.5                 1180401200061 
 1.07   -05     .35    4.70   +00            12.5                 1180401200062 
 1.11   -05     .35    3.70   +00            12.5                 1180401200063 
 1.16   -05     .35    5.37   +00 5.0    -01 12.5                 1180401200064 
 1.20   -05     .35    4.87   +00            12.5                 1180401200065 
 1.20   -05    1.6     4.99   +00            12.5                 1180401200066 
 1.25   -05     .35    5.18   +00            12.5                 1180401200067 
 1.30   -05     .35    5.08   +00 5.0    -01 12.5                 1180401200068 
 1.35   -05     .35    6.30   +00 6.0    -01 12.5                 1180401200069 
 1.40   -05     .35    8.0    +00 8.     -01 12.5                 1180401200070 
 1.43   -05     .35    8.7    +00            12.5                 1180401200071 
 1.46   -05     .35    1.15   +01            12.5                 1180401200072 
 1.49   -05     .35    2.97   +01 5.0    +00  1.786               1180401200073 
 1.52   -05     .35    2.76   +02 6.7    +01  0.170               1180401200074 
 1.56   -05     .35    5.41   +02 7.8    +01  0.170               1180401200075 
 1.59   -05     .35    2.73   +02 6.7    +01  0.170               1180401200076 
 1.63   -05     .35    3.4    +01 6.     +00  1.786               1180401200077 
 1.66   -05     .35    1.34   +01 9.     -01 12.5                 1180401200078 
 1.70   -05     .35    1.01   +01            12.5                 1180401200079 
 1.74   -05     .35    8.50   +00            12.5                 1180401200080 
 1.78   -05     .35    7.64   +00            12.5                 1180401200081 
 1.83   -05     .35    7.94   +00            12.5                 1180401200082 
 1.87   -05     .35    7.60   +00            12.5                 1180401200083 
 1.91   -05     .35    7.65   +00 7.0    -01 12.5                 1180401200084 
 1.96   -05     .35    7.82   +00            12.5                 1180401200085 
 2.01   -05     .35    1.17   +01 8.     -01 12.5                 1180401200086 
 2.06   -05     .35    1.65   +01 1.0    +00 12.5                 1180401200087 
 2.11   -05     .35    7.8    +01 7.     +00  1.786               1180401200088 
 2.11   -05     .35    2.88   +02 6.5    +01  0.170               1180401200089 
 2.17   -05     .35    6.30   +02 7.6    +01  0.170               1180401200090 
 2.22   -05     .35    3.71   +02 6.6    +01  0.170               1180401200091 
 2.28   -05     .35    3.04   +01 5.0    +00  1.786               1180401200092 
 2.35   -05     .35    1.32   +01            12.5                 1180401200093 
 2.41   -05     .35    8.58   +00 7.0    -01 12.5                 1180401200094 
 2.48   -05     .35    9.20   +00            12.5                 1180401200095 
 2.55   -05     .35    7.24   +00 7.0    -01 12.5                 1180401200096 
 2.62   -05     .35    7.26   +00            12.5                 1180401200097 
 2.69   -05     .35    6.95   +00            12.5                 1180401200098 
 2.73   -05     .30    6.51   +00            12.5                 1180401200099 
 2.77   -05     .35    5.74   +00            12.5                 1180401200100 
 2.79   -05     .30    6.34   +00 7.0    -01 12.5                 1180401200101 
 2.85   -05     .30    7.75   +00            12.5                 1180401200102 
 2.86   -05     .35    7.26   +00            12.5                 1180401200103 
 2.95   -05     .35    3.19   +01 4.9    +00  1.786               1180401200104 
 3.03   -05     .35    5.46   +01 5.5    +00  1.786               1180401200105 
 3.13   -05     .35    1.94   +01 4.5    +00  1.786               1180401200106 
 3.20   -05     .30    5.98   +00 6.0    -01 12.5                 1180401200107 
 3.23   -05     .35    7.05   +00 6.0    -01 12.5                 1180401200108 
 3.28   -05     .30    5.86   +00            12.5                 1180401200109 
 3.33   -05     .35    5.60   +00            12.5                 1180401200110 
 3.35   -05     .30    4.99   +00            12.5                 1180401200111 
 3.44   -05     .35    5.14   +00            12.5                 1180401200112 
 3.44   -05     .30    5.44   +00            12.5                 1180401200113 
 3.52   -05     .30    6.66   +00            12.5                 1180401200114 
 3.56   -05     .35    4.29   +00            12.5                 1180401200115 
 3.61   -05     .30    5.25   +00            12.5                 1180401200116 
 3.68   -05     .35    6.16   +00            12.5                 1180401200117 
 3.70   -05     .30    4.31   +00            12.5                 1180401200118 
 3.80   -05     .30    5.34   +00            12.5                 1180401200119 
 3.80   -05     .35    4.71   +00            12.5                 1180401200120 
 3.90   -05     .30    5.43   +00            12.5                 1180401200121 
 3.94   -05     .35    4.83   +00 6.0    -01 12.5                 1180401200122 
 4.00   -05     .30    4.19   +00 6.0    -01 12.5                 1180401200123 
 4.11   -05     .30    4.26   +00            12.5                 1180401200124 
 4.22   -05     .30    3.82   +00            12.5                 1180401200125 
 4.33   -05     .30    4.76   +00            12.5                 1180401200126 
 4.37   -05     .13    5.1    +00            12.5                 1180401200127 
 4.43   -05     .13    6.1    +00 1.1    +00 12.5                 1180401200128 
 4.45   -05     .30    5.37   +00            12.5                 1180401200129 
 4.49   -05     .13    6.0    +00            12.5                 1180401200130 
 4.55   -05     .13    5.1    +00            12.5                 1180401200131 
 4.58   -05     .30    4.74   +00 6.0    -01 12.5                 1180401200132 
 4.62   -05     .13    4.6    +00            12.5                 1180401200133 
 4.68   -05     .13    7.5    +00            12.5                 1180401200134 
 4.71   -05     .30    5.37   +00            12.5                 1180401200135 
 4.75   -05     .13    6.6    +00            12.5                 1180401200136 
 4.82   -05     .13    4.2    +00            12.5                 1180401200137 
 4.89   -05     .13    5.4    +00 1.0    +00 12.5                 1180401200138 
 4.96   -05     .13    7.9    +00            12.5                 1180401200139 
 5.04   -05     .13    2.55   +01 3.1    +00 12.5                 1180401200140 
 5.11   -05     .13    1.54   +01            12.5                 1180401200141 
 5.19   -05     .13    5.5    +00            12.5                 1180401200142 
 5.27   -05     .13    8.3    +00            12.5                 1180401200143 
 5.35   -05     .13    2.07   +01            12.5                 1180401200144 
 5.43   -05     .13    1.03   +01            12.5                 1180401200145 
 5.51   -05     .13    5.9    +00 1.0    +00 12.5                 1180401200146 
 5.60   -05     .13    5.1    +00            12.5                 1180401200147 
 5.69   -05     .13    4.3    +00            12.5                 1180401200148 
 5.78   -05     .13    5.5    +00            12.5                 1180401200149 
 5.87   -05     .13    4.8    +00            12.5                 1180401200150 
 5.96   -05     .13    4.0    +00            12.5                 1180401200151 
 6.06   -05     .13    5.6    +00            12.5                 1180401200152 
 6.16   -05     .13    3.9    +00            12.5                 1180401200153 
 6.26   -05     .13    4.5    +00            12.5                 1180401200154 
 6.37   -05     .13    9.2    +00            12.5                 1180401200155 
 6.47   -05     .13    8.4    +00            12.5                 1180401200156 
 6.58   -05     .13    5.9    +00            12.5                 1180401200157 
 6.69   -05     .13    3.5    +00            12.5                 1180401200158 
 6.81   -05     .13    4.9    +00 8.     -01 12.5                 1180401200159 
 6.93   -05     .13    3.7    +00            12.5                 1180401200160 
 7.05   -05     .13    3.5    +00            12.5                 1180401200161 
 7.17   -05     .13    5.5    +00            12.5                 1180401200162 
 7.30   -05     .13    1.08   +01 1.0    +00 12.5                 1180401200163 
 7.43   -05     .13    1.67   +01 1.4    +00 12.5                 1180401200164 
 7.57   -05     .13    1.15   +01 1.1    +00 12.5                 1180401200165 
 7.70   -05     .13    1.51   +01 1.3    +00 12.5                 1180401200166 
 7.85   -05     .13    7.3    +00            12.5                 1180401200167 
 7.99   -05     .13    7.1    +00            12.5                 1180401200168 
 8.14   -05     .13    5.4    +00 7.     -01 12.5                 1180401200169 
 8.30   -05     .13    3.8    +00            12.5                 1180401200170 
 8.46   -05     .13    5.8    +00            12.5                 1180401200171 
 8.62   -05     .13    5.6    +00            12.5                 1180401200172 
 8.79   -05     .13    8.9    +00            12.5                 1180401200173 
 8.96   -05     .13    2.06   +01            12.5                 1180401200174 
 9.14   -05     .13    1.08   +01            12.5                 1180401200175 
 9.33   -05     .13    6.2    +00            12.5                 1180401200176 
 9.52   -05     .13    5.3    +00            12.5                 1180401200177 
 9.71   -05     .13    4.5    +00 7.     -01 12.5                 1180401200178 
 9.91   -05     .13    4.1    +00            12.5                 1180401200179 
 1.01   -04     .13    5.3    +00            12.5                 1180401200180 
 1.03   -04     .13    1.25   +01            12.5                 1180401200181 
 1.06   -04     .13    1.75   +01            12.5                 1180401200182 
 1.08   -04     .13    9.4    +00            12.5                 1180401200183 
 1.10   -04     .13    8.3    +00            12.5                 1180401200184 
 1.13   -04     .13    7.3    +00            12.5                 1180401200185 
 1.15   -04     .13    5.1    +00 7.     -01 12.5                 1180401200186 
 1.18   -04     .13    3.4    +00            12.5                 1180401200187 
 1.20   -04     .13    4.4    +00            12.5                 1180401200188 
 1.23   -04     .13    6.2    +00            12.5                 1180401200189 
 1.26   -04     .13    1.45   +01            12.5                 1180401200190 
 1.29   -04     .13    1.57   +01 1.1    +00 12.5                 1180401200191 
 1.32   -04     .13    1.30   +01            12.5                 1180401200192 
 1.35   -04     .13    8.1    +00            12.5                 1180401200193 
 1.39   -04     .13    5.5    +00 6.     -01 12.5                 1180401200194 
 1.42   -04     .13    8.8    +00            12.5                 1180401200195 
 1.46   -04     .13    1.12   +01 8.     -01 12.5                 1180401200196 
 1.50   -04     .13    1.24   +01            12.5                 1180401200197 
 1.53   -04     .13    7.3    +00            12.5                 1180401200198 
 1.57   -04     .13    6.1    +00            12.5                 1180401200199 
 1.61   -04     .13    7.4    +00            12.5                 1180401200200 
 1.66   -04     .13    9.7    +00            12.5                 1180401200201 
 1.71   -04     .13    7.5    +00            12.5                 1180401200202 
 1.75   -04     .13    5.4    +00 6.     -01 12.5                 1180401200203 
 1.80   -04     .13    5.2    +00 6.     -01 12.5                 1180401200204 
 1.85   -04     .13    6.4    +00            12.5                 1180401200205 
 1.91   -04     .13    9.1    +00            12.5                 1180401200206 
 1.96   -04     .13    7.3    +00            12.5                 1180401200207 
 2.02   -04     .13    6.4    +00 6.     -01 12.5                 1180401200208 
 2.08   -04     .13    5.6    +00            12.5                 1180401200209 
 2.15   -04     .13    7.4    +00            12.5                 1180401200210 
 2.21   -04     .13    9.0    +00            12.5                 1180401200211 
 2.28   -04     .13    8.3    +00            12.5                 1180401200212 
 2.36   -04     .13    6.7    +00 6.     -01 12.5                 1180401200213 
 2.41   -04     .20    7.8    +00 5.     -01 12.5                 1180401200214 
 2.49   -04     .20    5.9    +00            12.5                 1180401200215 
 2.57   -04     .20    5.3    +00            12.5                 1180401200216 
 2.66   -04     .20    4.7    +00            12.5                 1180401200217 
 2.75   -04     .20    5.1    +00            12.5                 1180401200218 
 2.85   -04     .20    6.6    +00            12.5                 1180401200219 
 2.95   -04     .20    6.9    +00            12.5                 1180401200220 
 3.06   -04     .20    6.9    +00            12.5                 1180401200221 
 3.17   -04     .20    7.9    +00            12.5                 1180401200222 
 3.29   -04     .20    8.0    +00            12.5                 1180401200223 
 3.42   -04     .20    7.5    +00 5.     -01 12.5                 1180401200224 
 3.55   -04     .20    5.1    +00            12.5                 1180401200225 
 3.70   -04     .20    5.9    +00            12.5                 1180401200226 
 3.85   -04     .20    6.2    +00            12.5                 1180401200227 
 4.01   -04     .20    5.7    +00            12.5                 1180401200228 
 4.19   -04     .20    6.3    +00            12.5                 1180401200229 
 4.37   -04     .20    8.3    +00            12.5                 1180401200230 
 4.57   -04     .20    8.2    +00            12.5                 1180401200231 
 4.78   -04     .20    7.4    +00            12.5                 1180401200232 
 5.00   -04     .20    6.8    +00            12.5                 1180401200233 
 5.24   -04     .20    6.9    +00            12.5                 1180401200234 
 5.50   -04     .20    7.7    +00            12.5                 1180401200235 
 5.78   -04     .20    8.2    +00            12.5                 1180401200236 
 6.08   -04     .20    8.2    +00            12.5                 1180401200237 
 6.40   -04     .20    8.1    +00            12.5                 1180401200238 
 6.75   -04     .20    7.7    +00            12.5                 1180401200239 
 7.13   -04     .20    8.1    +00 4.     -01 12.5                 1180401200240 
 7.54   -04     .20    8.00   +00 3.5    -01 12.5                 1180401200241 
 7.99   -04     .20    8.4    +00            12.5                 1180401200242 
 8.48   -04     .20    8.6    +00            12.5                 1180401200243 
 9.01   -04     .20    7.9    +00            12.5                 1180401200244 
 9.60   -04     .20    7.8    +00            12.5                 1180401200245 
 1.025  -03     .20    6.60   +00 3.2    -01 12.5                 1180401200246 
 1.097  -03     .20    6.9    +00            12.5                 1180401200247 
 1.176  -03     .20    6.4    +00            12.5                 1180401200248 
 1.265  -03     .20    6.5    +00            12.5                 1180401200249 
 1.364  -03     .20    6.5    +00            12.5                 1180401200250 
 1.474  -03     .20    5.80   +00 2.8    -01 12.5                 1180401200251 
 1.600  -03     .20    7.1    +00            12.5                 1180401200252 
 1.741  -03     .20    7.3    +00            12.5                 1180401200253 
 1.902  -03     .20    7.70   +00 2.7    -01 12.5                 1180401200254 
 2.087  -03     .20    6.7    +00            12.5                 1180401200255 
 2.299  -03     .20    6.3    +00            12.5                 1180401200256 
 2.546  -03     .20    6.4    +00            12.5                 1180401200257 
 2.835  -03     .20    6.0    +00            12.5                 1180401200258 
 3.176  -03     .20    6.8    +00            12.5                 1180401200259 
 3.584  -03     .20    6.8    +00            12.5                 1180401200260 
 4.072  -03     .20    6.70   +00 2.2    -01 12.5                 1180401200261 
 4.674  -03     .20    6.6    +00            12.5                 1180401200262 
 5.415  -03     .20    6.3    +00            12.5                 1180401200263 
 6.341  -03     .20    6.4    +00            12.5                 1180401200264 
 7.540  -03     .20    5.9    +00            12.5                 1180401200265 
 9.103  -03     .20    6.20   +00 1.7    -01 12.5                 1180401200266 
ENDDATA            259          0                                 1180401200267 
ENDSUBENT          266          0                                 1180401299999 
SUBENT        11804013   19771010                             00001180401300001 
BIB                  1          6                                 1180401300002 
REACTION  1(51-SB-121(N,0),,EN)                                   1180401300003 
          2(51-SB-121(N,G),,WID)                                  1180401300004 
          3(51-SB-121(N,TOT),,SIG,,RES)                           1180401300005 
          4(51-SB-121(N,TOT),,WID)                                1180401300006 
          5(51-SB-121(N,EL),,WID)                                 1180401300007 
          6(51-SB-121(N,EL),,WID/RED)                             1180401300008 
ENDBIB               6          0                                 1180401300009 
COMMON               1          3                                 1180401300010 
MOMENTUM L                                                        1180401300011 
NO-DIM                                                            1180401300012 
 0.                                                               1180401300013 
ENDCOMMON            3          0                                 1180401300014 
DATA                10          1                                 1180401300015 
DATA      1DATA      2DATA-ERR  2DATA      3DATA-ERR  3DATA      41180401300016 
DATA-ERR  4DATA      5DATA-ERR  5DATA      6                      1180401300017 
EV         EV         EV         B          B          EV         1180401300018 
EV         EV         EV         EV                               1180401300019 
 6.25       0.06       0.02       10.8   +03 4.0    +03 0.062     1180401300020 
 0.02       0.0032     0.0003     0.0013                          1180401300021 
ENDDATA              6          0                                 1180401300022 
ENDSUBENT           21          0                                 1180401399999 
SUBENT        11804014   19771010                             00001180401400001 
BIB                  2          6                                 1180401400002 
REACTION  1(51-SB-121(N,0),,EN)                                   1180401400003 
          2(51-SB-121(N,TOT),,SIG,,RES)                           1180401400004 
          3(51-SB-121(N,TOT),,WID)                                1180401400005 
          4(51-SB-121(N,EL),,WID)                                 1180401400006 
          5(51-SB-121(N,EL),,WID/RED)                             1180401400007 
ASSUMED    (ASSUM,51-SB-121(N,G),,WID)                            1180401400008 
ENDBIB               6          0                                 1180401400009 
COMMON               2          3                                 1180401400010 
MOMENTUM L ASSUM                                                  1180401400011 
NO-DIM     EV                                                     1180401400012 
 0.         0.06                                                  1180401400013 
ENDCOMMON            3          0                                 1180401400014 
DATA                 5          6                                 1180401400015 
DATA      1DATA      2DATA      3DATA      4DATA      5           1180401400016 
EV         B          EV         EV         EV                    1180401400017 
 15.6       11.9   +03 0.070      0.0100     0.0025               1180401400018 
 29.8        5.2   +03 0.068      0.0082     0.0015               1180401400019 
 53.5        1.4   +03 0.064      0.0037     0.0005               1180401400020 
 64.         0.36  +03 0.061      0.0011     0.00013              1180401400021 
 74.         2.9   +03 0.072      0.0119     0.0014               1180401400022 
 90.         5.8   +03 0.102      0.041      0.0043               1180401400023 
ENDDATA              8          0                                 1180401400024 
ENDSUBENT           23          0                                 1180401499999 
SUBENT        11804015   19771010                             00001180401500001 
BIB                  2          6                                 1180401500002 
REACTION  1(51-SB-121(N,0),,EN)                                   1180401500003 
          2(51-SB-121(N,TOT),,SIG,,RES)                           1180401500004 
          3(51-SB-121(N,TOT),,WID)                                1180401500005 
          4(51-SB-121(N,EL),,WID)                                 1180401500006 
          5(51-SB-121(N,EL),,WID/RED)                             1180401500007 
ASSUMED    (ASSUM,51-SB-121(N,G),,WID)                            1180401500008 
ENDBIB               6          0                                 1180401500009 
COMMON               2          3                                 1180401500010 
MOMENTUM L ASSUM                                                  1180401500011 
NO-DIM     EV                                                     1180401500012 
 0.         0.10                                                  1180401500013 
ENDCOMMON            3          0                                 1180401500014 
DATA                 5          6                                 1180401500015 
DATA      1DATA      2DATA      3DATA      4DATA      5           1180401500016 
EV         B          EV         EV         EV                    1180401500017 
 15.6       5.8    +03 0.107      0.0074     0.0019               1180401500018 
 29.8       2.6    +03 0.106      0.0063     0.0012               1180401500019 
 53.5       0.63   +03 0.103      0.0027     0.0004               1180401500020 
 64.        0.20   +03 0.101      0.0010     0.00012              1180401500021 
 74.        1.3    +03 0.108      0.0083     0.0010               1180401500022 
 90.        3.5    +03 0.132      0.032      0.0033               1180401500023 
ENDDATA              8          0                                 1180401500024 
ENDSUBENT           23          0                                 1180401599999 
SUBENT        11804016   19771010                             00001180401600001 
BIB                  2          6                                 1180401600002 
REACTION  1(51-SB-123(N,0),,EN)                                   1180401600003 
          2(51-SB-123(N,TOT),,SIG,,RES)                           1180401600004 
          3(51-SB-123(N,TOT),,WID)                                1180401600005 
          4(51-SB-123(N,EL),,WID)                                 1180401600006 
          5(51-SB-123(N,EL),,WID/RED)                             1180401600007 
ASSUMED    (ASSUM,51-SB-123(N,G),,WID)                            1180401600008 
ENDBIB               6          0                                 1180401600009 
COMMON               2          3                                 1180401600010 
MOMENTUM L ASSUM                                                  1180401600011 
NO-DIM     EV                                                     1180401600012 
 0.         0.06                                                  1180401600013 
ENDCOMMON            3          0                                 1180401600014 
DATA                 5          4                                 1180401600015 
DATA      1DATA      2DATA      3DATA      4DATA      5           1180401600016 
EV         B          EV         EV         EV                    1180401600017 
 21.6       21.0   +03 0.092      0.032      0.0069               1180401600018 
 50.5        2.48  +03 0.066      0.0065     0.0009               1180401600019 
 76.5        4.35  +03 0.080      0.020      0.0023               1180401600020 
105.         6.70  +03 0.131      0.071      0.0069               1180401600021 
ENDDATA              6          0                                 1180401600022 
ENDSUBENT           21          0                                 1180401699999 
SUBENT        11804017   19771010                             00001180401700001 
BIB                  2          6                                 1180401700002 
REACTION  1(51-SB-123(N,0),,EN)                                   1180401700003 
          2(51-SB-123(N,TOT),,SIG,,RES)                           1180401700004 
          3(51-SB-123(N,TOT),,WID)                                1180401700005 
          4(51-SB-123(N,EL),,WID)                                 1180401700006 
          5(51-SB-123(N,EL),,WID/RED)                             1180401700007 
ASSUMED    (ASSUM,51-SB-123(N,G),,WID)                            1180401700008 
ENDBIB               6          0                                 1180401700009 
COMMON               2          3                                 1180401700010 
MOMENTUM L ASSUM                                                  1180401700011 
NO-DIM     EV                                                     1180401700012 
 0.         0.10                                                  1180401700013 
ENDCOMMON            3          0                                 1180401700014 
DATA                 5          4                                 1180401700015 
DATA      1DATA      2DATA      3DATA      4DATA      5           1180401700016 
EV         B          EV         EV         EV                    1180401700017 
 21.6       11.7   +03 0.124      0.024      0.0052               1180401700018 
 50.5        1.25  +03 0.105      0.0050     0.0007               1180401700019 
 76.5        2.40  +03 0.116      0.016      0.0018               1180401700020 
105.         4.60  +03 0.161      0.061      0.0060               1180401700021 
ENDDATA              6          0                                 1180401700022 
ENDSUBENT           21          0                                 1180401799999 
SUBENT        11804018   19841024                             00001180401800001 
BIB                  2          2                                 1180401800002 
REACTION   (80-HG-0(N,TOT),,SIG)                                  1180401800003 
STATUS     TAKEN FROM PRIVATE COMM., BOLLINGER, 1953.             1180401800004 
ENDBIB               2          0                                 1180401800005 
COMMON               1          3                                 1180401800006 
EN-RSL                                                            1180401800007 
MICROSEC/M                                                        1180401800008 
 0.3                                                              1180401800009 
ENDCOMMON            3          0                                 1180401800010 
DATA                 4         91                                 1180401800011 
EN         DATA       DATA-ERR   THICKNESS                        1180401800012 
MEV        B          B          G/CM-SQ                          1180401800013 
 1.61   -05 1.35   +01            22.5                            1180401800014 
 1.64   -05 1.50   +01 8.     -01 22.5                            1180401800015 
 1.68   -05 1.44   +01            22.5                            1180401800016 
 1.72   -05 1.44   +01            22.5                            1180401800017 
 1.76   -05 1.40   +01            22.5                            1180401800018 
 1.80   -05 1.51   +01            22.5                            1180401800019 
 1.84   -05 1.51   +01            22.5                            1180401800020 
 1.89   -05 1.44   +01            22.5                            1180401800021 
 1.93   -05 1.33   +01            22.5                            1180401800022 
 1.98   -05 1.50   +01            22.5                            1180401800023 
 2.03   -05 1.51   +01            22.5                            1180401800024 
 2.08   -05 1.38   +01            22.5                            1180401800025 
 2.14   -05 1.47   +01 7.     -01 22.5                            1180401800026 
 2.19   -05 1.71   +01            22.5                            1180401800027 
 2.25   -05 2.47   +01            22.5                            1180401800028 
 2.27   -05 5.43   +01 5.0    +00  4.24                           1180401800029 
 2.31   -05 7.42   +01 6.0    +00  4.24                           1180401800030 
 2.36   -05 4.38   +01             4.24                           1180401800031 
 2.44   -05 1.69   +01            22.5                            1180401800032 
 2.51   -05 1.56   +01            22.5                            1180401800033 
 2.58   -05 1.51   +01            22.5                            1180401800034 
 2.65   -05 1.38   +01            22.5                            1180401800035 
 2.73   -05 1.44   +01 6.     -01 22.5                            1180401800036 
 2.81   -05 1.43   +01            22.5                            1180401800037 
 2.89   -05 1.45   +01            22.5                            1180401800038 
 2.98   -05 1.54   +01            22.5                            1180401800039 
 3.07   -05 1.85   +01            22.5                            1180401800040 
 3.17   -05 2.43   +01            22.5                            1180401800041 
 3.20   -05 4.2    +01 5.     +00  4.24                           1180401800042 
 3.28   -05 9.7    +01             4.24                           1180401800043 
 3.35   -05 1.60   +02 1.2    +01  4.24                           1180401800044 
 3.44   -05 7.6    +01             4.24                           1180401800045 
 3.52   -05 3.7    +01 4.     +00  4.24                           1180401800046 
 3.60   -05 2.25   +01            22.5                            1180401800047 
 3.73   -05 1.93   +01            22.5                            1180401800048 
 3.85   -05 1.69   +01 6.     -01 22.5                            1180401800049 
 4.00   -05 1.69   +01            22.5                            1180401800050 
 4.16   -05 1.66   +01            22.5                            1180401800051 
 4.22   -05 2.43   +01             4.24                           1180401800052 
 4.33   -05 3.20   +01 4.0    +00  4.24                           1180401800053 
 4.45   -05 1.66   +01            22.5                            1180401800054 
 4.62   -05 1.44   +01 6.     -01 22.5                            1180401800055 
 4.79   -05 1.48   +01            22.5                            1180401800056 
 4.98   -05 1.40   +01            22.5                            1180401800057 
 5.18   -05 1.40   +01            22.5                            1180401800058 
 5.40   -05 1.35   +01            22.5                            1180401800059 
 5.62   -05 1.32   +01            22.5                            1180401800060 
 5.86   -05 1.27   +01            22.5                            1180401800061 
 6.12   -05 1.29   +01            22.5                            1180401800062 
 6.39   -05 1.34   +01 6.     -01 22.5                            1180401800063 
 6.69   -05 1.40   +01            22.5                            1180401800064 
 7.00   -05 1.56   +01            22.5                            1180401800065 
 7.34   -05 1.57   +01 7.     -01 22.5                            1180401800066 
 7.70   -05 1.36   +01            22.5                            1180401800067 
 8.08   -05 1.33   +01            22.5                            1180401800068 
 8.50   -05 1.40   +01            22.5                            1180401800069 
 8.95   -05 1.66   +01            22.5                            1180401800070 
 9.44   -05 1.58   +01            22.5                            1180401800071 
 9.97   -05 1.34   +01            22.5                            1180401800072 
 1.05   -04 1.34   +01 6.     -01 22.5                            1180401800073 
 1.12   -04 1.24   +01            22.5                            1180401800074 
 1.19   -04 1.22   +01            22.5                            1180401800075 
 1.26   -04 1.60   +01            22.5                            1180401800076 
 1.34   -04 1.42   +01            22.5                            1180401800077 
 1.43   -04 1.21   +01            22.5                            1180401800078 
 1.53   -04 1.28   +01            22.5                            1180401800079 
 1.67   -04 4.3    +01 4.     +00  4.24                           1180401800080 
 1.77   -04 5.8    +01 4.     +00  4.24                           1180401800081 
 1.90   -04 1.70   +01            22.5                            1180401800082 
 2.06   -04 1.82   +01            22.5                            1180401800083 
 2.23   -04 1.46   +01 6.     -01 22.5                            1180401800084 
 2.43   -04 1.28   +01            22.5                            1180401800085 
 2.65   -04 1.33   +01            22.5                            1180401800086 
 2.90   -04 1.72   +01            22.5                            1180401800087 
 3.20   -04 2.04   +01            22.5                            1180401800088 
 3.54   -04 1.44   +01            22.5                            1180401800089 
 3.94   -04 1.37   +01            22.5                            1180401800090 
 4.41   -04 1.60   +01 6.     -01 22.5                            1180401800091 
 4.98   -04 1.35   +01            22.5                            1180401800092 
 5.65   -04 1.40   +01            22.5                            1180401800093 
 6.48   -04 1.24   +01            22.5                            1180401800094 
 7.50   -04 1.27   +01            22.5                            1180401800095 
 8.78   -04 1.33   +01            22.5                            1180401800096 
 1.041  -03 1.29   +01            22.5                            1180401800097 
 1.255  -03 1.44   +01 5.     -01 22.5                            1180401800098 
 1.543  -03 1.41   +01            22.5                            1180401800099 
 1.943  -03 1.25   +01            22.5                            1180401800100 
 2.520  -03 1.36   +01            22.5                            1180401800101 
 3.400  -03 1.28   +01            22.5                            1180401800102 
 4.830  -03 1.28   +01            22.5                            1180401800103 
 7.400  -03 1.19   +01 4.     -01 22.5                            1180401800104 
ENDDATA             93          0                                 1180401800105 
ENDSUBENT          104          0                                 1180401899999 
SUBENT        11804019   19771010                             00001180401900001 
BIB                  1          1                                 1180401900002 
REACTION   (80-HG-0(N,0),,EN)                                     1180401900003 
ENDBIB               1          0                                 1180401900004 
NOCOMMON             0          0                                 1180401900005 
DATA                 1          2                                 1180401900006 
DATA                                                              1180401900007 
EV                                                                1180401900008 
 128.                                                             1180401900009 
 206.                                                             1180401900010 
ENDDATA              4          0                                 1180401900011 
ENDSUBENT           10          0                                 1180401999999 
SUBENT        11804020   19771010                             00001180402000001 
BIB                  2          2                                 1180402000002 
REACTION   (80-HG-198(N,0),,EN)                                   1180402000003 
FLAG       (1.) ASSIGNMENT UNCERTAIN                              1180402000004 
ENDBIB               2          0                                 1180402000005 
NOCOMMON             0          0                                 1180402000006 
DATA                 2          3                                 1180402000007 
DATA       FLAG                                                   1180402000008 
EV         NO-DIM                                                 1180402000009 
  23.                                                             1180402000010 
  90.       1.                                                    1180402000011 
 311.       1.                                                    1180402000012 
ENDDATA              5          0                                 1180402000013 
ENDSUBENT           12          0                                 1180402099999 
SUBENT        11804021   19771010                             00001180402100001 
BIB                  2          2                                 1180402100002 
REACTION   (80-HG-199(N,0),,EN)                                   1180402100003 
FLAG       (1.) ASSIGNMENT UNCERTAIN                              1180402100004 
ENDBIB               2          0                                 1180402100005 
NOCOMMON             0          0                                 1180402100006 
DATA                 2          3                                 1180402100007 
DATA       FLAG                                                   1180402100008 
EV         NO-DIM                                                 1180402100009 
  34.                                                             1180402100010 
  73.       1.                                                    1180402100011 
 177.                                                             1180402100012 
ENDDATA              5          0                                 1180402100013 
ENDSUBENT           12          0                                 1180402199999 
SUBENT        11804022   19771010                             00001180402200001 
BIB                  1          1                                 1180402200002 
REACTION   (80-HG-201(N,0),,EN)                                   1180402200003 
ENDBIB               1          0                                 1180402200004 
NOCOMMON             0          0                                 1180402200005 
DATA                 1          1                                 1180402200006 
DATA                                                              1180402200007 
EV                                                                1180402200008 
 43.                                                              1180402200009 
ENDDATA              3          0                                 1180402200010 
ENDSUBENT            9          0                                 1180402299999 
ENDENTRY            22          0                                 1180499999999 
