ENTRY            11864   19830919                             00001186400000001 
SUBENT        11864001   19830919                             00001186400100001 
BIB                  6          7                                 1186400100002 
INSTITUTE  (1USADKE)                                              1186400100003 
REFERENCE  (J,PR,102,1574,56)                                     1186400100004 
AUTHOR     (J.H.GIBBONS)                                          1186400100005 
TITLE      NEUTRON RESONANCES IN THE KEV REGION.                  1186400100006 
STATUS     (SCSRS)                                                1186400100007 
HISTORY    (760731T) TRANSLATED FROM SCISRS                       1186400100008 
           (830919A) CONVERTED TO REACTION FORMALISM              1186400100009 
ENDBIB               7          0                                 1186400100010 
NOCOMMON             0          0                                 1186400100011 
ENDSUBENT           10          0                                 1186400199999 
SUBENT        11864002   19830919                             00001186400200001 
BIB                  3          3                                 1186400200002 
REACTION   (26-FE-0(N,TOT),,SIG)                                  1186400200003 
SAMPLE     SAMPLE THICKNESS 3.50E+22 ATOMS/CM2.                   1186400200004 
STATUS     (CURVE) READ FROM CURVE                                1186400200005 
ENDBIB               3          0                                 1186400200006 
NOCOMMON             0          0                                 1186400200007 
DATA                 2        102                                 1186400200008 
EN         DATA                                                   1186400200009 
KEV        B                                                      1186400200010 
 1.0293E+00 6.0284E+00                                            1186400200011 
 2.0586E+00 5.3939E+00                                            1186400200012 
 4.1172E+00 5.6477E+00                                            1186400200013 
 6.1757E+00 5.3939E+00                                            1186400200014 
 7.0764E+00 6.7265E+00                                            1186400200015 
 7.5910E+00 9.6455E+00                                            1186400200016 
 7.9770E+00 1.0407E+01                                            1186400200017 
 8.3630E+00 1.1486E+01                                            1186400200018 
 8.4916E+00 9.9628E+00                                            1186400200019 
 9.1349E+00 7.4245E+00                                            1186400200020 
 9.7782E+00 5.0766E+00                                            1186400200021 
 9.9069E+00 5.0766E+00                                            1186400200022 
 1.0679E+01 4.4420E+00                                            1186400200023 
 1.1579E+01 3.0460E+00                                            1186400200024 
 1.2480E+01 2.4114E+00                                            1186400200025 
 1.3123E+01 2.4748E+00                                            1186400200026 
 1.4024E+01 2.6018E+00                                            1186400200027 
 1.4410E+01 2.6652E+00                                            1186400200028 
 1.4925E+01 1.9037E+00                                            1186400200029 
 1.5568E+01 2.9825E+00                                            1186400200030 
 1.6597E+01 2.2210E+00                                            1186400200031 
 1.7498E+01 1.6499E+00                                            1186400200032 
 1.8141E+01 1.2057E+00                                            1186400200033 
 1.8913E+01 1.3961E+00                                            1186400200034 
 2.0457E+01 1.2057E+00                                            1186400200035 
 2.1615E+01 1.5864E+00                                            1186400200036 
 2.3030E+01 9.5186E-01                                            1186400200037 
 2.4446E+01 1.0153E+00                                            1186400200038 
 2.5346E+01 6.3457E-02                                            1186400200039 
 2.5732E+01 3.8074E-01                                            1186400200040 
 2.6118E+01 3.3632E+00                                            1186400200041 
 2.6762E+01 4.6958E+00                                            1186400200042 
 2.7147E+01 1.2311E+01                                            1186400200043 
 2.7405E+01 1.5547E+01                                            1186400200044 
 2.7919E+01 2.3987E+01                                            1186400200045 
 2.8434E+01 2.7350E+01                                            1186400200046 
 2.8949E+01 2.7477E+01                                            1186400200047 
 2.9077E+01 2.4431E+01                                            1186400200048 
 2.9463E+01 2.1956E+01                                            1186400200049 
 2.9978E+01 1.7451E+01                                            1186400200050 
 3.1136E+01 1.0280E+01                                            1186400200051 
 3.2165E+01 9.7724E+00                                            1186400200052 
 3.3195E+01 6.2823E+00                                            1186400200053 
 3.4224E+01 5.0131E+00                                            1186400200054 
 3.4996E+01 5.0131E+00                                            1186400200055 
 3.6154E+01 5.3939E+00                                            1186400200056 
 3.7183E+01 5.5208E+00                                            1186400200057 
 3.8341E+01 3.7440E+00                                            1186400200058 
 3.9242E+01 3.6171E+00                                            1186400200059 
 4.0271E+01 4.7593E+00                                            1186400200060 
 4.0657E+01 3.4267E+00                                            1186400200061 
 4.1172E+01 2.7287E+00                                            1186400200062 
 4.2201E+01 4.0613E+00                                            1186400200063 
 4.3230E+01 3.1094E+00                                            1186400200064 
 4.4259E+01 2.7921E+00                                            1186400200065 
 4.5289E+01 3.8074E+00                                            1186400200066 
 4.6318E+01 2.2845E+00                                            1186400200067 
 4.7219E+01 3.8074E+00                                            1186400200068 
 4.8377E+01 3.3632E+00                                            1186400200069 
 5.0564E+01 2.4748E+00                                            1186400200070 
 5.2365E+01 3.6805E+00                                            1186400200071 
 5.2880E+01 2.9190E+00                                            1186400200072 
 5.3523E+01 3.9344E+00                                            1186400200073 
 5.4552E+01 3.1729E+00                                            1186400200074 
 5.6611E+01 2.2210E+00                                            1186400200075 
 5.6611E+01 2.5383E+00                                            1186400200076 
 5.8669E+01 2.0941E+00                                            1186400200077 
 6.1114E+01 1.9672E+00                                            1186400200078 
 6.2915E+01 2.2210E+00                                            1186400200079 
 6.5103E+01 2.3479E+00                                            1186400200080 
 6.6260E+01 1.5230E+00                                            1186400200081 
 6.7418E+01 1.6499E+00                                            1186400200082 
 6.9606E+01 1.0788E+00                                            1186400200083 
 6.9863E+01 3.1729E-01                                            1186400200084 
 7.2436E+01 1.8403E+00                                            1186400200085 
 7.2436E+01 1.7768E+00                                            1186400200086 
 7.4366E+01 6.8534E+00                                            1186400200087 
 7.5524E+01 5.8381E+00                                            1186400200088 
 7.6296E+01 3.9978E+00                                            1186400200089 
 7.8355E+01 1.3326E+00                                            1186400200090 
 8.0285E+01 1.1422E+00                                            1186400200091 
 8.2343E+01 1.6499E+00                                            1186400200092 
 8.4402E+01 9.0744E+00                                            1186400200093 
 8.5302E+01 9.3917E+00                                            1186400200094 
 8.6460E+01 5.4573E+00                                            1186400200095 
 8.8390E+01 3.9978E+00                                            1186400200096 
 8.9291E+01 4.3151E+00                                            1186400200097 
 9.0320E+01 3.7440E+00                                            1186400200098 
 9.1221E+01 2.5383E+00                                            1186400200099 
 9.2250E+01 3.4267E+00                                            1186400200100 
 9.3408E+01 2.7287E+00                                            1186400200101 
 9.7268E+01 2.4748E+00                                            1186400200102 
 9.9455E+01 2.6652E+00                                            1186400200103 
 1.0344E+02 2.7921E+00                                            1186400200104 
 1.0537E+02 2.3479E+00                                            1186400200105 
 1.0730E+02 2.0306E+00                                            1186400200106 
 1.0923E+02 1.2057E+00                                            1186400200107 
 1.1142E+02 1.0788E+00                                            1186400200108 
 1.1348E+02 1.9037E+00                                            1186400200109 
 1.1528E+02 8.8840E-01                                            1186400200110 
 1.1760E+02 1.2691E+00                                            1186400200111 
 1.1953E+02 1.5864E+00                                            1186400200112 
ENDDATA            104          0                                 1186400200113 
ENDSUBENT          112          0                                 1186400299999 
SUBENT        11864003   19830919                             00001186400300001 
BIB                  2          2                                 1186400300002 
REACTION   (37-RB-0(N,TOT),,SIG)                                  1186400300003 
SAMPLE     RB-CL SAMPLE. THICKNESS 1.50E+22 ATOMS/CM2.            1186400300004 
ENDBIB               2          0                                 1186400300005 
NOCOMMON             0          0                                 1186400300006 
DATA                 2         51                                 1186400300007 
EN         DATA                                                   1186400300008 
KEV        B                                                      1186400300009 
  1.0        9.2                                                  1186400300010 
  2.0        9.5                                                  1186400300011 
  2.5        5.5                                                  1186400300012 
  2.75       9.65                                                 1186400300013 
  3.0        9.65                                                 1186400300014 
  3.25       7.35                                                 1186400300015 
  3.5        7.0                                                  1186400300016 
  3.75      12.75                                                 1186400300017 
  4.0       12.5                                                  1186400300018 
  4.3       12.1                                                  1186400300019 
  4.6        7.3                                                  1186400300020 
  4.9        8.65                                                 1186400300021 
  5.05      16.35                                                 1186400300022 
  5.2       16.9                                                  1186400300023 
  5.35      15.4                                                  1186400300024 
  5.5       11.2                                                  1186400300025 
  5.65      12.9                                                  1186400300026 
  6.1        7.9                                                  1186400300027 
  6.4        3.55                                                 1186400300028 
  6.7        7.65                                                 1186400300029 
  7.0       10.7                                                  1186400300030 
  7.3       12.2                                                  1186400300031 
  7.6       12.97                                                 1186400300032 
  7.6       13.3                                                  1186400300033 
  7.9       11.1                                                  1186400300034 
  8.05      14.7                                                  1186400300035 
  8.2       13.5                                                  1186400300036 
  8.5       12.4                                                  1186400300037 
  8.8       15.2                                                  1186400300038 
  9.1       15.6                                                  1186400300039 
  9.4       15.2                                                  1186400300040 
  9.7       14.25                                                 1186400300041 
 10.0       13.25                                                 1186400300042 
 10.3        8.9                                                  1186400300043 
 10.6       12.4                                                  1186400300044 
 10.75      10.1                                                  1186400300045 
 10.9        9.6                                                  1186400300046 
 11.2       12.6                                                  1186400300047 
 11.2       12.85                                                 1186400300048 
 11.35       9.4                                                  1186400300049 
 11.5        8.8                                                  1186400300050 
 11.8        7.7                                                  1186400300051 
 12.13       8.0                                                  1186400300052 
 12.7        9.25                                                 1186400300053 
 13.0       10.3                                                  1186400300054 
 13.3        9.2                                                  1186400300055 
 13.45       8.2                                                  1186400300056 
 13.6        9.3                                                  1186400300057 
 13.9        6.3                                                  1186400300058 
 14.2        7.25                                                 1186400300059 
 15.0        8.4                                                  1186400300060 
ENDDATA             53          0                                 1186400300061 
ENDSUBENT           60          0                                 1186400399999 
SUBENT        11864004   19830919                             00001186400400001 
BIB                  2          2                                 1186400400002 
REACTION   (83-BI-209(N,TOT),,SIG)                                1186400400003 
SAMPLE     SAMPLE THICKNESS 2.82 (10**22) ATOMS/CM2.              1186400400004 
ENDBIB               2          0                                 1186400400005 
NOCOMMON             0          0                                 1186400400006 
DATA                 2        128                                 1186400400007 
EN         DATA                                                   1186400400008 
KEV        B                                                      1186400400009 
  0.7       10.4                                                  1186400400010 
  1.        13.6                                                  1186400400011 
  1.1       14.7                                                  1186400400012 
  1.4       11.8                                                  1186400400013 
  1.5       10.5                                                  1186400400014 
  1.9       10.55                                                 1186400400015 
  2.1        8.2                                                  1186400400016 
  2.3        6.4                                                  1186400400017 
  2.45       8.5                                                  1186400400018 
  2.7       13.7                                                  1186400400019 
  3.05      14.75                                                 1186400400020 
  3.5       12.1                                                  1186400400021 
  3.7       12.3                                                  1186400400022 
  4.        12.5                                                  1186400400023 
  4.2       11.1                                                  1186400400024 
  4.6       10.8                                                  1186400400025 
  4.75       8.8                                                  1186400400026 
  5.5        9.6                                                  1186400400027 
  6.1       11.                                                   1186400400028 
  7.        10.7                                                  1186400400029 
  7.6       11.3                                                  1186400400030 
  8.4        8.7                                                  1186400400031 
  9.         9.                                                   1186400400032 
  9.9        7.7                                                  1186400400033 
 11.0        8.6                                                  1186400400034 
 11.5       10.7                                                  1186400400035 
 12.0       15.0                                                  1186400400036 
 12.25      26.5                                                  1186400400037 
 12.25      27.2                                                  1186400400038 
 12.30      27.8                                                  1186400400039 
 13.0       31.6                                                  1186400400040 
 13.0       28.4                                                  1186400400041 
 13.0       27.4                                                  1186400400042 
 13.0       21.8                                                  1186400400043 
 13.25      21.0                                                  1186400400044 
 13.5       17.4                                                  1186400400045 
 14.0       13.4                                                  1186400400046 
 14.5       13.0                                                  1186400400047 
 14.75      12.2                                                  1186400400048 
 15.5       16.0                                                  1186400400049 
 15.75      17.2                                                  1186400400050 
 16.25      19.4                                                  1186400400051 
 16.70      17.0                                                  1186400400052 
 16.75      16.2                                                  1186400400053 
 17.5       13.5                                                  1186400400054 
 19.0       12.8                                                  1186400400055 
 19.4       11.5                                                  1186400400056 
 21.3       11.7                                                  1186400400057 
 24.25      11.2                                                  1186400400058 
 26.75      12.3                                                  1186400400059 
 28.25      11.3                                                  1186400400060 
 30.0       10.7                                                  1186400400061 
 30.25      10.2                                                  1186400400062 
 31.25      11.1                                                  1186400400063 
 31.75       7.8                                                  1186400400064 
 32.0        7.2                                                  1186400400065 
 32.5        8.6                                                  1186400400066 
 32.75      11.4                                                  1186400400067 
 33.25      14.2                                                  1186400400068 
 33.5       16.2                                                  1186400400069 
 34.0       14.7                                                  1186400400070 
 34.5       14.7                                                  1186400400071 
 35.0       11.6                                                  1186400400072 
 35.75      12.3                                                  1186400400073 
 36.25      12.0                                                  1186400400074 
 36.75      11.0                                                  1186400400075 
 37.0       11.0                                                  1186400400076 
 38.0       11.5                                                  1186400400077 
 39.0       10.5                                                  1186400400078 
 39.25      10.6                                                  1186400400079 
 39.75      10.0                                                  1186400400080 
 40.25      10.4                                                  1186400400081 
 40.75      10.7                                                  1186400400082 
 41.25       9.7                                                  1186400400083 
 41.75       9.6                                                  1186400400084 
 42.25      10.0                                                  1186400400085 
 42.75      10.5                                                  1186400400086 
 43.25       9.7                                                  1186400400087 
 43.75      10.3                                                  1186400400088 
 44.0        8.6                                                  1186400400089 
 44.75       8.6                                                  1186400400090 
 45.25       9.2                                                  1186400400091 
 45.75      11.3                                                  1186400400092 
 46.25      13.4                                                  1186400400093 
 46.75      12.2                                                  1186400400094 
 47.0       11.2                                                  1186400400095 
 47.75      11.6                                                  1186400400096 
 48.25      10.4                                                  1186400400097 
 48.75       9.5                                                  1186400400098 
 49.25      10.2                                                  1186400400099 
 50.0        9.8                                                  1186400400100 
 50.25       9.6                                                  1186400400101 
 50.5        9.8                                                  1186400400102 
 51.0        9.4                                                  1186400400103 
 51.5        9.8                                                  1186400400104 
 52.5        9.5                                                  1186400400105 
 53.0       10.4                                                  1186400400106 
 53.5       10.2                                                  1186400400107 
 54.0       10.6                                                  1186400400108 
 54.5       10.0                                                  1186400400109 
 55.25      11.0                                                  1186400400110 
 55.5        9.7                                                  1186400400111 
 56.75       9.0                                                  1186400400112 
 57.75      10.0                                                  1186400400113 
 58.5        9.0                                                  1186400400114 
 59.75       8.8                                                  1186400400115 
 60.75      10.2                                                  1186400400116 
 62.0        9.4                                                  1186400400117 
 63.0        8.9                                                  1186400400118 
 64.0        8.9                                                  1186400400119 
 65.25       8.9                                                  1186400400120 
 66.0        8.3                                                  1186400400121 
 67.0        8.5                                                  1186400400122 
 68.0        7.8                                                  1186400400123 
 69.25      11.2                                                  1186400400124 
 70.25      12.8                                                  1186400400125 
 71.0       12.7                                                  1186400400126 
 71.5       11.5                                                  1186400400127 
 72.0       11.4                                                  1186400400128 
 72.5       10.2                                                  1186400400129 
 73.0       11.5                                                  1186400400130 
 73.5        9.9                                                  1186400400131 
 74.75       9.0                                                  1186400400132 
 75.75       9.8                                                  1186400400133 
 76.75       9.2                                                  1186400400134 
 77.75       9.2                                                  1186400400135 
 78.75       9.8                                                  1186400400136 
 79.75      11.8                                                  1186400400137 
ENDDATA            130          0                                 1186400400138 
ENDSUBENT          137          0                                 1186400499999 
SUBENT        11864005   19830919                             00001186400500001 
BIB                  1          2                                 1186400500002 
REACTION  1(26-FE-56(N,0),,EN)                                    1186400500003 
          2(26-FE-56(N,0),,L)                                     1186400500004 
ENDBIB               2          0                                 1186400500005 
NOCOMMON             0          0                                 1186400500006 
DATA                 2          3                                 1186400500007 
DATA      1DATA      2                                            1186400500008 
KEV        NO-DIM                                                 1186400500009 
 28.8       0.                                                    1186400500010 
 74.5       0.                                                    1186400500011 
 84.5       0.                                                    1186400500012 
ENDDATA              5          0                                 1186400500013 
ENDSUBENT           12          0                                 1186400599999 
SUBENT        11864006   19830919                             00001186400600001 
BIB                  1          1                                 1186400600002 
REACTION   (26-FE-0(N,0),,EN)                                     1186400600003 
ENDBIB               1          0                                 1186400600004 
NOCOMMON             0          0                                 1186400600005 
DATA                 1          3                                 1186400600006 
DATA                                                              1186400600007 
KEV                                                               1186400600008 
 8.0                                                              1186400600009 
16.                                                               1186400600010 
36.                                                               1186400600011 
ENDDATA              5          0                                 1186400600012 
ENDSUBENT           11          0                                 1186400699999 
ENDENTRY             6          0                                 1186499999999 
