ENTRY            11940   19830802                             00001194000000001 
SUBENT        11940001   19830802                             00001194000100001 
BIB                  5          6                                 1194000100002 
INSTITUTE  (1USAORL)                                              1194000100003 
REFERENCE  (W,HARVEY,59)                                          1194000100004 
AUTHOR     (J.HARVEY)                                             1194000100005 
STATUS     (SCSRS)                                                1194000100006 
HISTORY    (760802T) TRANSLATED FROM SCISRS                       1194000100007 
           (830802A) CONVERTED TO REACTION FORMALISM              1194000100008 
ENDBIB               6          0                                 1194000100009 
NOCOMMON             0          0                                 1194000100010 
ENDSUBENT            9          0                                 1194000199999 
SUBENT        11940002   19830802                             00001194000200001 
BIB                  3          3                                 1194000200002 
REACTION   (43-TC-99(N,TOT),,SIG)                                 1194000200003 
METHOD     (TOF)      TIME-OF-FLIGHT                              1194000200004 
SAMPLE     K-TC-O(4) SAMPLE                                       1194000200005 
ENDBIB               3          0                                 1194000200006 
NOCOMMON             0          0                                 1194000200007 
DATA                 2        110                                 1194000200008 
EN         DATA                                                   1194000200009 
MEV        B                                                      1194000200010 
 2.04   -06 9.0    +00                                            1194000200011 
 2.04   -06 1.55   +01                                            1194000200012 
 2.07   -06 2.90   +01                                            1194000200013 
 2.10   -06 3.50   +01                                            1194000200014 
 2.13   -06 5.10   +01                                            1194000200015 
 2.16   -06 5.00   +01                                            1194000200016 
 2.19   -06 3.70   +01                                            1194000200017 
 2.22   -06 2.90   +01                                            1194000200018 
 2.25   -06 2.05   +01                                            1194000200019 
 2.28   -06 1.50   +01                                            1194000200020 
 2.37   -06 1.20   +01                                            1194000200021 
 2.53   -06 1.40   +01                                            1194000200022 
 2.66   -06 1.20   +01                                            1194000200023 
 2.72   -06 8.0    +00                                            1194000200024 
 2.76   -06 1.10   +01                                            1194000200025 
 2.86   -06 1.50   +01                                            1194000200026 
 2.99   -06 1.55   +01                                            1194000200027 
 3.20   -06 1.50   +01                                            1194000200028 
 3.28   -06 2.20   +01                                            1194000200029 
 3.35   -06 1.76   +01                                            1194000200030 
 3.53   -06 1.95   +01                                            1194000200031 
 3.72   -06 2.20   +01                                            1194000200032 
 3.92   -06 2.10   +01                                            1194000200033 
 4.12   -06 2.70   +01                                            1194000200034 
 4.28   -06 3.80   +01                                            1194000200035 
 4.49   -06 3.70   +01                                            1194000200036 
 4.58   -06 4.30   +01                                            1194000200037 
 4.66   -06 5.10   +01                                            1194000200038 
 4.75   -06 5.70   +01                                            1194000200039 
 4.84   -06 6.70   +01                                            1194000200040 
 4.93   -06 8.10   +01                                            1194000200041 
 5.02   -06 1.180  +02                                            1194000200042 
 5.11   -06 1.480  +02                                            1194000200043 
 5.20   -06 1.930  +02                                            1194000200044 
 5.29   -06 2.930  +02                                            1194000200045 
 5.38   -06 3.330  +02                                            1194000200046 
 5.57   -06 3.530  +02                                            1194000200047 
 5.66   -06 3.530  +02                                            1194000200048 
 5.81   -06 3.330  +02                                            1194000200049 
 5.95   -06 3.180  +02                                            1194000200050 
 6.00   -06 1.630  +02                                            1194000200051 
 6.15   -06 1.320  +02                                            1194000200052 
 6.30   -06 9.80   +01                                            1194000200053 
 6.45   -06 6.90   +01                                            1194000200054 
 6.50   -06 5.60   +01                                            1194000200055 
 6.66   -06 4.10   +01                                            1194000200056 
 6.81   -06 3.50   +01                                            1194000200057 
 6.92   -06 3.20   +01                                            1194000200058 
 7.13   -06 2.70   +01                                            1194000200059 
 7.24   -06 2.30   +01                                            1194000200060 
 7.62   -06 1.90   +01                                            1194000200061 
 8.29   -06 1.80   +01                                            1194000200062 
 8.41   -06 1.40   +01                                            1194000200063 
 9.24   -06 1.55   +01                                            1194000200064 
 9.73   -06 1.46   +01                                            1194000200065 
 1.02   -05 1.45   +01                                            1194000200066 
 1.08   -05 1.40   +01                                            1194000200067 
 1.14   -05 1.30   +01                                            1194000200068 
 1.23   -05 1.40   +01                                            1194000200069 
 1.35   -05 1.10   +01                                            1194000200070 
 1.51   -05 1.30   +01                                            1194000200071 
 1.71   -05 1.30   +01                                            1194000200072 
 1.81   -05 2.20   +01                                            1194000200073 
 1.85   -05 3.20   +01                                            1194000200074 
 1.94   -05 7.10   +01                                            1194000200075 
 2.04   -05 1.180  +02                                            1194000200076 
 2.10   -05 6.80   +01                                            1194000200077 
 2.14   -05 2.80   +01                                            1194000200078 
 2.27   -05 1.55   +01                                            1194000200079 
 2.39   -05 1.40   +01                                            1194000200080 
 2.49   -05 1.15   +01                                            1194000200081 
 2.87   -05 1.20   +01                                            1194000200082 
 3.34   -05 1.30   +01                                            1194000200083 
 3.64   -05 1.30   +01                                            1194000200084 
 3.70   -05 1.70   +01                                            1194000200085 
 3.96   -05 1.20   +01                                            1194000200086 
 4.17   -05 1.10   +01                                            1194000200087 
 4.32   -05 1.30   +01                                            1194000200088 
 4.75   -05 2.05   +01                                            1194000200089 
 4.93   -05 2.05   +01                                            1194000200090 
 5.23   -05 1.30   +01                                            1194000200091 
 5.79   -05 1.05   +01                                            1194000200092 
 5.91   -05 1.15   +01                                            1194000200093 
 7.24   -05 1.00   +01                                            1194000200094 
 8.17   -05 1.40   +01                                            1194000200095 
 8.59   -05 1.55   +01                                            1194000200096 
 9.29   -05 1.10   +01                                            1194000200097 
 9.80   -05 1.90   +01                                            1194000200098 
 1.07   -04 2.30   +01                                            1194000200099 
 1.20   -04 1.90   +01                                            1194000200100 
 1.32   -04 1.30   +01                                            1194000200101 
 1.45   -04 1.80   +01                                            1194000200102 
 1.73   -04 2.50   +01                                            1194000200103 
 1.93   -04 2.70   +01                                            1194000200104 
 2.09   -04 1.80   +01                                            1194000200105 
 2.47   -04 2.05   +01                                            1194000200106 
 2.70   -04 1.90   +01                                            1194000200107 
 3.27   -04 2.20   +01                                            1194000200108 
 3.62   -04 2.40   +01                                            1194000200109 
 4.03   -04 1.80   +01                                            1194000200110 
 5.10   -04 1.80   +01                                            1194000200111 
 5.81   -04 1.50   +01                                            1194000200112 
 8.41   -04 1.90   +01                                            1194000200113 
 1.080  -03 1.80   +01                                            1194000200114 
 1.310  -03 1.60   +01                                            1194000200115 
 2.333  -03 1.75   +01                                            1194000200116 
 5.227  -03 1.55   +01                                            1194000200117 
 8.172  -03 1.80   +01                                            1194000200118 
 2.091  -02 1.55   +01                                            1194000200119 
 1.307  -01 1.55   +01                                            1194000200120 
ENDDATA            112          0                                 1194000200121 
ENDSUBENT          120          0                                 1194000299999 
ENDENTRY             2          0                                 1194099999999 
