ENTRY            11946   19771101                             00001194600000001 
SUBENT        11946001   19771101                             00001194600100001 
BIB                  7          7                                 1194600100002 
INSTITUTE  (1USAMTR)                                              1194600100003 
REFERENCE  (J,PR,103,1778,56)                                     1194600100004 
AUTHOR     (R.G.FLUHARTY,F.B.SIMPSON,O.D.SIMPSON)                 1194600100005 
TITLE      NEUTRON RESONANCE MEASUREMENTS OF AG,TA,AND U238.      1194600100006 
FACILITY   (CHOPF) FAST CHOPPER                                   1194600100007 
STATUS     (SCSRS)                                                1194600100008 
HISTORY    (760802T) TRANSLATED FROM SCISRS                       1194600100009 
ENDBIB               7          0                                 1194600100010 
NOCOMMON             0          0                                 1194600100011 
ENDSUBENT           10          0                                 1194600199999 
SUBENT        11946002   19771101                             00001194600200001 
BIB                  3          5                                 1194600200002 
REACTION  1(47-AG-0(N,0),,EN)                                     1194600200003 
          2(47-AG-0(N,EL),,WID,,G)                                1194600200004 
          3(47-AG-0(N,EL),,WID/RED,,G)                            1194600200005 
ANALYSIS   (AREA)     AREA ANALYSIS                               1194600200006 
ASSUMED    (ASSUM,47-AG-0(N,G),,WID)                              1194600200007 
ENDBIB               5          0                                 1194600200008 
COMMON               2          3                                 1194600200009 
MOMENTUM L ASSUM                                                  1194600200010 
NO-DIM     MILLI-EV                                               1194600200011 
 0.         134.                                                  1194600200012 
ENDCOMMON            3          0                                 1194600200013 
DATA                 6          7                                 1194600200014 
DATA      1DATA-ERR  1DATA      2DATA-ERR  2DATA      3DATA-ERR  31194600200015 
MEV        MEV        MILLI-EV   MILLI-EV   MILLI-EV   MILLI-EV   1194600200016 
 1.36   -04 5.     -06  62.        11.       10.6        1.9      1194600200017 
 1.47   -04 5.     -06  20.         9.        3.4        1.5      1194600200018 
 1.76   -04 6.     -06 107.        34.       16.1        5.1      1194600200019 
 2.06   -04 9.     -06  15.         8.        2.1        1.1      1194600200020 
 2.15   -04 9.     -06 107.        34.        3.0        1.8      1194600200021 
 2.51   -04 1.1    -05 243.        73.       30.6        9.2      1194600200022 
 3.16   -04 1.6    -05 166.        58.       18.7        6.5      1194600200023 
ENDDATA              9          0                                 1194600200024 
ENDSUBENT           23          0                                 1194600299999 
SUBENT        11946003   19760802                             00001194600300001 
BIB                  2          2                                 1194600300002 
REACTION   (47-AG-0(N,TOT),,SIG)                                  1194600300003 
METHOD     (TOF)      TIME-OF-FLIGHT                              1194600300004 
ENDBIB               2          0                                 1194600300005 
NOCOMMON             0          0                                 1194600300006 
DATA                 2        123                                 1194600300007 
EN         DATA                                                   1194600300008 
MEV        B                                                      1194600300009 
 4.02   -05 1.9    +01                                            1194600300010 
 4.03   -05 3.5    +01                                            1194600300011 
 4.04   -05 1.30   +02                                            1194600300012 
 4.07   -05 1.90   +02                                            1194600300013 
 4.09   -05 1.70   +02                                            1194600300014 
 4.11   -05 1.00   +02                                            1194600300015 
 4.12   -05 4.45   +01                                            1194600300016 
 4.16   -05 9.4    +01                                            1194600300017 
 4.17   -05 1.50   +02                                            1194600300018 
 4.19   -05 2.43   +02                                            1194600300019 
 4.21   -05 1.80   +02                                            1194600300020 
 4.24   -05 9.8    +01                                            1194600300021 
 4.25   -05 6.07   +01                                            1194600300022 
 4.30   -05 1.32   +01                                            1194600300023 
 4.40   -05 8.55   +00                                            1194600300024 
 4.50   -05 1.45   +01                                            1194600300025 
 4.52   -05 2.15   +01                                            1194600300026 
 4.58   -05 1.94   +01                                            1194600300027 
 4.61   -05 9.3    +00                                            1194600300028 
 4.74   -05 5.24   +00                                            1194600300029 
 4.86   -05 6.08   +00                                            1194600300030 
 4.95   -05 6.8    +00                                            1194600300031 
 5.01   -05 9.6    +00                                            1194600300032 
 5.06   -05 1.55   +01                                            1194600300033 
 5.07   -05 2.93   +01                                            1194600300034 
 5.08   -05 5.20   +01                                            1194600300035 
 5.11   -05 9.80   +01                                            1194600300036 
 5.12   -05 1.44   +02                                            1194600300037 
 5.16   -05 3.40   +02                                            1194600300038 
 5.19   -05 4.80   +02                                            1194600300039 
 5.23   -05 3.30   +02                                            1194600300040 
 5.26   -05 1.67   +02                                            1194600300041 
 5.30   -05 7.6    +01                                            1194600300042 
 5.33   -05 2.92   +01                                            1194600300043 
 5.39   -05 1.33   +01                                            1194600300044 
 5.46   -05 1.50   +01                                            1194600300045 
 5.50   -05 2.09   +01                                            1194600300046 
 5.54   -05 4.97   +01                                            1194600300047 
 5.56   -05 8.65   +01                                            1194600300048 
 5.60   -05 1.73   +02                                            1194600300049 
 5.64   -05 1.63   +02                                            1194600300050 
 5.67   -05 1.20   +02                                            1194600300051 
 5.70   -05 5.23   +01                                            1194600300052 
 5.75   -05 1.40   +01                                            1194600300053 
 6.00   -05 7.0    +00                                            1194600300054 
 6.20   -05 6.37   +00                                            1194600300055 
 6.40   -05 5.45   +00                                            1194600300056 
 6.60   -05 5.78   +00                                            1194600300057 
 6.79   -05 5.80   +00                                            1194600300058 
 6.94   -05 7.65   +00                                            1194600300059 
 7.03   -05 1.04   +01                                            1194600300060 
 7.07   -05 1.64   +01                                            1194600300061 
 7.12   -05 8.15   +01                                            1194600300062 
 7.14   -05 1.40   +02                                            1194600300063 
 7.18   -05 2.04   +02                                            1194600300064 
 7.24   -05 2.79   +02                                            1194600300065 
 7.29   -05 2.63   +02                                            1194600300066 
 7.35   -05 8.18   +01                                            1194600300067 
 7.46   -05 1.55   +01                                            1194600300068 
 7.68   -05 8.2    +00                                            1194600300069 
 8.10   -05 5.78   +00                                            1194600300070 
 8.50   -05 6.6    +00                                            1194600300071 
 8.72   -05 9.0    +00                                            1194600300072 
 8.86   -05 2.10   +01                                            1194600300073 
 8.97   -05 3.25   +01                                            1194600300074 
 9.14   -05 8.3    +00                                            1194600300075 
 9.45   -05 6.67   +00                                            1194600300076 
 9.85   -05 6.1    +00                                            1194600300077 
 1.02   -04 6.4    +00                                            1194600300078 
 1.07   -04 5.7    +00                                            1194600300079 
 1.12   -04 6.5    +00                                            1194600300080 
 1.17   -04 5.1    +00                                            1194600300081 
 1.25   -04 6.9    +00                                            1194600300082 
 1.30   -04 8.5    +00                                            1194600300083 
 1.31   -04 1.08   +01                                            1194600300084 
 1.32   -04 2.00   +01                                            1194600300085 
 1.34   -04 4.10   +01                                            1194600300086 
 1.36   -04 6.90   +01                                            1194600300087 
 1.38   -04 5.10   +01                                            1194600300088 
 1.39   -04 2.30   +01                                            1194600300089 
 1.40   -04 1.75   +01                                            1194600300090 
 1.42   -04 1.45   +01                                            1194600300091 
 1.45   -04 1.50   +01                                            1194600300092 
 1.48   -04 1.10   +01                                            1194600300093 
 1.50   -04 9.0    +00                                            1194600300094 
 1.54   -04 5.1    +00                                            1194600300095 
 1.58   -04 7.6    +00                                            1194600300096 
 1.62   -04 8.0    +00                                            1194600300097 
 1.65   -04 6.95   +00                                            1194600300098 
 1.70   -04 1.23   +01                                            1194600300099 
 1.72   -04 2.11   +01                                            1194600300100 
 1.76   -04 3.58   +01                                            1194600300101 
 1.79   -04 3.66   +01                                            1194600300102 
 1.795  -04 2.63   +01                                            1194600300103 
 1.80   -04 1.14   +01                                            1194600300104 
 1.85   -04 5.9    +00                                            1194600300105 
 1.90   -04 6.9    +00                                            1194600300106 
 1.98   -04 9.5    +00                                            1194600300107 
 2.00   -04 1.34   +01                                            1194600300108 
 2.07   -04 1.78   +01                                            1194600300109 
 2.11   -04 1.07   +01                                            1194600300110 
 2.20   -04 6.05   +00                                            1194600300111 
 2.26   -04 6.0    +00                                            1194600300112 
 2.32   -04 5.1    +00                                            1194600300113 
 2.39   -04 6.5    +00                                            1194600300114 
 2.51   -04 1.27   +01                                            1194600300115 
 2.59   -04 9.5    +00                                            1194600300116 
 2.65   -04 8.0    +00                                            1194600300117 
 2.74   -04 8.3    +00                                            1194600300118 
 2.80   -04 6.1    +00                                            1194600300119 
 2.88   -04 8.5    +00                                            1194600300120 
 3.00   -04 7.7    +00                                            1194600300121 
 3.08   -04 1.69   +01                                            1194600300122 
 3.18   -04 1.90   +01                                            1194600300123 
 3.29   -04 1.15   +01                                            1194600300124 
 3.38   -04 7.6    +00                                            1194600300125 
 3.50   -04 7.3    +00                                            1194600300126 
 3.84   -04 1.10   +01                                            1194600300127 
 4.58   -04 1.29   +01                                            1194600300128 
 5.16   -04 1.45   +01                                            1194600300129 
 5.25   -04 1.53   +01                                            1194600300130 
 5.67   -04 1.24   +01                                            1194600300131 
 6.75   -04 9.8    +00                                            1194600300132 
ENDDATA            125          0                                 1194600300133 
ENDSUBENT          132          0                                 1194600399999 
NOSUBENT      11946004   19830802                             00001194600400001 
NOSUBENT      11946005   19830802                             00001194600500001 
SUBENT        11946006   19830802                             00001194600600001 
BIB                  4          9                                 1194600600002 
REACTION  1(47-AG-107(N,0),,EN)                                   1194600600003 
          2(47-AG-107(N,EL),,WID,,G)                              1194600600004 
          3(47-AG-107(N,G),,WID)                                  1194600600005 
          4(47-AG-107(N,EL),,WID/RED,,G)                          1194600600006 
          5(47-AG-107(N,0),,J)                                    1194600600007 
          6(47-AG-107(N,TOT),,SIG,,RES)                           1194600600008 
ANALYSIS   (AREA)     AREA ANALYSIS                               1194600600009 
ASSUMED    (ASSUM,47-AG-107(N,G),,WID)                            1194600600010 
HISTORY    (830222A) SUBENTRIES 4-6 COMBINED                      1194600600011 
ENDBIB               9          0                                 1194600600012 
COMMON               1          3                                 1194600600013 
MOMENTUM L                                                        1194600600014 
NO-DIM                                                            1194600600015 
 0.                                                               1194600600016 
ENDCOMMON            3          0                                 1194600600017 
DATA                12          4                                 1194600600018 
DATA      1DATA-ERR  1DATA      2DATA-ERR  2DATA      3DATA-ERR  31194600600019 
DATA      4DATA-ERR  4ASSUM      DATA      5DATA      6DATA-ERR  61194600600020 
MEV        MEV        MILLI-EV   MILLI-EV   MILLI-EV   MILLI-EV   1194600600021 
MILLI-EV   MILLI-EV   MILLI-EV   NO-DIM     B          B          1194600600022 
 1.66   -05 2.     -07  2.6        0.3       151.        33.      1194600600023 
  1.3        0.7                            2650.       660.      1194600600024 
 4.24   -05 6.     -07  4.0        0.8       1.                   1194600600025 
  1.23       0.25      135.                                       1194600600026 
 4.52   -05 6.     -07  0.85       0.13      1.                   1194600600027 
  0.25       0.04      135.                                       1194600600028 
 5.22   -05 6.     -07 17.2        1.9       112.        24.      1194600600029 
  3.17       0.35                  1.       6380.      1380.      1194600600030 
ENDDATA             12          0                                 1194600600031 
ENDSUBENT           30          0                                 1194600699999 
NOSUBENT      11946007   19830802                             00001194600700001 
NOSUBENT      11946008   19830802                             00001194600800001 
SUBENT        11946009   19830802                             00001194600900001 
BIB                  4          9                                 1194600900002 
REACTION  1(47-AG-109(N,0),,EN)                                   1194600900003 
          2(47-AG-109(N,EL),,WID,,G)                              1194600900004 
          3(47-AG-109(N,G),,WID)                                  1194600900005 
          4(47-AG-109(N,EL),,WID/RED,,G)                          1194600900006 
          5(47-AG-109(N,0),,J)                                    1194600900007 
          6(47-AG-109(N,TOT),,SIG,,RES)                           1194600900008 
ANALYSIS   (AREA)     AREA ANALYSIS                               1194600900009 
ASSUMED    (ASSUM,47-AG-109(N,G),,WID)                            1194600900010 
HISTORY    (830222A) SUBENTRIES 7-9 COMBINED                      1194600900011 
ENDBIB               9          0                                 1194600900012 
COMMON               1          3                                 1194600900013 
MOMENTUM L                                                        1194600900014 
NO-DIM                                                            1194600900015 
 0.                                                               1194600900016 
ENDCOMMON            3          0                                 1194600900017 
DATA                12          5                                 1194600900018 
DATA      1DATA-ERR  1DATA      2DATA-ERR  2DATA      3DATA-ERR  31194600900019 
DATA      4DATA-ERR  4ASSUM      DATA      5DATA      6DATA-ERR  61194600900020 
MEV        MEV        MILLI-EV   MILLI-EV   MILLI-EV   MILLI-EV   1194600900021 
MILLI-EV   MILLI-EV   MILLI-EV   NO-DIM     B          B          1194600900022 
 3.08   -05 3.     -07  5.45       0.82      121.        13.      1194600900023 
  2.0        0.3                            3530.       640.      1194600900024 
 4.07   -05 6.     -07  3.5        0.8       1.                   1194600900025 
  1.1        0.13      134.                                       1194600900026 
 5.61   -05 2.0    -06  6.81       1.5       216.        85.      1194600900027 
  3.63       0.80                  0.       1310.       540.      1194600900028 
 7.22   -05 2.0    -06 22.3        4.9        65.        35.      1194600900029 
  3.47       0.76                  1.       8510.      1870.      1194600900030 
 8.96   -05 2.4    -06  2.8        0.6       1.                   1194600900031 
  0.59       0.12      134.                                       1194600900032 
ENDDATA             14          0                                 1194600900033 
ENDSUBENT           32          0                                 1194600999999 
SUBENT        11946010   19771101                             00001194601000001 
BIB                  1          5                                 1194601000002 
REACTION  1(73-TA-181(N,0),,EN)                                   1194601000003 
          2(73-TA-181(N,TOT),,SIG,,RES)                           1194601000004 
          3(73-TA-181(N,EL),,WID,,G)                              1194601000005 
          4(73-TA-181(N,G),,WID)                                  1194601000006 
          5(73-TA-181(N,EL),,WID/RED)                             1194601000007 
ENDBIB               5          0                                 1194601000008 
COMMON               1          3                                 1194601000009 
MOMENTUM L                                                        1194601000010 
NO-DIM                                                            1194601000011 
 0.                                                               1194601000012 
ENDCOMMON            3          0                                 1194601000013 
DATA                10         23                                 1194601000014 
DATA      1DATA-ERR  1DATA      2DATA-ERR  2DATA      3DATA-ERR  31194601000015 
DATA      4DATA-ERR  4DATA      5DATA-ERR  5                      1194601000016 
EV         EV         B          B          MILLI-EV   MILLI-EV   1194601000017 
MILLI-EV   MILLI-EV   MILLI-EV   MILLI-EV                         1194601000018 
 14.0        0.15       2.2        0.9        0.56       0.006    1194601000019 
 48.        15.         0.30       0.06                           1194601000020 
 20.5        0.2        1.4        0.6        0.54       0.09     1194601000021 
 52.        15.         0.24       0.06                           1194601000022 
 22.9        0.3                              0.13       0.03     1194601000023 
                        0.054      0.012                          1194601000024 
 24.3        0.3        7.1        3.3        3.8        0.6      1194601000025 
 50.        24.         1.56       0.24                           1194601000026 
 29.5        0.3                              0.14       0.03     1194601000027 
                        0.05       0.012                          1194601000028 
 35.3        0.6                              6.4        1.5      1194601000029 
                        2.32       0.54                           1194601000030 
 36.1        0.6                              7.7        1.2      1194601000031 
                        2.58       0.42                           1194601000032 
 39.3        0.6       19.1        6.9       26.         6.       1194601000033 
 40.        30.         8.4        1.8                            1194601000034 
 49.2        0.7                              0.66       0.16     1194601000035 
                        0.188      0.047                          1194601000036 
 55.9        0.8                              0.1        0.05     1194601000037 
                        0.027      0.013                          1194601000038 
 57.9        0.8                              0.1        0.05     1194601000039 
                        0.027      0.013                          1194601000040 
 63.2        0.9                              3.6        0.9      1194601000041 
                        0.91       0.23                           1194601000042 
 76.9        1.2                              2.1        5.0      1194601000043 
                        4.8        1.14                           1194601000044 
 82.7        1.4                              5.5        2.0      1194601000045 
                        1.21       0.44                           1194601000046 
 84.7        1.4                              1.8        0.9      1194601000047 
                        0.39       0.19                           1194601000048 
 89.4        1.9                              2.2        1.1      1194601000049 
                        0.47       0.23                           1194601000050 
 91.4        1.9                              1.0        0.5      1194601000051 
                        0.21       0.11                           1194601000052 
 98.8        2.0                             71.        14.       1194601000053 
                       14.3        0.28                           1194601000054 
105.         2.0                             17.         4.       1194601000055 
                        3.22       0.78                           1194601000056 
114.         2.0                             30.         9.       1194601000057 
                        5.6        1.69                           1194601000058 
125.         3.0                             23.         7.       1194601000059 
                        4.02       1.07                           1194601000060 
136.         3.0                             34.         9.       1194601000061 
                        5.84       1.46                           1194601000062 
147.         3.0                              7.5        3.0      1194601000063 
                        1.24       0.44                           1194601000064 
ENDDATA             50          0                                 1194601000065 
ENDSUBENT           64          0                                 1194601099999 
NOSUBENT      11946011   19830802                             00001194601100001 
NOSUBENT      11946012   19830802                             00001194601200001 
SUBENT        11946013   19830802                             00001194601300001 
BIB                  3          6                                 1194601300002 
REACTION  1(92-U-238(N,0),,EN)                                    1194601300003 
          2(92-U-238(N,EL),,WID,,G)                               1194601300004 
          3(92-U-238(N,G),,WID)                                   1194601300005 
          4(92-U-238(N,TOT),,SIG,,RES)                            1194601300006 
ANALYSIS   (AREA)     AREA ANALYSIS                               1194601300007 
HISTORY    (830222A) SUBENTRIES 11-15 COMBINED                    1194601300008 
ENDBIB               6          0                                 1194601300009 
NOCOMMON             0          0                                 1194601300010 
DATA                 8          8                                 1194601300011 
DATA      1DATA-ERR  1DATA      2DATA-ERR  2DATA      3DATA-ERR  31194601300012 
DATA      4DATA-ERR  4                                            1194601300013 
MEV        MEV        MILLI-EV   MILLI-EV   MILLI-EV   MILLI-EV   1194601300014 
B          B                                                      1194601300015 
 2.12   -05 3.     -07 1.03   +01 2.0    +00 25.90      12.       1194601300016 
 35.    +03 13.    +03                                            1194601300017 
 3.70   -05 6.     -07 3.26   +01 9.0    +00 27.7       24.0      1194601300018 
 38.4   +03 18.    +03                                            1194601300019 
 6.60   -05 2.5    -06 2.54   +01 7.0    +00 39.1       26.       1194601300020 
 15.6   +03 7.0    +03                                            1194601300021 
 8.02   -05 2.0    -06 2.34   +00 8.     -01                      1194601300022 
                                                                  1194601300023 
 1.010  -04 3.0    -06 6.90   +01 2.00   +01 24.0       26.0      1194601300024 
 19.2   +03 11.0   +03                                            1194601300025 
 1.150  -04 3.5    -06 1.40   +01 4.0    +00                      1194601300026 
                                                                  1194601300027 
 1.81   -04 7.     -06 1.55   +02 4.0    +01                      1194601300028 
                                                                  1194601300029 
 2.00   -04 8.     -06 1.48   +02 4.6    +01                      1194601300030 
                                                                  1194601300031 
ENDDATA             20          0                                 1194601300032 
ENDSUBENT           31          0                                 1194601399999 
NOSUBENT      11946014   19830802                             00001194601400001 
NOSUBENT      11946015   19830802                             00001194601500001 
SUBENT        11946016   19760802                             00001194601600001 
BIB                  2          2                                 1194601600002 
REACTION   (92-U-238(N,0),,D)                                     1194601600003 
ANALYSIS   (AREA)     AREA ANALYSIS                               1194601600004 
ENDBIB               2          0                                 1194601600005 
NOCOMMON             0          0                                 1194601600006 
DATA                 4          1                                 1194601600007 
EN-MIN     EN-MAX     DATA       DATA-ERR                         1194601600008 
EV         EV         EV         EV                               1194601600009 
 21.2       200.       18.        2.                              1194601600010 
ENDDATA              3          0                                 1194601600011 
ENDSUBENT           10          0                                 1194601699999 
SUBENT        11946017   19760802                             00001194601700001 
BIB                  2          2                                 1194601700002 
REACTION   (92-U-238(N,EL),,STF)                                  1194601700003 
ANALYSIS   (AREA)     AREA ANALYSIS                               1194601700004 
ENDBIB               2          0                                 1194601700005 
NOCOMMON             0          0                                 1194601700006 
DATA                 4          1                                 1194601700007 
EN-MIN     EN-MAX     DATA       DATA-ERR                         1194601700008 
EV         EV         NO-DIM     NO-DIM                           1194601700009 
 21.2       200.       1.55   -04 5.     -06                      1194601700010 
ENDDATA              3          0                                 1194601700011 
ENDSUBENT           10          0                                 1194601799999 
ENDENTRY            17          0                                 1194699999999 
