ENTRY            11948   19830802                             00001194800000001 
SUBENT        11948001   19830802                             00001194800100001 
BIB                  7          8                                 1194800100002 
INSTITUTE  (1USACOL)                                              1194800100003 
REFERENCE  (J,PR,120,2214,60)                                     1194800100004 
AUTHOR     (J.S.DESJARDINS,J.L.ROSEN,W.W.HAVENS JR,J.RAINWATER)   1194800100005 
TITLE      SLOW NEUTRON RESONANCE SPECTROSCOPY. II. AG, AU, TA.   1194800100006 
METHOD     (TOF) TIME-OF-FLIGHT. 35-M FLIGHT PATH.                1194800100007 
STATUS     (SCSRS)                                                1194800100008 
HISTORY    (760802T) TRANSLATED FROM SCISRS                       1194800100009 
           (830802A) CONVERTED TO REACTION FORMALISM              1194800100010 
ENDBIB               8          0                                 1194800100011 
NOCOMMON             0          0                                 1194800100012 
ENDSUBENT           11          0                                 1194800199999 
NOSUBENT      11948002   19780518                             00001194800200001 
NOSUBENT      11948003   19830802                             00001194800300001 
SUBENT        11948004   19841024                             00001194800400001 
BIB                  4          9                                 1194800400002 
REACTION  1(47-AG-0(N,0),,EN)                                     1194800400003 
          2(47-AG-0(N,EL),,WID,,4AG)                              1194800400004 
          3(47-AG-0(N,G),,WID)                                    1194800400005 
          4(47-AG-0(N,0),,J)                                      1194800400006 
ANALYSIS   (AREA)     AREA ANALYSIS                               1194800400007 
FLAG       (1.) SPIN ASSIGNMENT UNCERTAIN.                        1194800400008 
HISTORY    (790731A)ISO-QUANT CORRECTION.                         1194800400009 
           (830222A) SUBENTRIES 3-5 COMBINED.                     1194800400010 
           (841024A) FLAG TEXT ADDED.                             1194800400011 
ENDBIB               9          0                                 1194800400012 
NOCOMMON             0          0                                 1194800400013 
DATA                 9         79                                 1194800400014 
DATA      1DATA-ERR  1DATA      2DATA-ERR  2DATA-APRX 2DATA      31194800400015 
DATA-ERR  3DATA      4FLAG                                        1194800400016 
MEV        MEV        MILLI-EV   MILLI-EV   MILLI-EV   MILLI-EV   1194800400017 
MILLI-EV   NO-DIM     NO-DIM                                      1194800400018 
 1.63   -05 3.     -07 6.0    +00 3.     -01                      1194800400019 
                                                                  1194800400020 
 3.05   -05 6.     -07 1.10   +01 1.0    +00                      1194800400021 
                                                                  1194800400022 
 4.02   -05 8.     -07 8.6    +00 1.0    +00                      1194800400023 
                                                                  1194800400024 
 4.15   -05 8.     -07 8.5    +00 1.0    +00                      1194800400025 
                                                                  1194800400026 
 4.48   -05 8.     -07 1.80   +00 2.5    -01                      1194800400027 
                                                                  1194800400028 
 5.14   -05 1.     -07 3.3    +01 3.     +00                      1194800400029 
                                                                  1194800400030 
 5.57   -05 1.     -07 1.90   +01 1.5    +00                      1194800400031 
                                                                  1194800400032 
 7.08   -05 1.     -07 4.2    +01 4.     +00                      1194800400033 
                                                                  1194800400034 
 8.24   -05 2.     -07 3.     -02 6.     -02                      1194800400035 
                                                                  1194800400036 
 8.35   -05 2.     -07 4.     -02 1.     -02                      1194800400037 
                                                                  1194800400038 
 8.74   -05 2.     -07 9.3    +00 7.     -01                      1194800400039 
                                                                  1194800400040 
 9.15   -05 2.     -07 5.     -02 1.     -02                      1194800400041 
                                                                  1194800400042 
 1.063  -04 2.     -07 2.2    -01 3.     -02                      1194800400043 
                                                                  1194800400044 
 1.107  -04 2.     -07 1.1    -01 2.     -02                      1194800400045 
                                                                  1194800400046 
 1.284  -04 2.     -07 1.5    -01 3.     -02                      1194800400047 
                                                                  1194800400048 
 1.339  -04 3.     -07 1.25   +02 8.     +00            137.      1194800400049 
10.         1.                                                    1194800400050 
 1.399  -04 3.     -07 2.0    +00 5.     -01                      1194800400051 
                                                                  1194800400052 
 1.443  -04 3.     -07 8.5    +00 1.     -01            129.      1194800400053 
15.         0.         1.                                         1194800400054 
 1.550  -04 3.     -07 9.     -02 3.     -02                      1194800400055 
                                                                  1194800400056 
 1.620  -04 3.     -07 3.0    -01 8.     -02                      1194800400057 
                                                                  1194800400058 
 1.670  -04 3.     -07 2.6    -01 5.     -02                      1194800400059 
                                                                  1194800400060 
 1.698  -04 3.     -07 2.2    -01 4.     -02                      1194800400061 
                                                                  1194800400062 
 1.734  -04 3.     -07 8.4    +01 1.     +00            170.      1194800400063 
 25.        1.                                                    1194800400064 
 1.837  -04 4.     -07 2.8    -01 6.     -02                      1194800400065 
                                                                  1194800400066 
 2.029  -04 4.     -07 2.3    +01 3.     +00            154.      1194800400067 
 15.        1.                                                    1194800400068 
 2.090  -04 4.     -07 3.2    +01 3.     +00            157.      1194800400069 
                                                                  1194800400070 
 2.112  -04 4.     -07 1.7    -01 3.     -02                      1194800400071 
                                                                  1194800400072 
 2.287  -04 5.     -07 7.     -02 2.     -02                      1194800400073 
                                                                  1194800400074 
 2.398  -04 6.     -07 2.7    -01 5.     -02                      1194800400075 
                                                                  1194800400076 
 2.517  -04 5.     -07 4.2    +01 4.     +00            168.      1194800400077 
 20.        1.                                                    1194800400078 
 2.594  -04 5.     -07 3.2    +00 4.     -01                      1194800400079 
                                                                  1194800400080 
 2.650  -04 5.     -07 5.0    +00 8.     -01                      1194800400081 
                                                                  1194800400082 
 2.704  -04 5.     -07 4.7    -02 2.     -03                      1194800400083 
                                                                  1194800400084 
 2.730  -04 5.     -07 2.8    +00 4.     -01                      1194800400085 
                                                                  1194800400086 
 2.845  -04 6.     -07 5.3    -01 1.0    -01                      1194800400087 
                                                                  1194800400088 
 2.910  -04 6.     -07 1.8    +01 2.     +00            134.      1194800400089 
 15.        0.                                                    1194800400090 
 2.969  -04 6.     -07 1.9    -01 4.     -02                      1194800400091 
                                                                  1194800400092 
 3.009  -04 6.     -07 2.0    +00 5.     -01                      1194800400093 
                                                                  1194800400094 
 3.110  -04 6.     -07 1.67   +02 4.0    +01                      1194800400095 
                                                                  1194800400096 
 3.167  -04 6.     -07 2.50   +02 5.0    +01                      1194800400097 
                                                                  1194800400098 
 3.280  -04 7.     -07 1.00   +01 1.5    +00                      1194800400099 
                                                                  1194800400100 
 3.400  -04 7.     -07 3.7    -01 7.     -02                      1194800400101 
                                                                  1194800400102 
 3.470  -04 7.     -07 7.9    -01 2.     -02                      1194800400103 
                                                                  1194800400104 
 3.620  -04 7.     -07 3.2    +01 3.     +00            175.      1194800400105 
 25.        1.                                                    1194800400106 
 3.740  -04 7.     -07 1.3    +00 2.     -01                      1194800400107 
                                                                  1194800400108 
 3.880  -04 8.     -07 5.7    +01 5.     +00            180.      1194800400109 
 30.        1.                                                    1194800400110 
 3.920  -04 8.     -07 1.6    -01 3.     -02                      1194800400111 
                                                                  1194800400112 
 3.980  -04 8.     -07 3.6    +01 4.     +00            150.      1194800400113 
 30.        1.         1.                                         1194800400114 
 4.050  -04 8.     -07 8.0    +01 5.     +00            153.      1194800400115 
 15.        0.                                                    1194800400116 
 4.100  -04 8.     -07 9.5    -01 2.     -02                      1194800400117 
                                                                  1194800400118 
 4.290  -04 9.     -07 1.7    +01 3.     +00                      1194800400119 
                                                                  1194800400120 
 4.460  -04 9.     -07 2.8    +01 3.     +00            136.      1194800400121 
 15.        1.                                                    1194800400122 
 4.620  -04 9.     -07                       4.0    +01           1194800400123 
                                                                  1194800400124 
 4.670  -04 9.     -07                       1.20   +02           1194800400125 
                                                                  1194800400126 
 4.690  -04 9.     -07                       6.0    +01           1194800400127 
                                                                  1194800400128 
 4.800  -04 1.0    -06 3.3    -01 7.     -02                      1194800400129 
                                                                  1194800400130 
 4.890  -04 1.0    -06 2.4    +01 5.     +00                      1194800400131 
                                                                  1194800400132 
 5.020  -04 1.0    -06 3.30   +02 3.5    +01            130.      1194800400133 
 15.        1.                                                    1194800400134 
 5.120  -04 1.0    -06 2.0    +01 1.0    +01                      1194800400135 
                                                                  1194800400136 
 5.150  -04 1.0    -06 9.0    +01 4.0    +01                      1194800400137 
                                                                  1194800400138 
 5.260  -04 1.0    -06 5.7    +00 7.     -01                      1194800400139 
                                                                  1194800400140 
 5.320  -04 1.1    -06 8.8    -01 2.5    -01                      1194800400141 
                                                                  1194800400142 
 5.440  -04 1.1    -06                       1.     +00           1194800400143 
                                                                  1194800400144 
 5.550  -04 1.1    -06                       7.0    +01           1194800400145 
                                                                  1194800400146 
 5.610  -04 1.1    -06                       3.0    +01           1194800400147 
                                                                  1194800400148 
 5.670  -04 1.1    -06                       5.0    +01           1194800400149 
                                                                  1194800400150 
 5.770  -04 1.2    -06 4.2    +01 1.0    +01            127.      1194800400151 
 20.        1.         1.                                         1194800400152 
 5.880  -04 1.2    -06 9.0    +01 1.0    +01            142.      1194800400153 
 15.        1.                                                    1194800400154 
 6.090  -04 1.2    -06 4.3    +01 8.     +00            150.      1194800400155 
 30.        1.                                                    1194800400156 
 6.220  -04 1.2    -06                       6.0    +01           1194800400157 
                                                                  1194800400158 
 6.280  -04 1.3    -06                       1.0    +01           1194800400159 
                                                                  1194800400160 
 6.340  -04 1.3    -06 1.1    +00 3.     -01                      1194800400161 
                                                                  1194800400162 
 6.550  -04 1.3    -06 1.7    +01 3.     +00                      1194800400163 
                                                                  1194800400164 
 6.690  -04 1.4    -06                       8.0    +01           1194800400165 
                                                                  1194800400166 
 6.780  -04 1.4    -06                       1.20   +02           1194800400167 
                                                                  1194800400168 
 6.850  -04 1.4    -06 2.     +00 1.     +00                      1194800400169 
                                                                  1194800400170 
 6.980  -04 1.4    -06 2.6    +01 1.0    +01                      1194800400171 
                                                                  1194800400172 
 7.050  -04 1.5    -06 4.     +00 2.     +00                      1194800400173 
                                                                  1194800400174 
 7.280  -04 1.5    -06                       3.5    +01           1194800400175 
                                                                  1194800400176 
ENDDATA            162          0                                 1194800400177 
ENDSUBENT          176          0                                 1194800499999 
NOSUBENT      11948005   19830802                             00001194800500001 
SUBENT        11948006   19830802                             00001194800600001 
BIB                  2          2                                 1194800600002 
REACTION   (47-AG-0(N,0),,D)                                      1194800600003 
ANALYSIS   (AREA)     AREA ANALYSIS                               1194800600004 
ENDBIB               2          0                                 1194800600005 
NOCOMMON             0          0                                 1194800600006 
DATA                 3          1                                 1194800600007 
EN-MIN     EN-MAX     DATA-APRX                                   1194800600008 
MEV        MEV        EV                                          1194800600009 
 0.         6.0    -04 8.5    +00                                 1194800600010 
ENDDATA              3          0                                 1194800600011 
ENDSUBENT           10          0                                 1194800699999 
SUBENT        11948007   19830802                             00001194800700001 
BIB                  2          2                                 1194800700002 
REACTION   (47-AG-0(N,EL),,STF)                                   1194800700003 
ANALYSIS   (AREA)     AREA ANALYSIS                               1194800700004 
ENDBIB               2          0                                 1194800700005 
NOCOMMON             0          0                                 1194800700006 
DATA                 5          1                                 1194800700007 
EN-MIN     EN-MAX     DATA       DATA-ERR   MOMENTUM L            1194800700008 
MEV        MEV        NO-DIM     NO-DIM     NO-DIM                1194800700009 
 0.         7.28   -04 5.1    -05 9.     -06 0.                   1194800700010 
ENDDATA              3          0                                 1194800700011 
ENDSUBENT           10          0                                 1194800799999 
SUBENT        11948008   19830802                             00001194800800001 
BIB                  1          4                                 1194800800002 
REACTION  1(73-TA-181(N,0),,EN)                                   1194800800003 
          2(73-TA-181(N,EL),,WID,,2G)                             1194800800004 
          3(73-TA-181(N,G),,WID)                                  1194800800005 
          4(73-TA-181(N,EL),,WID/RED,,2G)                         1194800800006 
ENDBIB               4          0                                 1194800800007 
COMMON               1          3                                 1194800800008 
MOMENTUM L                                                        1194800800009 
NO-DIM                                                            1194800800010 
 0.                                                               1194800800011 
ENDCOMMON            3          0                                 1194800800012 
DATA                10         62                                 1194800800013 
DATA      1DATA-ERR  1DATA      2DATA-ERR  2DATA-APRX 2DATA      31194800800014 
DATA-ERR  3DATA      4DATA-ERR  4DATA-APRX 4                      1194800800015 
EV         EV         MILLI-EV   MILLI-EV   MILLI-EV   MILLI-EV   1194800800016 
MILLI-EV   MILLI-EV   MILLI-EV   MILLI-EV                         1194800800017 
  76.9        0.2       11.         1.7                  69.      1194800800018 
  20.         1.25       0.19                                     1194800800019 
  77.7        0.2        5.5        1.1                           1194800800020 
              0.62       0.12                                     1194800800021 
  79.0        0.2        2.2        0.4                           1194800800022 
  79.0        0.22       0.03                                     1194800800023 
  83.0        0.2       16.         2.                   58.      1194800800024 
   8.         1.76       0.22                                     1194800800025 
  85.2        0.2        4.4        0.4                  58.      1194800800026 
  12.         0.48       0.05                                     1194800800027 
  85.8        0.2                              0.3                1194800800028 
                                    0.03                          1194800800029 
  89.7        0.2        3.5        0.3                  55.      1194800800030 
  18.         0.37       0.03                                     1194800800031 
  91.5        0.2        2.4        0.2                           1194800800032 
              0.25       0.03                                     1194800800033 
  97.1        0.2        4.0        1.                            1194800800034 
              0.41       0.1                                      1194800800035 
  99.4        0.2      125.        25.                   50.      1194800800036 
  15.        12.6        2.5                                      1194800800037 
 103.6        0.2        1.0        0.2                           1194800800038 
              0.10       0.02                                     1194800800039 
 105.6        0.2       32.         3.                   46.      1194800800040 
  10.         3.1        0.3                                      1194800800041 
 115.2        0.2       48.         5.                   39.      1194800800042 
  12.         4.5        0.47                                     1194800800043 
 118.4        0.2        2.3        0.4                           1194800800044 
              0.21       0.037                                    1194800800045 
 126.6        0.2       45.         4.                   53.      1194800800046 
  10.         4.0        0.36                                     1194800800047 
 136.6        0.3       25.         5.                   55.      1194800800048 
  14.         2.1        0.4                                      1194800800049 
 138.5        0.3       13.         2.                   66.      1194800800050 
  20.         1.1        0.17                                     1194800800051 
 144.3        0.3        1.7        0.3                           1194800800052 
              0.14       0.025                                    1194800800053 
 148.5        0.3        4.8        0.5                           1194800800054 
              0.394      0.041                                    1194800800055 
 149.5        0.3        6.0        0.6                           1194800800056 
              0.49       0.05                                     1194800800057 
 160.0        0.3        0.35       0.08                          1194800800058 
              0.028      0.006                                    1194800800059 
 166.5        0.3        9.0        1.0                           1194800800060 
              0.70       0.08                                     1194800800061 
 175.2        0.3                             90.                 1194800800062 
                                    6.8                           1194800800063 
 176.0        0.4                             50.                 1194800800064 
                                    3.8                           1194800800065 
 178.7        0.4        1.0        0.5                           1194800800066 
              0.075      0.04                                     1194800800067 
 182.7        0.4        0.85       0.11                          1194800800068 
              0.063      0.008                                    1194800800069 
 185.8        0.4        0.60       0.10                          1194800800070 
              0.044      0.007                                    1194800800071 
 189.5        0.4        0.70       0.11                          1194800800072 
              0.051      0.008                                    1194800800073 
 195.0        0.5       74.        10.                            1194800800074 
              5.3        0.7                                      1194800800075 
 200.5        0.4       40.         5.                   63.      1194800800076 
  10.         2.8        0.4                                      1194800800077 
 204.9        0.4        2.9        0.3                           1194800800078 
              0.20       0.02                                     1194800800079 
 208.5        0.4       13.         2.                            1194800800080 
              0.90       0.14                                     1194800800081 
 215.5        0.4       43.         6.5                  65.      1194800800082 
  16.         2.93       0.45                                     1194800800083 
 217.0        0.4       15.         6.                            1194800800084 
              1.02       0.4                                      1194800800085 
 220.0        0.4       17.5        2.6                           1194800800086 
              1.18       0.18                                     1194800800087 
 222.5        0.5        1.8        0.36                 52.      1194800800088 
  13.         0.120      0.024                                    1194800800089 
 225.5        0.5       28.         4.2                           1194800800090 
              1.86       0.28                                     1194800800091 
 230.8        0.5       32.         8.                            1194800800092 
              2.1        0.5                                      1194800800093 
 232.5        0.5       65.        16.                            1194800800094 
              4.3        1.1                                      1194800800095 
 237.5        0.5        1.4        0.3                           1194800800096 
              0.09       0.02                                     1194800800097 
 243.0        0.5       10.0        2.0                           1194800800098 
              0.64       0.13                                     1194800800099 
 247.0        0.5        7.3        1.1                           1194800800100 
              0.47       0.07                                     1194800800101 
 248.5        0.5        1.4        0.4                           1194800800102 
              0.089      0.031                                    1194800800103 
 253.3        0.5        0.3        0.06                          1194800800104 
              0.019      0.004                                    1194800800105 
 259.5        0.5       11.0        1.7                           1194800800106 
              0.685      0.10                                     1194800800107 
 260.0        0.5        0.6        0.3                           1194800800108 
              0.037      0.02                                     1194800800109 
 263.5        0.5       95.        24.                            1194800800110 
              5.86       1.50                                     1194800800111 
 264.5        0.5       14.         4.                            1194800800112 
              0.86       0.26                                     1194800800113 
 272.2        0.5       14.         4.                            1194800800114 
              0.85       0.26                                     1194800800115 
 274.0        0.5      100.        25.                            1194800800116 
              6.05       1.5                                      1194800800117 
 277.5        0.6       25.         8.                            1194800800118 
              1.50       0.45                                     1194800800119 
 280.5        0.6       30.         6.                            1194800800120 
              1.79       0.36                                     1194800800121 
 288.2        0.6       27.         6.                            1194800800122 
              1.59       0.32                                     1194800800123 
 291.0        0.6                             18.                 1194800800124 
                                    1.06                          1194800800125 
 291.5        0.6                             18.                 1194800800126 
                                    1.06                          1194800800127 
 304.5        0.6        2.7        0.7                           1194800800128 
              0.155      0.04                                     1194800800129 
 306.5        0.6       31.         8.                            1194800800130 
              1.77       0.45                                     1194800800131 
 312.0        0.6       25.         6.                            1194800800132 
              1.41       0.35                                     1194800800133 
 313.8        0.6       40.        10.                            1194800800134 
              2.25       0.56                                     1194800800135 
 323.0        0.6        6.0        0.9                           1194800800136 
              0.334      0.05                                     1194800800137 
 329.0        0.7       25.        12.                            1194800800138 
              1.38       0.7                                      1194800800139 
 329.5        0.7       45.        22.                            1194800800140 
              2.48       1.2                                      1194800800141 
ENDDATA            128          0                                 1194800800142 
ENDSUBENT          141          0                                 1194800899999 
SUBENT        11948009   19830802                             00001194800900001 
BIB                  2          7                                 1194800900002 
REACTION  1(79-AU-197(N,0),,EN)                                   1194800900003 
          2(79-AU-197(N,EL),,WID,,2G)                             1194800900004 
          3(79-AU-197(N,G),,WID)                                  1194800900005 
          4(79-AU-197(N,0),,J)                                    1194800900006 
          5(79-AU-197(N,EL),,WID/RED,,2G)                         1194800900007 
FLAG       (1.) SPIN ASSIGNMENT UNCERTAIN                         1194800900008 
           (2.) PROBABLY DOUBLET                                  1194800900009 
ENDBIB               7          0                                 1194800900010 
COMMON               1          3                                 1194800900011 
MOMENTUM L                                                        1194800900012 
NO-DIM                                                            1194800900013 
 0.                                                               1194800900014 
ENDCOMMON            3          0                                 1194800900015 
DATA                12         55                                 1194800900016 
DATA      1DATA-ERR  1DATA      2DATA-ERR  2DATA-APRX 2DATA      31194800900017 
DATA-ERR  3DATA      4DATA      5DATA-ERR  5DATA-APRX 5FLAG       1194800900018 
EV         EV         MILLI-EV   MILLI-EV   MILLI-EV   MILLI-EV   1194800900019 
MILLI-EV   NO-DIM     MILLI-EV   MILLI-EV   MILLI-EV   NO-DIM     1194800900020 
  46.7        0.08       0.11       0.02                          1194800900021 
                         0.016      0.003                         1194800900022 
  58.2        0.1        4.7        0.7                 143.      1194800900023 
  30.                    0.62       0.09                          1194800900024 
  60.3        0.1       95.        15.                  120.      1194800900025 
  20.         2.        12.2        1.9                   1.      1194800900026 
  78.7        0.2       13.         1.                  145.      1194800900027 
  15.                    1.47       0.11                          1194800900028 
 107.3        0.2        9.3        0.5                 165.      1194800900029 
  15.                    0.90       0.05                          1194800900030 
 122.6        0.2        0.8        0.1                           1194800900031 
                         0.072      0.009                         1194800900032 
 144.8        0.3        6.5        0.6                 190.      1194800900033 
  20.                    0.54       0.05                          1194800900034 
 151.8        0.3       29.         3.                  179.      1194800900035 
  30.         2.         2.36       0.24                          1194800900036 
 163.6        0.3       40.        10.                            1194800900037 
                         3.12       0.78                          1194800900038 
 165.6        0.3       12.         3.                            1194800900039 
                         0.93       0.23                          1194800900040 
 190.7        0.4       27.         4.                  189.      1194800900041 
  20.         1.         1.95       0.29                  1.      1194800900042 
 209.6        0.4        0.72       0.07                          1194800900043 
                         0.050      0.005                         1194800900044 
 241.4        0.5       85.         6.                  185.      1194800900045 
  20.         2.         5.5        0.4                           1194800900046 
 256.2        0.5        0.6        0.1                           1194800900047 
                         0.037      0.006                         1194800900048 
 263.4        0.5      113.         6.                  136.      1194800900049 
  15.         1.         6.95       0.37                          1194800900050 
 275.0        0.5        5.0        1.0                 127.      1194800900051 
  50.                    0.30       0.06                          1194800900052 
 294.5        0.6      400.        60.                  250.      1194800900053 
  80.                   23.3        3.5                           1194800900054 
 330.5        0.7      200.       100.                            1194800900055 
                        11.0        5.5                           1194800900056 
 332.5        0.7       60.        30.                            1194800900057 
                         3.3        1.6                           1194800900058 
 357.         0.7       51.         3.                  177.      1194800900059 
  25.         2.         2.70       0.16                          1194800900060 
 373.         0.7      115.        15.                            1194800900061 
                         5.95       0.78                          1194800900062 
 377.         0.8       12.         6.                            1194800900063 
                         0.62       0.31                          1194800900064 
 384.         0.8       90.         9.                            1194800900065 
                         4.60       0.46                          1194800900066 
 403.         0.8       26.         4.                  590.      1194800900067 
  80.                    1.30       0.20                  2.      1194800900068 
 442.         0.9      230.        30.                  280.      1194800900069 
  70.         1.        10.9        1.4                   1.      1194800900070 
 453.         0.9       90.        12.                  250.      1194800900071 
  50.         1.         4.23       0.56                  1.      1194800900072 
 479.         1.0      376.        40.                  180.      1194800900073 
  70.         2.        17.2        1.8                           1194800900074 
 492.         1.0       45.        10.                            1194800900075 
                         2.03       0.45                          1194800900076 
 496.         1.0       15.         4.                            1194800900077 
                         0.67       0.18                          1194800900078 
 538.         1.1       39.         5.                  280.      1194800900079 
  50.                    1.68       0.22                          1194800900080 
 551.         1.1       36.         4.                  282.      1194800900081 
  40.                    1.53       0.17                          1194800900082 
 565.         1.1        3.3        0.4                           1194800900083 
                         0.139      0.017                         1194800900084 
 583.         1.2      370.        50.                            1194800900085 
                        15.3        2.1                           1194800900086 
 590.         1.2       30.        15.                            1194800900087 
                         1.23       0.62                          1194800900088 
 606.         1.2      248.        20.                  140.      1194800900089 
  15.         2.        10.1        0.8                           1194800900090 
 621.         1.2       83.         8.                  160.      1194800900091 
  40.         1.         3.32       0.32                  1.      1194800900092 
 628.         1.3       60.        20.                            1194800900093 
                         2.40       0.80                          1194800900094 
 632.         1.3       35.        15.                            1194800900095 
                         1.39       0.60                          1194800900096 
 644.         1.3      490.        60.                  270.      1194800900097 
 100.         1.        19.3        2.4                   1.      1194800900098 
 664.         1.4        6.         1.                            1194800900099 
                         0.23       0.04                          1194800900100 
 691.         1.4       10.         3.                            1194800900101 
                         0.38       0.11                          1194800900102 
 702.         1.5                            400.                 1194800900103 
                                              15.1                1194800900104 
 706.         1.5                            240.                 1194800900105 
                                               9.0                1194800900106 
 721.         1.5      108.        12.                  210.      1194800900107 
  35.         2.         4.0        0.4                           1194800900108 
 743.         1.6       11.         3.                            1194800900109 
                         0.40       0.11                          1194800900110 
 766.         1.6      320.        40.                  154.      1194800900111 
  60.         1.        11.6        1.4                           1194800900112 
 781.         1.7      148.        40.                            1194800900113 
                         5.3        1.4                           1194800900114 
 791.         1.8      125.        25.                  170.      1194800900115 
  40.                    4.4        0.9                           1194800900116 
 803.         1.8      214.        43.                  217.      1194800900117 
 100.         1.         7.55       1.52                  1.      1194800900118 
 819.         1.8                             40.                 1194800900119 
                                               1.4                1194800900120 
 825.         1.9                            150.                 1194800900121 
                                               5.2                1194800900122 
 831.         1.9                            150.                 1194800900123 
                                               5.2                1194800900124 
 871.         2.0       16.         4.                  150.      1194800900125 
  70.                    0.54       0.14                          1194800900126 
 886.         2.1       65.        10.                  125.      1194800900127 
  50.                    2.18       0.34                          1194800900128 
 940.         2.3      540.        90.                  110.      1194800900129 
              2.        17.6        2.9                   1.      1194800900130 
ENDDATA            114          0                                 1194800900131 
ENDSUBENT          130          0                                 1194800999999 
ENDENTRY             9          0                                 1194899999999 
