ENTRY            11981   20090507                             13531198100000001 
SUBENT        11981001   20090507                             13531198100100001 
BIB                  6         10                                 1198100100002 
INSTITUTE  (1USAORL)                                              1198100100003 
TITLE      No title                                               1198100100004 
REFERENCE  (P,WASH-1041,30,196210)                                1198100100005 
AUTHOR     (R.L.Macklin,T.Inada,J.H.Gibbons)                      1198100100006 
STATUS     (SCSRS)                                                1198100100007 
           Data taken from private comm., Gibbons, 64/3.          1198100100008 
HISTORY    (19760802T) Translated from SCISRS                     1198100100009 
           (19830802A) Converted to reaction formalism            1198100100010 
           (19860407A) BIB update.                                1198100100011 
           (20090108U) Virtual title added                        1198100100012 
ENDBIB              10          0                                 1198100100013 
NOCOMMON             0          0                                 1198100100014 
ENDSUBENT           13          0                                 1198100199999 
SUBENT        11981002   19830802                             00001198100200001 
BIB                  1          1                                 1198100200002 
REACTION   (50-SN-116(N,G)50-SN-117,,SIG)                         1198100200003 
ENDBIB               1          0                                 1198100200004 
NOCOMMON             0          0                                 1198100200005 
DATA                 3         17                                 1198100200006 
EN         DATA       DATA-ERR                                    1198100200007 
MEV        B          B                                           1198100200008 
 9.3    -03 2.60   -01                                            1198100200009 
 1.00   -02 1.70   -01 6.0    -02                                 1198100200010 
 1.09   -02 1.79   -01                                            1198100200011 
 1.16   -02 2.00   -01                                            1198100200012 
 1.27   -02 2.16   -01                                            1198100200013 
 1.38   -02 1.59   -01                                            1198100200014 
 1.51   -02 1.53   -01                                            1198100200015 
 1.67   -02 1.44   -01                                            1198100200016 
 1.85   -02 1.65   -01 3.5    -02                                 1198100200017 
 2.05   -02 1.345  -01                                            1198100200018 
 2.28   -02 1.205  -01                                            1198100200019 
 2.55   -02 1.32   -01                                            1198100200020 
 2.88   -02 1.205  -01                                            1198100200021 
 3.27   -02 1.08   -01                                            1198100200022 
 3.87   -02 9.1    -02                                            1198100200023 
 4.25   -02 7.5    -02 1.6    -02                                 1198100200024 
 5.17   -02 6.7    -02                                            1198100200025 
ENDDATA             19          0                                 1198100200026 
ENDSUBENT           25          0                                 1198100299999 
SUBENT        11981003   19830802                             00001198100300001 
BIB                  1          1                                 1198100300002 
REACTION   (50-SN-117(N,G)50-SN-118,,SIG)                         1198100300003 
ENDBIB               1          0                                 1198100300004 
NOCOMMON             0          0                                 1198100300005 
DATA                 3         18                                 1198100300006 
EN         DATA       DATA-ERR                                    1198100300007 
MEV        B          B                                           1198100300008 
 8.7    -03 8.35   -01                                            1198100300009 
 9.3    -03 8.00   -01 2.20   -01                                 1198100300010 
 1.00   -02 9.60   -01                                            1198100300011 
 1.10   -02 7.55   -01                                            1198100300012 
 1.18   -02 6.90   -01 1.55   -01                                 1198100300013 
 1.275  -02 6.30   -01                                            1198100300014 
 1.38   -02 7.10   -01                                            1198100300015 
 1.52   -02 6.90   -01 1.40   -01                                 1198100300016 
 1.675  -02 6.45   -01                                            1198100300017 
 1.85   -02 6.05   -01                                            1198100300018 
 2.05   -02 5.50   -01                                            1198100300019 
 2.28   -02 4.90   -01                                            1198100300020 
 2.55   -02 4.80   -01                                            1198100300021 
 2.88   -02 4.32   -01                                            1198100300022 
 3.25   -02 3.78   -01 7.8    -02                                 1198100300023 
 3.85   -02 3.84   -01                                            1198100300024 
 4.25   -02 3.27   -01                                            1198100300025 
 5.15   -02 3.03   -01                                            1198100300026 
ENDDATA             20          0                                 1198100300027 
ENDSUBENT           26          0                                 1198100399999 
SUBENT        11981004   19830802                             00001198100400001 
BIB                  1          1                                 1198100400002 
REACTION   (50-SN-118(N,G)50-SN-119,,SIG)                         1198100400003 
ENDBIB               1          0                                 1198100400004 
NOCOMMON             0          0                                 1198100400005 
DATA                 3         19                                 1198100400006 
EN         DATA       DATA-ERR                                    1198100400007 
MEV        B          B                                           1198100400008 
 8.7    -03 2.850  -01                                            1198100400009 
 9.3    -03 2.360  -01 8.40   -02                                 1198100400010 
 1.00   -02 1.300  -01                                            1198100400011 
 1.09   -02 1.960  -01                                            1198100400012 
 1.16   -02 8.20   -02 2.30   -02                                 1198100400013 
 1.27   -02 1.000  -01                                            1198100400014 
 1.40   -02 1.100  -01                                            1198100400015 
 1.52   -02 6.40   -02 1.60   -02                                 1198100400016 
 1.67   -02 8.20   -02                                            1198100400017 
 1.90   -02 9.30   -02                                            1198100400018 
 2.05   -02 7.50   -02                                            1198100400019 
 2.28   -02 6.30   -02                                            1198100400020 
 2.55   -02 7.90   -02                                            1198100400021 
 2.88   -02 6.30   -02                                            1198100400022 
 3.24   -02 6.25   -02 1.40   -02                                 1198100400023 
 3.85   -02 5.50   -02                                            1198100400024 
 4.25   -02 4.85   -02                                            1198100400025 
 5.20   -02 3.90   -02                                            1198100400026 
 5.85   -02 3.40   -02                                            1198100400027 
ENDDATA             21          0                                 1198100400028 
ENDSUBENT           27          0                                 1198100499999 
SUBENT        11981005   19830802                             00001198100500001 
BIB                  1          1                                 1198100500002 
REACTION   (50-SN-119(N,G)50-SN-120,,SIG)                         1198100500003 
ENDBIB               1          0                                 1198100500004 
NOCOMMON             0          0                                 1198100500005 
DATA                 3         18                                 1198100500006 
EN         DATA       DATA-ERR                                    1198100500007 
MEV        B          B                                           1198100500008 
 8.7    -03 1.060  +00                                            1198100500009 
 9.3    -03 7.70   -01 2.00   -01                                 1198100500010 
 1.00   -02 5.050  -01                                            1198100500011 
 1.09   -02 5.950  -01                                            1198100500012 
 1.17   -02 6.65   -01 1.55   -01                                 1198100500013 
 1.28   -02 5.950  -01                                            1198100500014 
 1.39   -02 4.780  -01                                            1198100500015 
 1.52   -02 4.85   -01 1.05   -01                                 1198100500016 
 1.66   -02 4.650  -01                                            1198100500017 
 1.85   -02 3.950  -01                                            1198100500018 
 2.05   -02 4.180  -01                                            1198100500019 
 2.29   -02 3.470  -01                                            1198100500020 
 2.55   -02 3.380  -01                                            1198100500021 
 2.88   -02 2.750  -01                                            1198100500022 
 3.27   -02 2.34   -01 4.4    -02                                 1198100500023 
 3.83   -02 2.030  -01                                            1198100500024 
 4.28   -02 1.840  -01                                            1198100500025 
 5.19   -02 1.420  -01                                            1198100500026 
ENDDATA             20          0                                 1198100500027 
ENDSUBENT           26          0                                 1198100599999 
SUBENT        11981006   19830802                             00001198100600001 
BIB                  1          1                                 1198100600002 
REACTION   (50-SN-120(N,G)50-SN-121,,SIG)                         1198100600003 
ENDBIB               1          0                                 1198100600004 
NOCOMMON             0          0                                 1198100600005 
DATA                 3         17                                 1198100600006 
EN         DATA       DATA-ERR                                    1198100600007 
MEV        B          B                                           1198100600008 
 9.3    -03 8.60   -02 7.6    -03                                 1198100600009 
 1.00   -02 1.290  -01                                            1198100600010 
 1.10   -02 1.110  -01                                            1198100600011 
 1.16   -02 4.40   -02 2.40   -02                                 1198100600012 
 1.27   -02 4.95   -02                                            1198100600013 
 1.38   -02 4.37   -02                                            1198100600014 
 1.53   -02 4.50   -02                                            1198100600015 
 1.67   -02 6.40   -02                                            1198100600016 
 1.85   -02 5.65   -02                                            1198100600017 
 2.05   -02 4.30   -02                                            1198100600018 
 2.30   -02 4.87   -02                                            1198100600019 
 2.55   -02 4.15   -02                                            1198100600020 
 2.87   -02 4.55   -02                                            1198100600021 
 3.26   -02 3.70   -02                                            1198100600022 
 3.85   -02 3.32   -02                                            1198100600023 
 4.26   -02 3.50   -02 3.0    -03                                 1198100600024 
 5.15   -02 2.75   -02                                            1198100600025 
ENDDATA             19          0                                 1198100600026 
ENDSUBENT           25          0                                 1198100699999 
ENDENTRY             6          0                                 1198199999999 
