ENTRY            12027   19830802                             00001202700000001 
SUBENT        12027001   19830802                             00001202700100001 
BIB                  7          8                                 1202700100002 
INSTITUTE  (1USAANL)                                              1202700100003 
REFERENCE  (J,PR,89,904,5302)                                     1202700100004 
AUTHOR     (S.P.HARRIS)                                           1202700100005 
TITLE      NEUTRON RESONANCES IN XENON.                           1202700100006 
METHOD     (TOF) TIME-OF-FLIGHT                                   1202700100007 
STATUS     (SCSRS)                                                1202700100008 
HISTORY    (760802T) TRANSLATED FROM SCISRS                       1202700100009 
           (830802A) CONVERTED TO REACTION FORMALISM              1202700100010 
ENDBIB               8          0                                 1202700100011 
NOCOMMON             0          0                                 1202700100012 
ENDSUBENT           11          0                                 1202700199999 
SUBENT        12027002   19830802                             00001202700200001 
BIB                  2          2                                 1202700200002 
REACTION   (54-XE-0(N,TOT),,SIG)                                  1202700200003 
SAMPLE     SAMPLE THICKNESS 0.260GM/CM2.                          1202700200004 
ENDBIB               2          0                                 1202700200005 
COMMON               1          3                                 1202700200006 
EN-RSL                                                            1202700200007 
MICROSEC/M                                                        1202700200008 
 1.0                                                              1202700200009 
ENDCOMMON            3          0                                 1202700200010 
DATA                 2         55                                 1202700200011 
EN         DATA                                                   1202700200012 
MEV        B                                                      1202700200013 
 6.28   -06 2.52   +01                                            1202700200014 
 6.75   -06 5.39   +01                                            1202700200015 
 7.12   -06 4.69   +01                                            1202700200016 
 7.45   -06 3.38   +01                                            1202700200017 
 7.79   -06 3.38   +01                                            1202700200018 
 8.3    -06 2.52   +01                                            1202700200019 
 8.55   -06 3.82   +01                                            1202700200020 
 8.66   -06 1.75   +02                                            1202700200021 
 8.87   -06 3.08   +02                                            1202700200022 
 9.10   -06 4.96   +02                                            1202700200023 
 9.30   -06 4.11   +02                                            1202700200024 
 9.57   -06 2.28   +02                                            1202700200025 
 9.83   -06 6.92   +01                                            1202700200026 
 1.03   -05 8.75   +01                                            1202700200027 
 1.06   -05 2.02   +01                                            1202700200028 
 1.09   -05 4.25   +01                                            1202700200029 
 1.12   -05 2.02   +01                                            1202700200030 
 1.15   -05 1.16   +02                                            1202700200031 
 1.18   -05 8.75   +01                                            1202700200032 
 1.22   -05 1.85   +02                                            1202700200033 
 1.25   -05 2.17   +02                                            1202700200034 
 1.29   -05 3.84   +02                                            1202700200035 
 1.34   -05 8.30   +02                                            1202700200036 
 1.37   -05 1.573  +03                                            1202700200037 
 1.41   -05 1.912  +03                                            1202700200038 
 1.46   -05 1.151  +03                                            1202700200039 
 1.52   -05 4.96   +02                                            1202700200040 
 1.56   -05 2.50   +02                                            1202700200041 
 1.62   -05 1.06   +02                                            1202700200042 
 1.70   -05 8.37   +01                                            1202700200043 
 1.83   -05 3.38   +01                                            1202700200044 
 1.96   -05 5.57   +01                                            1202700200045 
 2.20   -05 1.51   +01                                            1202700200046 
 2.48   -05 2.10   +01                                            1202700200047 
 2.69   -05 2.95   +01                                            1202700200048 
 2.94   -05 3.38   +01                                            1202700200049 
 3.28   -05 4.25   +01                                            1202700200050 
 4.02   -05 2.52   +01                                            1202700200051 
 4.74   -05 4.87   +01                                            1202700200052 
 5.69   -05 2.78   +01                                            1202700200053 
 6.68   -05 4.25   +01                                            1202700200054 
 7.69   -05 3.38   +01                                            1202700200055 
 8.95   -05 3.38   +01                                            1202700200056 
 1.05   -04 2.52   +01                                            1202700200057 
 1.23   -04 3.82   +01                                            1202700200058 
 1.53   -04 2.10   +01                                            1202700200059 
 1.90   -04 3.82   +01                                            1202700200060 
 2.42   -04 3.38   +01                                            1202700200061 
 3.19   -04 3.82   +01                                            1202700200062 
 4.39   -04 2.02   +01                                            1202700200063 
 6.45   -04 2.52   +01                                            1202700200064 
 8.07   -04 3.38   +01                                            1202700200065 
 1.38   -03 2.52   +01                                            1202700200066 
 2.87   -03 2.02   +01                                            1202700200067 
 9.3    -03 2.52   +01                                            1202700200068 
ENDDATA             57          0                                 1202700200069 
ENDSUBENT           68          0                                 1202700299999 
SUBENT        12027003   19830802                             00001202700300001 
BIB                  1          2                                 1202700300002 
REACTION  1(54-XE-0(N,0),,EN)                                     1202700300003 
          2(54-XE-0(N,TOT),,WID,,SQ/S0)                           1202700300004 
ENDBIB               2          0                                 1202700300005 
NOCOMMON             0          0                                 1202700300006 
DATA                 3          2                                 1202700300007 
DATA      1DATA-ERR  1DATA-APRX 2                                 1202700300008 
EV         EV         B*EV-SQ                                     1202700300009 
  9.3        0.2                                                  1202700300010 
 13.9        0.2       1.0    +03                                 1202700300011 
ENDDATA              4          0                                 1202700300012 
ENDSUBENT           11          0                                 1202700399999 
ENDENTRY             3          0                                 1202799999999 
