ENTRY            12097   19821012                             00001209700000001 
SUBENT        12097001   19821012                             00001209700100001 
BIB                  7          9                                 1209700100002 
INSTITUTE  (1USABNL)                                              1209700100003 
REFERENCE  (J,NSE,8,183,6009)                                     1209700100004 
           (W,MOLLER,6005) TABULATED DATA                         1209700100005 
AUTHOR     (H.B.MOLLER,F.J.SHORE,V.L.SAILOR)                      1209700100006 
TITLE      LOW ENERGY NEUTRON RESONANCES IN ERBIUM AND GADOLINIUM.1209700100007 
FACILITY   (SPECC) CRYSTAL SPECTROMETER                           1209700100008 
STATUS     (SCSRS)                                                1209700100009 
HISTORY    (760803T) TRANSLATED FROM SCISRS                       1209700100010 
           (821012A) CONVERTED TO REACTION FORMALISM              1209700100011 
ENDBIB               9          0                                 1209700100012 
NOCOMMON             0          0                                 1209700100013 
ENDSUBENT           12          0                                 1209700199999 
SUBENT        12097002   19821012                             00001209700200001 
BIB                  1          1                                 1209700200002 
REACTION   (64-GD-0(N,TOT),,SIG)                                  1209700200003 
ENDBIB               1          0                                 1209700200004 
NOCOMMON             0          0                                 1209700200005 
DATA                 2         50                                 1209700200006 
EN         DATA                                                   1209700200007 
MEV        B                                                      1209700200008 
 1.95   -08 5.4000 +04                                            1209700200009 
 2.16   -08 5.1980 +04                                            1209700200010 
 2.41   -08 4.9800 +04                                            1209700200011 
 2.73   -08 4.7150 +04                                            1209700200012 
 3.09   -08 4.4600 +04                                            1209700200013 
 3.47   -08 4.1740 +04                                            1209700200014 
 3.72   -08 3.9880 +04                                            1209700200015 
 4.00   -08 3.7950 +04                                            1209700200016 
 4.20   -08 3.6760 +04                                            1209700200017 
 4.37   -08 3.5790 +04                                            1209700200018 
 4.55   -08 3.4670 +04                                            1209700200019 
 4.83   -08 3.2610 +04                                            1209700200020 
 5.14   -08 3.0370 +04                                            1209700200021 
 5.37   -08 2.9000 +04                                            1209700200022 
 5.60   -08 2.7290 +04                                            1209700200023 
 5.99   -08 2.4790 +04                                            1209700200024 
 6.43   -08 2.2300 +04                                            1209700200025 
 6.99   -08 1.9310 +04                                            1209700200026 
 7.28   -08 1.8010 +04                                            1209700200027 
 7.69   -08 1.6150 +04                                            1209700200028 
 7.91   -08 1.5350 +04                                            1209700200029 
 8.14   -08 1.4515 +04                                            1209700200030 
 8.45   -08 1.3430 +04                                            1209700200031 
 8.71   -08 1.2460 +04                                            1209700200032 
 9.32   -08 1.0905 +04                                            1209700200033 
 9.61   -08 1.0042 +04                                            1209700200034 
 1.008  -07 8.948  +03                                            1209700200035 
 1.042  -07 8.391  +03                                            1209700200036 
 1.095  -07 7.483  +03                                            1209700200037 
 1.134  -07 6.875  +03                                            1209700200038 
 1.174  -07 6.250  +03                                            1209700200039 
 1.227  -07 5.633  +03                                            1209700200040 
 1.285  -07 5.064  +03                                            1209700200041 
 1.334  -07 4.585  +03                                            1209700200042 
 1.385  -07 4.199  +03                                            1209700200043 
 1.457  -07 3.635  +03                                            1209700200044 
 1.516  -07 3.266  +03                                            1209700200045 
 1.579  -07 2.951  +03                                            1209700200046 
 1.646  -07 2.610  +03                                            1209700200047 
 1.718  -07 2.359  +03                                            1209700200048 
 1.794  -07 2.122  +03                                            1209700200049 
 1.876  -07 1.886  +03                                            1209700200050 
 1.963  -07 1.703  +03                                            1209700200051 
 2.057  -07 1.478  +03                                            1209700200052 
 2.157  -07 1.338  +03                                            1209700200053 
 2.266  -07 1.204  +03                                            1209700200054 
 2.382  -07 1.032  +03                                            1209700200055 
 2.508  -07 9.08   +02                                            1209700200056 
 2.645  -07 8.91   +02                                            1209700200057 
 2.793  -07 6.83   +02                                            1209700200058 
ENDDATA             52          0                                 1209700200059 
ENDSUBENT           58          0                                 1209700299999 
SUBENT        12097003   19821012                             00001209700300001 
BIB                  2          2                                 1209700300002 
REACTION   (64-GD-155(N,TOT),,SIG)                                1209700300003 
SAMPLE     SAMPLE ENRICHED TO 74.1PERCENT GD155.                  1209700300004 
ENDBIB               2          0                                 1209700300005 
NOCOMMON             0          0                                 1209700300006 
DATA                 2         50                                 1209700300007 
EN         DATA                                                   1209700300008 
MEV        B                                                      1209700300009 
 1.95   -08 6.7700 +04                                            1209700300010 
 2.16   -08 6.4800 +04                                            1209700300011 
 2.41   -08 6.1550 +04                                            1209700300012 
 2.73   -08 5.8500 +04                                            1209700300013 
 3.09   -08 5.4800 +04                                            1209700300014 
 3.47   -08 5.0600 +04                                            1209700300015 
 3.72   -08 4.7900 +04                                            1209700300016 
 4.00   -08 4.5600 +04                                            1209700300017 
 4.20   -08 4.3750 +04                                            1209700300018 
 4.37   -08 4.1900 +04                                            1209700300019 
 4.55   -08 4.0400 +04                                            1209700300020 
 4.83   -08 3.8300 +04                                            1209700300021 
 5.14   -08 3.5350 +04                                            1209700300022 
 5.37   -08 3.3500 +04                                            1209700300023 
 5.60   -08 3.1750 +04                                            1209700300024 
 5.99   -08 2.8650 +04                                            1209700300025 
 6.43   -08 2.5500 +04                                            1209700300026 
 6.99   -08 2.2220 +04                                            1209700300027 
 7.28   -08 2.0700 +04                                            1209700300028 
 7.69   -08 1.8600 +04                                            1209700300029 
 7.91   -08 1.7600 +04                                            1209700300030 
 8.14   -08 1.6670 +04                                            1209700300031 
 8.45   -08 1.5420 +04                                            1209700300032 
 8.71   -08 1.4290 +04                                            1209700300033 
 9.32   -08 1.2480 +04                                            1209700300034 
 9.61   -08 1.1650 +04                                            1209700300035 
 1.008  -07 1.0530 +04                                            1209700300036 
 1.042  -07 9.750  +03                                            1209700300037 
 1.095  -07 8.680  +03                                            1209700300038 
 1.134  -07 8.010  +03                                            1209700300039 
 1.174  -07 7.370  +03                                            1209700300040 
 1.227  -07 6.650  +03                                            1209700300041 
 1.285  -07 5.910  +03                                            1209700300042 
 1.334  -07 5.375  +03                                            1209700300043 
 1.385  -07 4.960  +03                                            1209700300044 
 1.457  -07 4.300  +03                                            1209700300045 
 1.516  -07 3.860  +03                                            1209700300046 
 1.579  -07 3.495  +03                                            1209700300047 
 1.646  -07 3.105  +03                                            1209700300048 
 1.718  -07 2.835  +03                                            1209700300049 
 1.794  -07 2.560  +03                                            1209700300050 
 1.876  -07 2.320  +03                                            1209700300051 
 1.963  -07 2.060  +03                                            1209700300052 
 2.057  -07 1.825  +03                                            1209700300053 
 2.157  -07 1.610  +03                                            1209700300054 
 2.266  -07 1.480  +03                                            1209700300055 
 2.382  -07 1.215  +03                                            1209700300056 
 2.508  -07 1.140  +03                                            1209700300057 
 2.645  -07 9.87   +02                                            1209700300058 
 2.793  -07 8.70   +02                                            1209700300059 
ENDDATA             52          0                                 1209700300060 
ENDSUBENT           59          0                                 1209700399999 
SUBENT        12097004   19821012                             00001209700400001 
BIB                  1          1                                 1209700400002 
REACTION   (64-GD-155(N,TOT),,SIG)                                1209700400003 
ENDBIB               1          0                                 1209700400004 
NOCOMMON             0          0                                 1209700400005 
DATA                 3          1                                 1209700400006 
EN         DATA       DATA-ERR                                    1209700400007 
MEV        B          B                                           1209700400008 
 2.53   -08 6.0600 +04 5.00   +02                                 1209700400009 
ENDDATA              3          0                                 1209700400010 
ENDSUBENT            9          0                                 1209700499999 
SUBENT        12097005   19821012                             00001209700500001 
BIB                  2          2                                 1209700500002 
REACTION   (64-GD-157(N,TOT),,SIG)                                1209700500003 
SAMPLE     SAMPLE ENRICHED TO 69.6PERCENT GD157.                  1209700500004 
ENDBIB               2          0                                 1209700500005 
NOCOMMON             0          0                                 1209700500006 
DATA                 2         50                                 1209700500007 
EN         DATA                                                   1209700500008 
MEV        B                                                      1209700500009 
 1.95   -08 2.800  +05                                            1209700500010 
 2.16   -08 2.700  +05                                            1209700500011 
 2.41   -08 2.590  +05                                            1209700500012 
 2.73   -08 2.450  +05                                            1209700500013 
 3.09   -08 2.325  +05                                            1209700500014 
 3.47   -08 2.180  +05                                            1209700500015 
 3.72   -08 2.090  +05                                            1209700500016 
 4.00   -08 1.985  +05                                            1209700500017 
 4.20   -08 1.930  +05                                            1209700500018 
 4.37   -08 1.887  +05                                            1209700500019 
 4.55   -08 1.825  +05                                            1209700500020 
 4.83   -08 1.715  +05                                            1209700500021 
 5.14   -08 1.600  +05                                            1209700500022 
 5.37   -08 1.530  +05                                            1209700500023 
 5.60   -08 1.440  +05                                            1209700500024 
 5.99   -08 1.310  +05                                            1209700500025 
 6.43   -08 1.180  +05                                            1209700500026 
 6.99   -08 1.020  +05                                            1209700500027 
 7.28   -08 9.520  +04                                            1209700500028 
 7.69   -08 8.540  +04                                            1209700500029 
 7.91   -08 8.120  +04                                            1209700500030 
 8.14   -08 7.660  +04                                            1209700500031 
 8.45   -08 7.100  +04                                            1209700500032 
 8.71   -08 6.590  +04                                            1209700500033 
 9.32   -08 5.710  +04                                            1209700500034 
 9.61   -08 5.300  +04                                            1209700500035 
 1.008  -07 4.770  +04                                            1209700500036 
 1.042  -07 4.430  +04                                            1209700500037 
 1.095  -07 3.950  +04                                            1209700500038 
 1.134  -07 3.620  +04                                            1209700500039 
 1.174  -07 3.290  +04                                            1209700500040 
 1.227  -07 2.960  +04                                            1209700500041 
 1.285  -07 2.665  +04                                            1209700500042 
 1.334  -07 2.415  +04                                            1209700500043 
 1.385  -07 2.205  +04                                            1209700500044 
 1.457  -07 1.910  +04                                            1209700500045 
 1.516  -07 1.715  +04                                            1209700500046 
 1.579  -07 1.550  +04                                            1209700500047 
 1.646  -07 1.370  +04                                            1209700500048 
 1.718  -07 1.235  +04                                            1209700500049 
 1.794  -07 1.110  +04                                            1209700500050 
 1.876  -07 9.83   +03                                            1209700500051 
 1.963  -07 8.90   +03                                            1209700500052 
 2.057  -07 7.68   +03                                            1209700500053 
 2.157  -07 7.00   +03                                            1209700500054 
 2.266  -07 6.27   +03                                            1209700500055 
 2.382  -07 5.42   +03                                            1209700500056 
 2.508  -07 4.73   +03                                            1209700500057 
 2.645  -07 4.11   +03                                            1209700500058 
 2.793  -07 3.53   +03                                            1209700500059 
ENDDATA             52          0                                 1209700500060 
ENDSUBENT           59          0                                 1209700599999 
SUBENT        12097006   19821012                             00001209700600001 
BIB                  1          1                                 1209700600002 
REACTION   (64-GD-157(N,TOT),,SIG)                                1209700600003 
ENDBIB               1          0                                 1209700600004 
NOCOMMON             0          0                                 1209700600005 
DATA                 3          1                                 1209700600006 
EN         DATA       DATA-ERR                                    1209700600007 
MEV        B          B                                           1209700600008 
 2.53   -08 2.540  +05 2.0    +03                                 1209700600009 
ENDDATA              3          0                                 1209700600010 
ENDSUBENT            9          0                                 1209700699999 
SUBENT        12097007   19821012                             00001209700700001 
BIB                  1          1                                 1209700700002 
REACTION   (68-ER-0(N,TOT),,SIG)                                  1209700700003 
ENDBIB               1          0                                 1209700700004 
NOCOMMON             0          0                                 1209700700005 
DATA                 2         86                                 1209700700006 
EN         DATA                                                   1209700700007 
MEV        B                                                      1209700700008 
 2.057  -07 1.375  +02                                            1209700700009 
 2.212  -07 1.49   +02                                            1209700700010 
 2.356  -07 1.61   +02                                            1209700700011 
 2.478  -07 1.75   +02                                            1209700700012 
 2.646  -07 1.95   +02                                            1209700700013 
 2.832  -07 2.21   +02                                            1209700700014 
 2.997  -07 2.525  +02                                            1209700700015 
 3.129  -07 2.86   +02                                            1209700700016 
 3.222  -07 3.19   +02                                            1209700700017 
 3.320  -07 3.62   +02                                            1209700700018 
 3.422  -07 4.04   +02                                            1209700700019 
 3.508  -07 4.43   +02                                            1209700700020 
 3.609  -07 5.03   +02                                            1209700700021 
 3.667  -07 5.44   +02                                            1209700700022 
 3.738  -07 6.18   +02                                            1209700700023 
 3.800  -07 6.75   +02                                            1209700700024 
 3.850  -07 7.35   +02                                            1209700700025 
 3.901  -07 8.04   +02                                            1209700700026 
 3.940  -07 8.69   +02                                            1209700700027 
 3.966  -07 9.25   +02                                            1209700700028 
 4.006  -07 9.61   +02                                            1209700700029 
 4.047  -07 1.068  +03                                            1209700700030 
 4.102  -07 1.222  +03                                            1209700700031 
 4.130  -07 1.278  +03                                            1209700700032 
 4.159  -07 1.327  +03                                            1209700700033 
 4.188  -07 1.400  +03                                            1209700700034 
 4.217  -07 1.500  +03                                            1209700700035 
 4.246  -07 1.552  +03                                            1209700700036 
 4.276  -07 1.682  +03                                            1209700700037 
 4.336  -07 1.878  +03                                            1209700700038 
 4.397  -07 2.050  +03                                            1209700700039 
 4.425  -07 2.110  +03                                            1209700700040 
 4.456  -07 2.180  +03                                            1209700700041 
 4.488  -07 2.200  +03                                            1209700700042 
 4.521  -07 2.290  +03                                            1209700700043 
 4.553  -07 2.325  +03                                            1209700700044 
 4.586  -07 2.340  +03                                            1209700700045 
 4.637  -07 2.310  +03                                            1209700700046 
 4.688  -07 2.235  +03                                            1209700700047 
 4.745  -07 2.160  +03                                            1209700700048 
 4.793  -07 2.050  +03                                            1209700700049 
 4.829  -07 1.975  +03                                            1209700700050 
 4.865  -07 1.885  +03                                            1209700700051 
 4.901  -07 1.780  +03                                            1209700700052 
 4.938  -07 1.670  +03                                            1209700700053 
 4.976  -07 1.600  +03                                            1209700700054 
 5.014  -07 1.485  +03                                            1209700700055 
 5.052  -07 1.420  +03                                            1209700700056 
 5.091  -07 1.390  +03                                            1209700700057 
 5.130  -07 1.290  +03                                            1209700700058 
 5.190  -07 1.240  +03                                            1209700700059 
 5.272  -07 1.185  +03                                            1209700700060 
 5.355  -07 1.200  +03                                            1209700700061 
 5.442  -07 1.214  +03                                            1209700700062 
 5.506  -07 1.243  +03                                            1209700700063 
 5.550  -07 1.286  +03                                            1209700700064 
 5.595  -07 1.329  +03                                            1209700700065 
 5.640  -07 1.392  +03                                            1209700700066 
 5.686  -07 1.427  +03                                            1209700700067 
 5.733  -07 1.475  +03                                            1209700700068 
 5.804  -07 1.482  +03                                            1209700700069 
 5.900  -07 1.428  +03                                            1209700700070 
 6.025  -07 1.231  +03                                            1209700700071 
 6.076  -07 1.158  +03                                            1209700700072 
 6.127  -07 1.083  +03                                            1209700700073 
 6.232  -07 8.68   +02                                            1209700700074 
 6.286  -07 8.07   +02                                            1209700700075 
 6.340  -07 7.12   +02                                            1209700700076 
 6.395  -07 6.31   +02                                            1209700700077 
 6.501  -07 4.94   +02                                            1209700700078 
 6.558  -07 4.64   +02                                            1209700700079 
 6.705  -07 3.71   +02                                            1209700700080 
 6.856  -07 2.77   +02                                            1209700700081 
 6.981  -07 2.44   +02                                            1209700700082 
 7.045  -07 2.07   +02                                            1209700700083 
 7.175  -07 1.85   +02                                            1209700700084 
 7.309  -07 1.46   +02                                            1209700700085 
 7.447  -07 1.44   +02                                            1209700700086 
 7.589  -07 1.20   +02                                            1209700700087 
 7.735  -07 1.035  +02                                            1209700700088 
 7.885  -07 9.1    +01                                            1209700700089 
 8.200  -07 7.45   +01                                            1209700700090 
 8.364  -07 6.64   +01                                            1209700700091 
 8.534  -07 5.6    +01                                            1209700700092 
 8.709  -07 5.4    +01                                            1209700700093 
 8.889  -07 5.35   +01                                            1209700700094 
ENDDATA             88          0                                 1209700700095 
ENDSUBENT           94          0                                 1209700799999 
SUBENT        12097008   19821012                             00001209700800001 
BIB                  1          1                                 1209700800002 
REACTION   (68-ER-167(N,TOT),,SIG)                                1209700800003 
ENDBIB               1          0                                 1209700800004 
NOCOMMON             0          0                                 1209700800005 
DATA                 2         86                                 1209700800006 
EN         DATA                                                   1209700800007 
MEV        B                                                      1209700800008 
 2.057  -07 5.99   +02                                            1209700800009 
 2.212  -07 6.50   +02                                            1209700800010 
 2.356  -07 7.00   +02                                            1209700800011 
 2.478  -07 7.61   +02                                            1209700800012 
 2.646  -07 8.49   +02                                            1209700800013 
 2.832  -07 9.61   +02                                            1209700800014 
 2.997  -07 1.100  +03                                            1209700800015 
 3.129  -07 1.245  +03                                            1209700800016 
 3.222  -07 1.390  +03                                            1209700800017 
 3.320  -07 1.574  +03                                            1209700800018 
 3.422  -07 1.757  +03                                            1209700800019 
 3.508  -07 1.929  +03                                            1209700800020 
 3.609  -07 2.190  +03                                            1209700800021 
 3.667  -07 2.367  +03                                            1209700800022 
 3.738  -07 2.690  +03                                            1209700800023 
 3.800  -07 2.940  +03                                            1209700800024 
 3.850  -07 3.200  +03                                            1209700800025 
 3.901  -07 3.500  +03                                            1209700800026 
 3.940  -07 3.780  +03                                            1209700800027 
 3.966  -07 4.030  +03                                            1209700800028 
 4.006  -07 4.190  +03                                            1209700800029 
 4.047  -07 4.650  +03                                            1209700800030 
 4.102  -07 5.320  +03                                            1209700800031 
 4.130  -07 5.560  +03                                            1209700800032 
 4.159  -07 5.780  +03                                            1209700800033 
 4.188  -07 6.100  +03                                            1209700800034 
 4.217  -07 6.530  +03                                            1209700800035 
 4.240  -07 6.760  +03                                            1209700800036 
 4.276  -07 7.330  +03                                            1209700800037 
 4.336  -07 8.180  +03                                            1209700800038 
 4.397  -07 8.920  +03                                            1209700800039 
 4.425  -07 9.200  +03                                            1209700800040 
 4.456  -07 9.490  +03                                            1209700800041 
 4.488  -07 9.590  +03                                            1209700800042 
 4.521  -07 9.980  +03                                            1209700800043 
 4.553  -07 1.0130 +04                                            1209700800044 
 4.586  -07 1.0200 +04                                            1209700800045 
 4.637  -07 1.0050 +04                                            1209700800046 
 4.688  -07 9.730  +03                                            1209700800047 
 4.745  -07 9.410  +03                                            1209700800048 
 4.793  -07 8.930  +03                                            1209700800049 
 4.829  -07 8.600  +03                                            1209700800050 
 4.865  -07 8.200  +03                                            1209700800051 
 4.901  -07 7.750  +03                                            1209700800052 
 4.938  -07 7.270  +03                                            1209700800053 
 4.976  -07 6.970  +03                                            1209700800054 
 5.014  -07 6.460  +03                                            1209700800055 
 5.052  -07 6.190  +03                                            1209700800056 
 5.091  -07 6.050  +03                                            1209700800057 
 5.130  -07 5.620  +03                                            1209700800058 
 5.190  -07 5.400  +03                                            1209700800059 
 5.272  -07 5.160  +03                                            1209700800060 
 5.355  -07 5.220  +03                                            1209700800061 
 5.442  -07 5.290  +03                                            1209700800062 
 5.506  -07 5.410  +03                                            1209700800063 
 5.550  -07 5.600  +03                                            1209700800064 
 5.595  -07 5.790  +03                                            1209700800065 
 5.640  -07 6.060  +03                                            1209700800066 
 5.686  -07 6.210  +03                                            1209700800067 
 5.733  -07 6.420  +03                                            1209700800068 
 5.804  -07 6.445  +03                                            1209700800069 
 5.900  -07 6.210  +03                                            1209700800070 
 6.025  -07 5.360  +03                                            1209700800071 
 6.076  -07 5.040  +03                                            1209700800072 
 6.127  -07 4.710  +03                                            1209700800073 
 6.232  -07 3.780  +03                                            1209700800074 
 6.286  -07 3.515  +03                                            1209700800075 
 6.340  -07 3.100  +03                                            1209700800076 
 6.395  -07 2.745  +03                                            1209700800077 
 6.501  -07 2.155  +03                                            1209700800078 
 6.558  -07 2.020  +03                                            1209700800079 
 6.705  -07 1.615  +03                                            1209700800080 
 6.856  -07 1.205  +03                                            1209700800081 
 6.981  -07 1.061  +03                                            1209700800082 
 7.045  -07 9.02   +02                                            1209700800083 
 7.175  -07 8.05   +02                                            1209700800084 
 7.309  -07 6.35   +02                                            1209700800085 
 7.447  -07 6.26   +02                                            1209700800086 
 7.589  -07 5.22   +02                                            1209700800087 
 7.735  -07 4.51   +02                                            1209700800088 
 7.885  -07 3.96   +02                                            1209700800089 
 8.200  -07 3.24   +02                                            1209700800090 
 8.364  -07 2.89   +02                                            1209700800091 
 8.534  -07 2.44   +02                                            1209700800092 
 8.709  -07 2.35   +02                                            1209700800093 
 8.889  -07 2.33   +02                                            1209700800094 
ENDDATA             88          0                                 1209700800095 
ENDSUBENT           94          0                                 1209700899999 
SUBENT        12097009   19821012                             00001209700900001 
BIB                  1          5                                 1209700900002 
REACTION  1(64-GD-155(N,0),,EN)                                   1209700900003 
          2(64-GD-155(N,TOT),,SIG,,RES)                           1209700900004 
          3(64-GD-155(N,TOT),,WID)                                1209700900005 
          4(64-GD-155(N,G),,WID)                                  1209700900006 
          5(64-GD-155(N,EL),,WID,,2G)                             1209700900007 
ENDBIB               5          0                                 1209700900008 
NOCOMMON             0          0                                 1209700900009 
DATA                10         11                                 1209700900010 
DATA      1DATA-ERR  1DATA      2DATA-ERR  2DATA      3DATA-ERR  31209700900011 
DATA      4DATA-ERR  4DATA      5DATA-ERR  5                      1209700900012 
EV         EV         B          B          EV         EV         1209700900013 
EV         EV         EV         EV                               1209700900014 
  0.0268     0.0002    58.9   +03  0.5   +03  0.108      0.001    1209700900015 
  0.108      0.001      0.130 -03  0.002 -03                      1209700900016 
  2.008      0.010      1.64  +03  0.015 +03  0.110      0.001    1209700900017 
  0.110      0.001      0.278 -03  0.003 -03                      1209700900018 
  2.568      0.013      9.7   +03  0.1   +03  0.113      0.001    1209700900019 
  0.111      0.001      2.17  -03  0.02  -03                      1209700900020 
  6.302                                                           1209700900021 
                                                                  1209700900022 
  7.73                                                            1209700900023 
                                                                  1209700900024 
 10.                                                              1209700900025 
                                                                  1209700900026 
 11.9                                                             1209700900027 
                                                                  1209700900028 
 14.5                                                             1209700900029 
                                                                  1209700900030 
 19.9                                                             1209700900031 
                                                                  1209700900032 
 21.0                                                             1209700900033 
                                                                  1209700900034 
 23.7                                                             1209700900035 
                                                                  1209700900036 
ENDDATA             26          0                                 1209700900037 
ENDSUBENT           36          0                                 1209700999999 
SUBENT        12097010   19821012                             00001209701000001 
BIB                  1          5                                 1209701000002 
REACTION  1(64-GD-157(N,0),,EN)                                   1209701000003 
          2(64-GD-157(N,TOT),,SIG,,RES)                           1209701000004 
          3(64-GD-157(N,TOT),,WID)                                1209701000005 
          4(64-GD-157(N,G),,WID)                                  1209701000006 
          5(64-GD-157(N,EL),,WID,,2G)                             1209701000007 
ENDBIB               5          0                                 1209701000008 
NOCOMMON             0          0                                 1209701000009 
DATA                10          5                                 1209701000010 
DATA      1DATA-ERR  1DATA      2DATA-ERR  2DATA      3DATA-ERR  31209701000011 
DATA      4DATA-ERR  4DATA      5DATA-ERR  5                      1209701000012 
EV         EV         B          B          EV         EV         1209701000013 
EV         EV         EV         EV                               1209701000014 
  0.0314     0.0002   230.    +03  2.0   +03  0.107      0.001    1209701000015 
  0.106      0.001      0.590 -03  0.010 -03                      1209701000016 
  2.825      0.015      2.05  +03  0.02  +03  0.097      0.001    1209701000017 
  0.097      0.001      0.431 -03  0.004 -03                      1209701000018 
 16.8                                                             1209701000019 
                                                                  1209701000020 
 20.5                                                             1209701000021 
                                                                  1209701000022 
 23.6                                                             1209701000023 
                                                                  1209701000024 
ENDDATA             14          0                                 1209701000025 
ENDSUBENT           24          0                                 1209701099999 
SUBENT        12097011   19821012                             00001209701100001 
BIB                  1          1                                 1209701100002 
REACTION   (64-GD-158(N,0),,EN)                                   1209701100003 
ENDBIB               1          0                                 1209701100004 
NOCOMMON             0          0                                 1209701100005 
DATA                 1          1                                 1209701100006 
DATA                                                              1209701100007 
EV                                                                1209701100008 
 22.3                                                             1209701100009 
ENDDATA              3          0                                 1209701100010 
ENDSUBENT            9          0                                 1209701199999 
ENDENTRY            11          0                                 1209799999999 
