ENTRY            12096   19821012                             00001209600000001 
SUBENT        12096001   19821012                             00001209600100001 
BIB                  7          9                                 1209600100002 
INSTITUTE  (1USABNL)                                              1209600100003 
REFERENCE  (J,NSE,7,502,60)                                       1209600100004 
           (W,SAILOR,59)   TABULATED DATA                         1209600100005 
AUTHOR     (J.ROBERGE,V.SAILOR)                                   1209600100006 
TITLE      PARAMETERS OF THE LU176 NEUTRON RESONANCE AT 0.142EV.  1209600100007 
FACILITY   (SPECC) CRYSTAL SPECTROMETER                           1209600100008 
STATUS     (SCSRS)                                                1209600100009 
HISTORY    (760803T) TRANSLATED FROM SCISRS                       1209600100010 
           (821012A) CONVERTED TO REACTION FORMALISM              1209600100011 
ENDBIB               9          0                                 1209600100012 
NOCOMMON             0          0                                 1209600100013 
ENDSUBENT           12          0                                 1209600199999 
SUBENT        12096002   19821012                             00001209600200001 
BIB                  1          1                                 1209600200002 
REACTION   (71-LU-176(N,TOT),,SIG)                                1209600200003 
ENDBIB               1          0                                 1209600200004 
NOCOMMON             0          0                                 1209600200005 
DATA                 2         46                                 1209600200006 
EN         DATA                                                   1209600200007 
MEV        B                                                      1209600200008 
 1.88   -08 2.145  +03                                            1209600200009 
 2.03   -08 2.131  +03                                            1209600200010 
 2.17   -08 2.146  +03                                            1209600200011 
 2.36   -08 2.030  +03                                            1209600200012 
 2.54   -08 2.048  +03                                            1209600200013 
 2.77   -08 2.007  +03                                            1209600200014 
 3.05   -08 2.029  +03                                            1209600200015 
 3.31   -08 1.967  +03                                            1209600200016 
 3.68   -08 2.041  +03                                            1209600200017 
 4.11   -08 2.044  +03                                            1209600200018 
 4.61   -08 2.178  +03                                            1209600200019 
 5.22   -08 2.303  +03                                            1209600200020 
 5.83   -08 2.486  +03                                            1209600200021 
 6.08   -08 2.496  +03                                            1209600200022 
 6.43   -08 2.663  +03                                            1209600200023 
 6.86   -08 2.164  +03                                            1209600200024 
 7.34   -08 3.041  +03                                            1209600200025 
 8.27   -08 3.688  +03                                            1209600200026 
 8.70   -08 4.066  +03                                            1209600200027 
 9.05   -08 4.350  +03                                            1209600200028 
 9.53   -08 4.923  +03                                            1209600200029 
 1.057  -07 6.400  +03                                            1209600200030 
 1.093  -07 7.127  +03                                            1209600200031 
 1.141  -07 8.211  +03                                            1209600200032 
 1.241  -07 1.067  +04                                            1209600200033 
 1.298  -07 1.195  +04                                            1209600200034 
 1.373  -07 1.306  +04                                            1209600200035 
 1.455  -07 1.278  +04                                            1209600200036 
 1.530  -07 1.127  +04                                            1209600200037 
 1.594  -07 9.570  +03                                            1209600200038 
 1.697  -07 6.821  +03                                            1209600200039 
 1.782  -07 5.072  +03                                            1209600200040 
 1.863  -07 3.960  +03                                            1209600200041 
 1.916  -07 3.243  +03                                            1209600200042 
 2.030  -07 2.366  +03                                            1209600200043 
 2.078  -07 2.059  +03                                            1209600200044 
 2.154  -07 1.684  +03                                            1209600200045 
 2.255  -07 1.507  +03                                            1209600200046 
 2.371  -07 9.46   +02                                            1209600200047 
 2.529  -07 8.20   +02                                            1209600200048 
 2.703  -07 5.40   +02                                            1209600200049 
 2.897  -07 2.78   +02                                            1209600200050 
 3.112  -07 4.89   +02                                            1209600200051 
 3.456  -07 6.79   +02                                            1209600200052 
 4.360  -07 8.     +00                                            1209600200053 
 5.034  -07 9.7    +01                                            1209600200054 
ENDDATA             48          0                                 1209600200055 
ENDSUBENT           54          0                                 1209600299999 
SUBENT        12096003   19821012                             00001209600300001 
BIB                  2          6                                 1209600300002 
REACTION  1(71-LU-176(N,0),,EN)                                   1209600300003 
          2(71-LU-176(N,TOT),,SIG,,RES)                           1209600300004 
          3(71-LU-176(N,TOT),,WID)                                1209600300005 
          4(71-LU-176(N,G),,WID)                                  1209600300006 
          5(71-LU-176(N,EL),,WID,,2G)                             1209600300007 
ANALYSIS   (SHAPE) SHAPE ANALYSIS                                 1209600300008 
ENDBIB               6          0                                 1209600300009 
NOCOMMON             0          0                                 1209600300010 
DATA                10          1                                 1209600300011 
DATA      1DATA-ERR  1DATA      2DATA-ERR  2DATA      3DATA-ERR  31209600300012 
DATA      4DATA-ERR  4DATA      5DATA-ERR  5                      1209600300013 
EV         EV         B          B          EV         EV         1209600300014 
EV         EV         EV         EV                               1209600300015 
 0.1420     0.0004     13.63  +03 70.        0.0589     0.0001    1209600300016 
 0.0588     0.0002     87.42  -06 0.35   -06                      1209600300017 
ENDDATA              6          0                                 1209600300018 
ENDSUBENT           17          0                                 1209600399999 
ENDENTRY             3          0                                 1209699999999 
