ENTRY            12108   19821012                             00001210800000001 
SUBENT        12108001   19821012                             00001210800100001 
BIB                  6          7                                 1210800100002 
INSTITUTE  (1USAANL)                                              1210800100003 
REFERENCE  (J,PR,92,1527,5312)                                    1210800100004 
AUTHOR     (L.M.BOLLINGER,S.P.HARRIS,C.T.HIBDON,C.O.MUEHLHAUSE)   1210800100005 
TITLE      NEUTRON ABSORPTION AND SCATTERING BY HAFNIUM.          1210800100006 
STATUS     (SCSRS)                                                1210800100007 
HISTORY    (760803T) TRANSLATED FROM SCISRS                       1210800100008 
           (821012A) CONVERTED TO REACTION FORMALISM              1210800100009 
ENDBIB               7          0                                 1210800100010 
NOCOMMON             0          0                                 1210800100011 
ENDSUBENT           10          0                                 1210800199999 
SUBENT        12108002   19821012                             00001210800200001 
BIB                  2          2                                 1210800200002 
REACTION   (72-HF-0(N,TOT),,SIG)                                  1210800200003 
METHOD     (TOF)      TIME-OF-FLIGHT                              1210800200004 
ENDBIB               2          0                                 1210800200005 
NOCOMMON             0          0                                 1210800200006 
DATA                 2        190                                 1210800200007 
EN         DATA                                                   1210800200008 
MEV        B                                                      1210800200009 
 9.51   -07 3.875  +02                                            1210800200010 
 1.22   -06 3.985  +02                                            1210800200011 
 1.27   -06 2.445  +02                                            1210800200012 
 1.32   -06 1.595  +02                                            1210800200013 
 1.37   -06 1.271  +02                                            1210800200014 
 1.43   -06 7.93   +01                                            1210800200015 
 1.49   -06 8.29   +01                                            1210800200016 
 1.55   -06 7.33   +01                                            1210800200017 
 1.61   -06 6.49   +01                                            1210800200018 
 1.68   -06 6.99   +01                                            1210800200019 
 1.76   -06 7.67   +01                                            1210800200020 
 1.84   -06 7.38   +01                                            1210800200021 
 1.92   -06 1.088  +02                                            1210800200022 
 2.02   -06 1.405  +02                                            1210800200023 
 2.11   -06 2.585  +02                                            1210800200024 
 2.22   -06 5.055  +02                                            1210800200025 
 2.59   -06 3.155  +02                                            1210800200026 
 2.73   -06 1.405  +02                                            1210800200027 
 2.89   -06 7.83   +01                                            1210800200028 
 3.06   -06 4.87   +01                                            1210800200029 
 3.25   -06 3.57   +01                                            1210800200030 
 3.45   -06 3.14   +01                                            1210800200031 
 3.67   -06 3.70   +01                                            1210800200032 
 3.85   -06 3.22   +01                                            1210800200033 
 3.92   -06 3.21   +01                                            1210800200034 
 4.07   -06 3.47   +01                                            1210800200035 
 4.19   -06 2.53   +01                                            1210800200036 
 4.31   -06 3.64   +01                                            1210800200037 
 4.57   -06 3.79   +01                                            1210800200038 
 4.85   -06 3.78   +01                                            1210800200039 
 5.03   -06 4.76   +01                                            1210800200040 
 5.10   -06 6.22   +01                                            1210800200041 
 5.16   -06 4.23   +01                                            1210800200042 
 5.22   -06 7.46   +01                                            1210800200043 
 5.29   -06 8.36   +01                                            1210800200044 
 5.36   -06 1.135  +02                                            1210800200045 
 5.36   -06 9.95   +01                                            1210800200046 
 5.43   -06 1.635  +02                                            1210800200047 
 5.43   -06 2.205  +02                                            1210800200048 
 5.50   -06 6.465  +02                                            1210800200049 
 5.57   -06 9.055  +02                                            1210800200050 
 5.65   -06 1.032  +03                                            1210800200051 
 5.72   -06 1.296  +03                                            1210800200052 
 5.80   -06 1.118  +03                                            1210800200053 
 5.88   -06 7.685  +02                                            1210800200054 
 5.96   -06 3.795  +02                                            1210800200055 
 6.04   -06 3.705  +02                                            1210800200056 
 6.12   -06 2.065  +02                                            1210800200057 
 6.12   -06 2.225  +02                                            1210800200058 
 6.20   -06 2.885  +02                                            1210800200059 
 6.29   -06 5.105  +02                                            1210800200060 
 6.38   -06 8.695  +02                                            1210800200061 
 6.47   -06 1.336  +03                                            1210800200062 
 6.56   -06 1.019  +03                                            1210800200063 
 6.66   -06 4.655  +02                                            1210800200064 
 6.75   -06 2.415  +02                                            1210800200065 
 6.85   -06 2.865  +02                                            1210800200066 
 6.85   -06 3.515  +02                                            1210800200067 
 6.95   -06 2.665  +02                                            1210800200068 
 7.05   -06 3.925  +02                                            1210800200069 
 7.16   -06 6.745  +02                                            1210800200070 
 7.26   -06 8.895  +02                                            1210800200071 
 7.37   -06 1.334  +03                                            1210800200072 
 7.84   -06 2.557  +03                                            1210800200073 
 7.96   -06 1.411  +03                                            1210800200074 
 8.09   -06 8.225  +02                                            1210800200075 
 8.22   -06 5.315  +02                                            1210800200076 
 8.35   -06 4.025  +02                                            1210800200077 
 8.48   -06 5.485  +02                                            1210800200078 
 8.62   -06 5.895  +02                                            1210800200079 
 8.76   -06 7.095  +02                                            1210800200080 
 8.91   -06 3.475  +02                                            1210800200081 
 9.06   -06 1.885  +02                                            1210800200082 
 9.06   -06 1.345  +02                                            1210800200083 
 9.21   -06 1.095  +02                                            1210800200084 
 9.36   -06 9.99   +01                                            1210800200085 
 9.52   -06 8.38   +01                                            1210800200086 
 9.69   -06 7.47   +01                                            1210800200087 
 9.86   -06 3.92   +01                                            1210800200088 
 1.00   -05 6.30   +01                                            1210800200089 
 1.02   -05 5.81   +01                                            1210800200090 
 1.04   -05 5.51   +01                                            1210800200091 
 1.06   -05 4.42   +01                                            1210800200092 
 1.08   -05 5.89   +01                                            1210800200093 
 1.10   -05 5.03   +01                                            1210800200094 
 1.12   -05 4.49   +01                                            1210800200095 
 1.14   -05 4.11   +01                                            1210800200096 
 1.16   -05 4.08   +01                                            1210800200097 
 1.18   -05 3.45   +01                                            1210800200098 
 1.21   -05 3.81   +01                                            1210800200099 
 1.23   -05 5.27   +01                                            1210800200100 
 1.25   -05 3.08   +01                                            1210800200101 
 1.28   -05 3.77   +01                                            1210800200102 
 1.30   -05 5.60   +01                                            1210800200103 
 1.33   -05 7.07   +01                                            1210800200104 
 1.36   -05 8.23   +01                                            1210800200105 
 1.39   -05 7.16   +01                                            1210800200106 
 1.41   -05 5.83   +01                                            1210800200107 
 1.45   -05 3.19   +01                                            1210800200108 
 1.48   -05 1.87   +01                                            1210800200109 
 1.51   -05 2.21   +01                                            1210800200110 
 1.55   -05 1.71   +01                                            1210800200111 
 1.58   -05 1.76   +01                                            1210800200112 
 1.61   -05 2.16   +01                                            1210800200113 
 1.65   -05 2.38   +01                                            1210800200114 
 1.69   -05 2.60   +01                                            1210800200115 
 1.73   -05 3.09   +01                                            1210800200116 
 1.77   -05 3.01   +01                                            1210800200117 
 1.81   -05 1.68   +01                                            1210800200118 
 1.86   -05 2.11   +01                                            1210800200119 
 1.90   -05 2.10   +01                                            1210800200120 
 1.95   -05 1.65   +01                                            1210800200121 
 2.00   -05 1.96   +01                                            1210800200122 
 2.05   -05 1.21   +01                                            1210800200123 
 2.10   -05 2.59   +01                                            1210800200124 
 2.15   -05 2.85   +01                                            1210800200125 
 2.21   -05 4.42   +01                                            1210800200126 
 2.27   -05 4.88   +01                                            1210800200127 
 2.33   -05 5.16   +01                                            1210800200128 
 2.39   -05 4.46   +01                                            1210800200129 
 2.45   -05 2.29   +01                                            1210800200130 
 2.52   -05 1.95   +01                                            1210800200131 
 2.59   -05 3.07   +01                                            1210800200132 
 2.67   -05 3.15   +01                                            1210800200133 
 2.75   -05 2.47   +01                                            1210800200134 
 2.83   -05 1.67   +01                                            1210800200135 
 2.92   -05 1.99   +01                                            1210800200136 
 3.00   -05 2.65   +01                                            1210800200137 
 3.10   -05 2.81   +01                                            1210800200138 
 3.20   -05 2.94   +01                                            1210800200139 
 3.30   -05 1.90   +01                                            1210800200140 
 3.40   -05 2.40   +01                                            1210800200141 
 3.52   -05 5.93   +01                                            1210800200142 
 3.64   -05 6.36   +01                                            1210800200143 
 3.76   -05 5.14   +01                                            1210800200144 
 3.89   -05 4.29   +01                                            1210800200145 
 4.03   -05 5.27   +01                                            1210800200146 
 4.18   -05 4.63   +01                                            1210800200147 
 4.33   -05 4.08   +01                                            1210800200148 
 4.49   -05 5.90   +01                                            1210800200149 
 4.66   -05 8.42   +01                                            1210800200150 
 4.85   -05 7.36   +01                                            1210800200151 
 5.04   -05 4.69   +01                                            1210800200152 
 5.25   -05 4.09   +01                                            1210800200153 
 5.46   -05 4.48   +01                                            1210800200154 
 5.69   -05 3.72   +01                                            1210800200155 
 5.93   -05 3.59   +01                                            1210800200156 
 6.20   -05 4.81   +01                                            1210800200157 
 6.48   -05 5.62   +01                                            1210800200158 
 6.77   -05 5.90   +01                                            1210800200159 
 7.09   -05 6.64   +01                                            1210800200160 
 7.44   -05 5.07   +01                                            1210800200161 
 7.80   -05 2.69   +01                                            1210800200162 
 8.20   -05 2.66   +01                                            1210800200163 
 8.63   -05 3.37   +01                                            1210800200164 
 9.09   -05 3.64   +01                                            1210800200165 
 9.59   -05 3.78   +01                                            1210800200166 
 1.01   -04 4.19   +01                                            1210800200167 
 1.07   -04 2.80   +01                                            1210800200168 
 1.13   -04 2.50   +01                                            1210800200169 
 1.20   -04 2.44   +01                                            1210800200170 
 1.28   -04 3.00   +01                                            1210800200171 
 1.36   -04 3.10   +01                                            1210800200172 
 1.46   -04 3.38   +01                                            1210800200173 
 1.56   -04 3.50   +01                                            1210800200174 
 1.67   -04 4.30   +01                                            1210800200175 
 1.80   -04 3.79   +01                                            1210800200176 
 1.94   -04 3.48   +01                                            1210800200177 
 2.10   -04 3.42   +01                                            1210800200178 
 2.28   -04 2.97   +01                                            1210800200179 
 2.49   -04 3.18   +01                                            1210800200180 
 2.72   -04 2.74   +01                                            1210800200181 
 2.99   -04 2.11   +01                                            1210800200182 
 3.29   -04 3.24   +01                                            1210800200183 
 3.65   -04 2.83   +01                                            1210800200184 
 4.07   -04 3.01   +01                                            1210800200185 
 4.57   -04 2.39   +01                                            1210800200186 
 5.16   -04 2.54   +01                                            1210800200187 
 5.88   -04 2.85   +01                                            1210800200188 
 6.76   -04 2.57   +01                                            1210800200189 
 7.85   -04 2.76   +01                                            1210800200190 
 9.22   -04 2.29   +01                                            1210800200191 
 1.099  -03 2.75   +01                                            1210800200192 
 1.332  -03 2.62   +01                                            1210800200193 
 1.649  -03 2.56   +01                                            1210800200194 
 2.093  -03 2.14   +01                                            1210800200195 
 2.744  -03 2.30   +01                                            1210800200196 
 3.753  -03 1.80   +01                                            1210800200197 
 5.442  -03 1.58   +01                                            1210800200198 
 8.593  -03 1.83   +01                                            1210800200199 
ENDDATA            192          0                                 1210800200200 
ENDSUBENT          199          0                                 1210800299999 
SUBENT        12108003   19860710                             00001210800300001 
BIB                  4          4                                 1210800300002 
REACTION   (72-HF-177(N,ABS),,SIG,,SPA)                           1210800300003 
FACILITY   (OSCIP) PILE OSCILLATOR                                1210800300004 
MONITOR    (5-B-0(N,ABS),,SIG)                                    1210800300005 
HISTORY    (860710A) REACTION CORRECTED.                          1210800300006 
ENDBIB               4          0                                 1210800300007 
NOCOMMON             0          0                                 1210800300008 
DATA                 4          1                                 1210800300009 
EN-DUMMY   DATA       DATA-ERR   MONIT                            1210800300010 
EV         B          B          B                                1210800300011 
 0.0253     350.       50.        755.                            1210800300012 
ENDDATA              3          0                                 1210800300013 
ENDSUBENT           12          0                                 1210800399999 
SUBENT        12108004   19860710                             00001210800400001 
BIB                  4          4                                 1210800400002 
REACTION   (72-HF-178(N,ABS),,SIG,,SPA)                           1210800400003 
FACILITY   (OSCIP) PILE OSCILLATOR                                1210800400004 
MONITOR    (5-B-0(N,ABS),,SIG)                                    1210800400005 
HISTORY    (860710A) REACTION CORRECTED.                          1210800400006 
ENDBIB               4          0                                 1210800400007 
NOCOMMON             0          0                                 1210800400008 
DATA                 4          1                                 1210800400009 
EN-DUMMY   DATA       DATA-ERR   MONIT                            1210800400010 
EV         B          B          B                                1210800400011 
 0.0253     90.        20.        755.                            1210800400012 
ENDDATA              3          0                                 1210800400013 
ENDSUBENT           12          0                                 1210800499999 
SUBENT        12108005   19860710                             00001210800500001 
BIB                  4          4                                 1210800500002 
REACTION   (72-HF-179(N,ABS),,SIG,,SPA)                           1210800500003 
FACILITY   (OSCIP) PILE OSCILLATOR                                1210800500004 
MONITOR    (5-B-0(N,ABS),,SIG)                                    1210800500005 
HISTORY    (860710A) REACTION CORRECTED.                          1210800500006 
ENDBIB               4          0                                 1210800500007 
NOCOMMON             0          0                                 1210800500008 
DATA                 4          1                                 1210800500009 
EN-DUMMY   DATA       DATA-ERR   MONIT                            1210800500010 
EV         B          B          B                                1210800500011 
 0.0253     75.        15.        755.                            1210800500012 
ENDDATA              3          0                                 1210800500013 
ENDSUBENT           12          0                                 1210800599999 
SUBENT        12108006   19821012                             00001210800600001 
BIB                  1          4                                 1210800600002 
REACTION  1(72-HF-177(N,0),,EN)                                   1210800600003 
          2(72-HF-177(N,TOT),,WID,,SQ/S0)                         1210800600004 
          3(72-HF-177(N,TOT),,SIG,,RES)                           1210800600005 
          4(72-HF-177(N,TOT),,WID)                                1210800600006 
ENDBIB               4          0                                 1210800600007 
NOCOMMON             0          0                                 1210800600008 
DATA                 8          6                                 1210800600009 
DATA      1DATA-ERR  1DATA      2DATA-ERR  2DATA      3DATA-ERR  31210800600010 
DATA      4DATA-ERR  4                                            1210800600011 
EV         EV         B*EV-SQ    B*EV-SQ    B          B          1210800600012 
EV         EV                                                     1210800600013 
  1.08      0.02        110.       25.       55000.     15000.    1210800600014 
 0.045      0.010                                                 1210800600015 
  2.34      0.05        280.       40.                            1210800600016 
                                                                  1210800600017 
  5.7       0.1          52.       15.                            1210800600018 
                                                                  1210800600019 
  6.5       0.1          80.       30.                            1210800600020 
                                                                  1210800600021 
  8.8       0.2          55.       25.                            1210800600022 
                                                                  1210800600023 
 13.6       0.4          28.       10.                            1210800600024 
                                                                  1210800600025 
ENDDATA             16          0                                 1210800600026 
ENDSUBENT           25          0                                 1210800699999 
SUBENT        12108007   19821012                             00001210800700001 
BIB                  1          2                                 1210800700002 
REACTION  1(72-HF-178(N,0),,EN)                                   1210800700003 
          2(72-HF-178(N,TOT),,WID,,SQ/S0)                         1210800700004 
ENDBIB               2          0                                 1210800700005 
NOCOMMON             0          0                                 1210800700006 
DATA                 4          1                                 1210800700007 
DATA      1DATA-ERR  1DATA      2DATA-ERR  2                      1210800700008 
EV         EV         B*EV-SQ    B*EV-SQ                          1210800700009 
 7.6        0.01       1400.      300.                            1210800700010 
ENDDATA              3          0                                 1210800700011 
ENDSUBENT           10          0                                 1210800799999 
SUBENT        12108008   19821012                             00001210800800001 
BIB                  1          2                                 1210800800002 
REACTION  1(72-HF-179(N,0),,EN)                                   1210800800003 
          2(72-HF-179(N,TOT),,WID,,SQ/S0)                         1210800800004 
ENDBIB               2          0                                 1210800800005 
NOCOMMON             0          0                                 1210800800006 
DATA                 4          1                                 1210800800007 
DATA      1DATA-ERR  1DATA      2DATA-ERR  2                      1210800800008 
EV         EV         B*EV-SQ    B*EV-SQ                          1210800800009 
 5.6        0.1        25.        10.                             1210800800010 
ENDDATA              3          0                                 1210800800011 
ENDSUBENT           10          0                                 1210800899999 
ENDENTRY             8          0                                 1210899999999 
