ENTRY            12111   19821012                             00001211100000001 
SUBENT        12111001   19821012                             00001211100100001 
BIB                  7         10                                 1211100100002 
INSTITUTE  (1USAMTR)                                              1211100100003 
REFERENCE  (J,PR,103,1326,56)                                     1211100100004 
           (R,IDO-16289,5605) TABULATED DATA                      1211100100005 
AUTHOR     (E.G.JOKI,J.E.EVANS)                                   1211100100006 
TITLE      TOTAL NEUTRON CROSS SECTION OF THULIUM IN THE ENERGY   1211100100007 
           REGION 0.038 TO 1.56EV.                                1211100100008 
FACILITY   (SPECC) CRYSTAL SPECTROMETER                           1211100100009 
STATUS     (SCSRS)                                                1211100100010 
HISTORY    (760803T) TRANSLATED FROM SCISRS                       1211100100011 
           (821012A) CONVERTED TO REACTION FORMALISM              1211100100012 
ENDBIB              10          0                                 1211100100013 
NOCOMMON             0          0                                 1211100100014 
ENDSUBENT           13          0                                 1211100199999 
SUBENT        12111002   19821012                             00001211100200001 
BIB                  1          1                                 1211100200002 
REACTION   (69-TM-169(N,TOT),,SIG)                                1211100200003 
ENDBIB               1          0                                 1211100200004 
NOCOMMON             0          0                                 1211100200005 
DATA                 4        362                                 1211100200006 
EN         EN-ERR     DATA       DATA-ERR                         1211100200007 
MEV        MEV        B          B                                1211100200008 
 3.735  -08            1.153  +02                                 1211100200009 
 3.750  -08            1.083  +02                                 1211100200010 
 3.765  -08            1.113  +02                                 1211100200011 
 3.781  -08            1.093  +02                                 1211100200012 
 3.796  -08            1.089  +02                                 1211100200013 
 3.811  -08            1.083  +02                                 1211100200014 
 3.827  -08            1.088  +02                                 1211100200015 
 3.843  -08            1.112  +02                                 1211100200016 
 3.859  -08            1.800  +02                                 1211100200017 
 3.875  -08            1.086  +02                                 1211100200018 
 3.891  -08            1.085  +02                                 1211100200019 
 3.907  -08            1.073  +02                                 1211100200020 
 3.923  -08            1.083  +02                                 1211100200021 
 3.939  -08            1.073  +02                                 1211100200022 
 3.956  -08            1.084  +02                                 1211100200023 
 3.973  -08            1.042  +02                                 1211100200024 
 4.006  -08 2.0    -10 1.070  +02 5.     -01                      1211100200025 
 4.023  -08            1.069  +02                                 1211100200026 
 4.040  -08            1.053  +02                                 1211100200027 
 4.058  -08            1.065  +02                                 1211100200028 
 4.075  -08            1.043  +02                                 1211100200029 
 4.093  -08            1.076  +02                                 1211100200030 
 4.110  -08            1.064  +02                                 1211100200031 
 4.128  -08            1.045  +02                                 1211100200032 
 4.146  -08            1.023  +02                                 1211100200033 
 4.164  -08            1.062  +02                                 1211100200034 
 4.182  -08            1.031  +02                                 1211100200035 
 4.201  -08            1.041  +02                                 1211100200036 
 4.219  -08            1.015  +02                                 1211100200037 
 4.238  -08            1.035  +02                                 1211100200038 
 4.256  -08            1.015  +02                                 1211100200039 
 4.275  -08            1.028  +02                                 1211100200040 
 4.294  -08            9.829  +01                                 1211100200041 
 4.314  -08            1.021  +02                                 1211100200042 
 4.333  -08            1.008  +02                                 1211100200043 
 4.352  -08            1.019  +02                                 1211100200044 
 4.372  -08            1.010  +02                                 1211100200045 
 4.392  -08            1.031  +02                                 1211100200046 
 4.412  -08            9.958  +01                                 1211100200047 
 4.432  -08            1.001  +02                                 1211100200048 
 4.452  -08            1.007  +02                                 1211100200049 
 4.473  -08            1.010  +02                                 1211100200050 
 4.493  -08            1.004  +02                                 1211100200051 
 4.514  -08            9.703  +01                                 1211100200052 
 4.535  -08            9.987  +01                                 1211100200053 
 4.556  -08            1.012  +02                                 1211100200054 
 4.577  -08            9.915  +01                                 1211100200055 
 4.598  -08            9.730  +01                                 1211100200056 
 4.620  -08            9.845  +01                                 1211100200057 
 4.642  -08            9.674  +01                                 1211100200058 
 4.664  -08            9.670  +01                                 1211100200059 
 4.686  -08            9.852  +01                                 1211100200060 
 4.708  -08            9.647  +01                                 1211100200061 
 4.730  -08            9.636  +01                                 1211100200062 
 4.753  -08            9.829  +01                                 1211100200063 
 4.776  -08            9.737  +01                                 1211100200064 
 4.799  -08            9.546  +01                                 1211100200065 
 4.822  -08            9.764  +01                                 1211100200066 
 4.845  -08            9.881  +01                                 1211100200067 
 4.869  -08            9.697  +01                                 1211100200068 
 4.893  -08            9.652  +01                                 1211100200069 
 4.917  -08            9.497  +01                                 1211100200070 
 4.941  -08            9.764  +01                                 1211100200071 
 4.965  -08            9.641  +01                                 1211100200072 
 4.990  -08            9.681  +01                                 1211100200073 
 5.014  -08            9.562  +01                                 1211100200074 
 5.039  -08            9.708  +01                                 1211100200075 
 5.064  -08            9.564  +01                                 1211100200076 
 5.090  -08            9.238  +01                                 1211100200077 
 5.115  -08            9.551  +01                                 1211100200078 
 5.141  -08            9.382  +01                                 1211100200079 
 5.167  -08            9.454  +01                                 1211100200080 
 5.201  -08            9.373  +01                                 1211100200081 
 5.220  -08            9.393  +01                                 1211100200082 
 5.247  -08            9.557  +01                                 1211100200083 
 5.273  -08            9.551  +01                                 1211100200084 
 5.328  -08            9.238  +01                                 1211100200085 
 5.356  -08            9.270  +01                                 1211100200086 
 5.383  -08            9.285  +01                                 1211100200087 
 5.411  -08            9.276  +01                                 1211100200088 
 5.440  -08            9.180  +01                                 1211100200089 
 5.468  -08            9.112  +01                                 1211100200090 
 5.491  -08            9.281  +01                                 1211100200091 
 5.526  -08            9.072  +01                                 1211100200092 
 5.557  -08            9.200  +01                                 1211100200093 
 5.585  -08            9.175  +01                                 1211100200094 
 5.609  -08            9.312  +01                                 1211100200095 
 5.645  -08            9.168  +01                                 1211100200096 
 5.676  -08            8.979  +01                                 1211100200097 
 5.706  -08            9.186  +01                                 1211100200098 
 5.737  -08            9.018  +01                                 1211100200099 
 5.768  -08            9.139  +01                                 1211100200100 
 5.800  -08            9.123  +01                                 1211100200101 
 5.832  -08            9.051  +01                                 1211100200102 
 5.864  -08            8.932  +01                                 1211100200103 
 5.896  -08            8.921  +01                                 1211100200104 
 5.929  -08            8.732  +01                                 1211100200105 
 5.961  -08            8.901  +01                                 1211100200106 
 5.995  -08 4.0    -10 8.818  +01 3.4    -01                      1211100200107 
 6.028  -08            8.795  +01                                 1211100200108 
 6.062  -08            8.791  +01                                 1211100200109 
 6.096  -08            8.964  +01                                 1211100200110 
 6.131  -08            8.674  +01                                 1211100200111 
 6.165  -08            8.786  +01                                 1211100200112 
 6.201  -08            8.921  +01                                 1211100200113 
 6.236  -08            8.746  +01                                 1211100200114 
 6.272  -08            8.791  +01                                 1211100200115 
 6.308  -08            8.847  +01                                 1211100200116 
 6.344  -08            8.811  +01                                 1211100200117 
 6.381  -08            8.524  +01                                 1211100200118 
 6.418  -08            8.554  +01                                 1211100200119 
 6.456  -08            8.692  +01                                 1211100200120 
 6.494  -08            8.469  +01                                 1211100200121 
 6.532  -08            8.584  +01                                 1211100200122 
 6.570  -08            8.449  +01                                 1211100200123 
 6.609  -08            8.431  +01                                 1211100200124 
 6.649  -08            8.458  +01                                 1211100200125 
 6.688  -08            8.550  +01                                 1211100200126 
 6.729  -08            8.487  +01                                 1211100200127 
 6.769  -08            8.498  +01                                 1211100200128 
 6.810  -08            8.294  +01                                 1211100200129 
 6.851  -08            8.440  +01                                 1211100200130 
 6.893  -08            8.532  +01                                 1211100200131 
 6.935  -08            8.372  +01                                 1211100200132 
 6.977  -08            8.478  +01                                 1211100200133 
 7.020  -08            8.363  +01                                 1211100200134 
 7.064  -08            8.260  +01                                 1211100200135 
 7.107  -08            8.339  +01                                 1211100200136 
 7.152  -08            8.273  +01                                 1211100200137 
 7.196  -08            8.217  +01                                 1211100200138 
 7.242  -08            8.019  +01                                 1211100200139 
 7.287  -08            7.997  +01                                 1211100200140 
 7.333  -08            7.860  +01                                 1211100200141 
 7.380  -08            8.199  +01                                 1211100200142 
 7.426  -08            8.103  +01                                 1211100200143 
 7.474  -08            8.087  +01                                 1211100200144 
 7.522  -08            8.015  +01                                 1211100200145 
 7.570  -08            8.082  +01                                 1211100200146 
 7.619  -08            8.010  +01                                 1211100200147 
 7.669  -08            8.028  +01                                 1211100200148 
 7.719  -08            7.956  +01                                 1211100200149 
 7.765  -08            7.907  +01                                 1211100200150 
 7.820  -08            7.982  +01                                 1211100200151 
 7.872  -08            7.583  +01                                 1211100200152 
 7.924  -08            7.835  +01                                 1211100200153 
 7.977  -08            7.753  +01                                 1211100200154 
 8.030  -08            8.518  +01                                 1211100200155 
 8.084  -08            7.335  +01                                 1211100200156 
 8.138  -08            7.443  +01                                 1211100200157 
 8.193  -08            7.211  +01                                 1211100200158 
 8.249  -08            7.448  +01                                 1211100200159 
 8.305  -08            7.206  +01                                 1211100200160 
 8.361  -08            7.639  +01                                 1211100200161 
 8.419  -08            7.177  +01                                 1211100200162 
 8.477  -08            7.467  +01                                 1211100200163 
 8.536  -08            7.602  +01                                 1211100200164 
 8.595  -08            6.813  +01                                 1211100200165 
 8.655  -08            7.206  +01                                 1211100200166 
 8.715  -08            7.606  +01                                 1211100200167 
 8.776  -08            7.597  +01                                 1211100200168 
 8.839  -08            7.884  +01                                 1211100200169 
 8.901  -08            7.055  +01                                 1211100200170 
 8.965  -08            6.707  +01                                 1211100200171 
 9.029  -08            7.514  +01                                 1211100200172 
 9.094  -08            7.124  +01                                 1211100200173 
 9.159  -08            6.913  +01                                 1211100200174 
 9.226  -08            7.085  +01                                 1211100200175 
 9.292  -08            7.055  +01                                 1211100200176 
 9.361  -08            7.187  +01                                 1211100200177 
 9.429  -08            7.021  +01                                 1211100200178 
 9.569  -08            6.908  +01                                 1211100200179 
 9.640  -08            6.899  +01                                 1211100200180 
 9.711  -08            6.992  +01                                 1211100200181 
 9.785  -08            7.306  +01                                 1211100200182 
 9.858  -08            6.878  +01                                 1211100200183 
 1.001  -07            6.992  +01                                 1211100200184 
 1.008  -07            7.046  +01                                 1211100200185 
 1.016  -07            7.182  +01                                 1211100200186 
 1.024  -07 8.     -10 6.967  +01 6.3    -01                      1211100200187 
 1.032  -07            6.808  +01                                 1211100200188 
 1.048  -07            6.315  +01                                 1211100200189 
 1.056  -07            6.773  +01                                 1211100200190 
 1.065  -07            6.903  +01                                 1211100200191 
 1.073  -07            6.372  +01                                 1211100200192 
 1.081  -07            7.148  +01                                 1211100200193 
 1.099  -07            7.055  +01                                 1211100200194 
 1.108  -07            6.763  +01                                 1211100200195 
 1.117  -07            6.508  +01                                 1211100200196 
 1.126  -07            6.595  +01                                 1211100200197 
 1.135  -07            6.646  +01                                 1211100200198 
 1.144  -07            6.383  +01                                 1211100200199 
 1.153  -07            6.383  +01                                 1211100200200 
 1.163  -07            6.299  +01                                 1211100200201 
 1.173  -07            6.420  +01                                 1211100200202 
 1.182  -07            6.378  +01                                 1211100200203 
 1.192  -07            6.036  +01                                 1211100200204 
 1.202  -07            6.430  +01                                 1211100200205 
 1.213  -07            6.399  +01                                 1211100200206 
 1.223  -07            6.192  +01                                 1211100200207 
 1.233  -07            5.955  +01                                 1211100200208 
 1.244  -07            6.009  +01                                 1211100200209 
 1.255  -07            6.080  +01                                 1211100200210 
 1.266  -07            5.988  +01                                 1211100200211 
 1.277  -07            5.734  +01                                 1211100200212 
 1.288  -07            6.091  +01                                 1211100200213 
 1.299  -07            6.042  +01                                 1211100200214 
 1.311  -07            5.998  +01                                 1211100200215 
 1.322  -07            5.982  +01                                 1211100200216 
 1.334  -07            5.889  +01                                 1211100200217 
 1.346  -07            5.933  +01                                 1211100200218 
 1.358  -07            5.745  +01                                 1211100200219 
 1.370  -07            5.889  +01                                 1211100200220 
 1.383  -07            5.922  +01                                 1211100200221 
 1.396  -07            5.850  +01                                 1211100200222 
 1.408  -07            5.513  +01                                 1211100200223 
 1.421  -07            5.689  +01                                 1211100200224 
 1.435  -07            5.583  +01                                 1211100200225 
 1.448  -07            5.977  +01                                 1211100200226 
 1.464  -07            5.644  +01                                 1211100200227 
 1.475  -07            5.577  +01                                 1211100200228 
 1.489  -07            5.506  +01                                 1211100200229 
 1.504  -07            5.784  +01                                 1211100200230 
 1.518  -07            5.677  +01                                 1211100200231 
 1.533  -07            5.484  +01                                 1211100200232 
 1.547  -07            5.530  +01                                 1211100200233 
 1.563  -07            5.530  +01                                 1211100200234 
 1.578  -07            5.421  +01                                 1211100200235 
 1.593  -07            5.689  +01                                 1211100200236 
 1.609  -07            5.150  +01                                 1211100200237 
 1.625  -07            5.490  +01                                 1211100200238 
 1.641  -07            5.438  +01                                 1211100200239 
 1.658  -07            5.217  +01                                 1211100200240 
 1.675  -07            5.287  +01                                 1211100200241 
 1.692  -07            5.772  +01                                 1211100200242 
 1.709  -07            5.369  +01                                 1211100200243 
 1.727  -07            5.363  +01                                 1211100200244 
 1.744  -07            5.507  +01                                 1211100200245 
 1.763  -07            5.627  +01                                 1211100200246 
 1.819  -07            5.415  +01                                 1211100200247 
 1.838  -07            5.205  +01                                 1211100200248 
 1.858  -07            5.411  +01                                 1211100200249 
 1.878  -07            5.486  +01                                 1211100200250 
 1.898  -07            5.182  +01                                 1211100200251 
 1.919  -07            5.177  +01                                 1211100200252 
 1.940  -07            5.364  +01                                 1211100200253 
 1.961  -07            5.440  +01                                 1211100200254 
 1.983  -07            4.893  +01                                 1211100200255 
 2.005  -07            5.057  +01                                 1211100200256 
 2.027  -07            5.045  +01                                 1211100200257 
 2.050  -07 2.3    -09 5.330  +01 6.3    -01                      1211100200258 
 2.073  -07            4.801  +01                                 1211100200259 
 2.097  -07            4.893  +01                                 1211100200260 
 2.116  -07            5.135  +01                                 1211100200261 
 2.146  -07            4.865  +01                                 1211100200262 
 2.171  -07            5.177  +01                                 1211100200263 
 2.196  -07            5.330  +01                                 1211100200264 
 2.217  -07            4.942  +01                                 1211100200265 
 2.248  -07            5.451  +01                                 1211100200266 
 2.275  -07            5.188  +01                                 1211100200267 
 2.302  -07            5.081  +01                                 1211100200268 
 2.330  -07            5.153  +01                                 1211100200269 
 2.358  -07            5.182  +01                                 1211100200270 
 2.393  -07            4.602  +01                                 1211100200271 
 2.417  -07            5.259  +01                                 1211100200272 
 2.447  -07            4.430  +01                                 1211100200273 
 2.477  -07            4.456  +01                                 1211100200274 
 2.508  -07            4.539  +01                                 1211100200275 
 2.540  -07            4.739  +01                                 1211100200276 
 2.572  -07            4.439  +01                                 1211100200277 
 2.605  -07            4.405  +01                                 1211100200278 
 2.639  -07            4.727  +01                                 1211100200279 
 2.673  -07            4.545  +01                                 1211100200280 
 2.708  -07            4.526  +01                                 1211100200281 
 2.744  -07            4.640  +01                                 1211100200282 
 2.773  -07            4.702  +01                                 1211100200283 
 2.817  -07            4.005  +01                                 1211100200284 
 2.855  -07            3.992  +01                                 1211100200285 
 2.894  -07            4.282  +01                                 1211100200286 
 2.933  -07            4.677  +01                                 1211100200287 
 2.973  -07            4.204  +01                                 1211100200288 
 3.014  -07            4.424  +01                                 1211100200289 
 3.056  -07            4.236  +01                                 1211100200290 
 3.099  -07            4.360  +01                                 1211100200291 
 3.143  -07            4.552  +01                                 1211100200292 
 3.188  -07            4.065  +01                                 1211100200293 
 3.234  -07            3.490  +01                                 1211100200294 
 3.280  -07            4.144  +01                                 1211100200295 
 3.328  -07            4.092  +01                                 1211100200296 
 3.377  -07            3.924  +01                                 1211100200297 
 3.422  -07            4.038  +01                                 1211100200298 
 3.478  -07            3.857  +01                                 1211100200299 
 3.530  -07            3.918  +01                                 1211100200300 
 3.584  -07            3.884  +01                                 1211100200301 
 3.638  -07            4.138  +01                                 1211100200302 
 3.694  -07            4.295  +01                                 1211100200303 
 3.752  -07            3.616  +01                                 1211100200304 
 3.810  -07            4.118  +01                                 1211100200305 
 3.870  -07            3.971  +01                                 1211100200306 
 3.932  -07            3.518  +01                                 1211100200307 
 3.995  -07            4.005  +01                                 1211100200308 
 4.046  -07 6.5    -09 3.836  +01 1.26   +00                      1211100200309 
 4.112  -07            3.451  +01                                 1211100200310 
 4.193  -07            3.497  +01                                 1211100200311 
 4.263  -07            3.483  +01                                 1211100200312 
 4.334  -07            3.837  +01                                 1211100200313 
 4.407  -07            3.390  +01                                 1211100200314 
 4.482  -07            4.118  +01                                 1211100200315 
 4.558  -07            3.305  +01                                 1211100200316 
 4.637  -07            3.809  +01                                 1211100200317 
 4.718  -07            3.476  +01                                 1211100200318 
 4.801  -07            3.297  +01                                 1211100200319 
 4.887  -07            3.005  +01                                 1211100200320 
 4.974  -07            3.560  +01                                 1211100200321 
 5.064  -07            3.383  +01                                 1211100200322 
 5.157  -07            3.116  +01                                 1211100200323 
 5.253  -07            3.616  +01                                 1211100200324 
 5.351  -07            2.417  +01                                 1211100200325 
 5.451  -07            3.123  +01                                 1211100200326 
 5.555  -07            3.269  +01                                 1211100200327 
 5.660  -07            3.218  +01                                 1211100200328 
 5.771  -07            3.405  +01                                 1211100200329 
 5.882  -07            3.203  +01                                 1211100200330 
 6.000  -07            3.218  +01                                 1211100200331 
 6.118  -07            3.101  +01                                 1211100200332 
 6.242  -07 1.20   -08 3.490  +01 1.67   +00                      1211100200333 
 6.369  -07            2.916  +01                                 1211100200334 
 6.501  -07            3.290  +01                                 1211100200335 
 6.635  -07            2.893  +01                                 1211100200336 
 6.775  -07            2.871  +01                                 1211100200337 
 6.918  -07            2.968  +01                                 1211100200338 
 7.070  -07            3.518  +01                                 1211100200339 
 7.221  -07            3.050  +01                                 1211100200340 
 7.378  -07            2.250  +01                                 1211100200341 
 7.543  -07            3.511  +01                                 1211100200342 
 7.715  -07            3.734  +01                                 1211100200343 
 7.890  -07            2.393  +01                                 1211100200344 
 8.068  -07            3.138  +01                                 1211100200345 
 8.260  -07            3.319  +01                                 1211100200346 
 8.450  -07            2.991  +01                                 1211100200347 
 8.655  -07            3.326  +01                                 1211100200348 
 8.864  -07            3.254  +01                                 1211100200349 
 9.077  -07            3.013  +01                                 1211100200350 
 9.300  -07            2.697  +01                                 1211100200351 
 9.535  -07            3.637  +01                                 1211100200352 
 9.782  -07            3.433  +01                                 1211100200353 
 1.003  -06            3.269  +01                                 1211100200354 
 1.029  -06 2.7    -08 3.109  +01 2.27   +00                      1211100200355 
 1.056  -06            3.189  +01                                 1211100200356 
 1.085  -06            3.341  +01                                 1211100200357 
 1.114  -06            2.931  +01                                 1211100200358 
 1.145  -06            3.775  +01                                 1211100200359 
 1.176  -06            2.901  +01                                 1211100200360 
 1.209  -06            2.923  +01                                 1211100200361 
 1.244  -06            3.412  +01                                 1211100200362 
 1.280  -06            2.931  +01                                 1211100200363 
 1.318  -06            3.616  +01                                 1211100200364 
 1.358  -06            3.595  +01                                 1211100200365 
 1.399  -06            3.511  +01                                 1211100200366 
 1.442  -06            2.968  +01                                 1211100200367 
 1.488  -06 4.5    -08 2.871  +01 2.24   +00                      1211100200368 
 1.535  -06            3.518  +01                                 1211100200369 
 1.585  -06            3.203  +01                                 1211100200370 
ENDDATA            364          0                                 1211100200371 
ENDSUBENT          370          0                                 1211100299999 
SUBENT        12111003   19821012                             00001211100300001 
BIB                  3          3                                 1211100300002 
REACTION   (69-TM-169(N,TOT),,SIG)                                1211100300003 
STATUS     (DEP,12111002)                                         1211100300004 
METHOD     EXTRAPOLATION                                          1211100300005 
ENDBIB               3          0                                 1211100300006 
NOCOMMON             0          0                                 1211100300007 
DATA                 3          1                                 1211100300008 
EN         DATA       DATA-ERR                                    1211100300009 
EV         B          B                                           1211100300010 
 0.0253     134.       3.                                         1211100300011 
ENDDATA              3          0                                 1211100300012 
ENDSUBENT           11          0                                 1211100399999 
ENDENTRY             3          0                                 1211199999999 
