ENTRY            12123   19821012                             00001212300000001 
SUBENT        12123001   19821012                             00001212300100001 
BIB                  5          7                                 1212300100002 
INSTITUTE  (1USABNL)                                              1212300100003 
REFERENCE  (W,SCHERMER,6402)                                      1212300100004 
           (W,SCHERMER,6109) RESONANCE PARAMETERS                 1212300100005 
AUTHOR     (R.SCHERMER)                                           1212300100006 
STATUS     (SCSRS)                                                1212300100007 
HISTORY    (760803T) TRANSLATED FROM SCISRS                       1212300100008 
           (821012A) CONVERTED TO REACTION FORMALISM              1212300100009 
ENDBIB               7          0                                 1212300100010 
NOCOMMON             0          0                                 1212300100011 
ENDSUBENT           10          0                                 1212300199999 
SUBENT        12123002   19821012                             00001212300200001 
BIB                  4          4                                 1212300200002 
REACTION   (67-HO-165(N,TOT),,SIG)                                1212300200003 
FACILITY   (SPECC)    CRYSTAL SPECTROMETER                        1212300200004 
SAMPLE     HO(2)O(3) POWDER SAMPLE                                1212300200005 
ASSUMED    (ASSUM,8-O-0(N,TOT),,SIG)                              1212300200006 
ENDBIB               4          0                                 1212300200007 
COMMON               1          3                                 1212300200008 
ASSUM                                                             1212300200009 
B                                                                 1212300200010 
 4.24                                                             1212300200011 
ENDCOMMON            3          0                                 1212300200012 
DATA                 3         63                                 1212300200013 
EN         DATA       DATA-ERR                                    1212300200014 
MEV        B          B                                           1212300200015 
 1.69   -08 1.232  +02 5.     -01                                 1212300200016 
 1.77   -08 1.209  +02 5.     -01                                 1212300200017 
 1.86   -08 1.171  +02 5.     -01                                 1212300200018 
 1.96   -08 1.168  +02 5.     -01                                 1212300200019 
 2.06   -08 1.129  +02 5.     -01                                 1212300200020 
 2.17   -08 1.102  +02 4.     -01                                 1212300200021 
 2.29   -08 1.074  +02 4.     -01                                 1212300200022 
 2.42   -08 1.037  +02 4.     -01                                 1212300200023 
 2.57   -08 1.010  +02 4.     -01                                 1212300200024 
 2.73   -08 9.75   +01 4.     -01                                 1212300200025 
 2.90   -08 9.50   +01 4.     -01                                 1212300200026 
 3.09   -08 9.10   +01 3.     -01                                 1212300200027 
 3.30   -08 8.89   +01 3.     -01                                 1212300200028 
 3.53   -08 8.57   +01 3.     -01                                 1212300200029 
 3.79   -08 8.22   +01 3.     -01                                 1212300200030 
 4.08   -08 7.93   +01 4.     -01                                 1212300200031 
 4.41   -08 7.60   +01 4.     -01                                 1212300200032 
 4.77   -08 7.41   +01 4.     -01                                 1212300200033 
 5.19   -08 7.10   +01 4.     -01                                 1212300200034 
 5.66   -08 6.62   +01 5.     -01                                 1212300200035 
 6.20   -08 6.40   +01 5.     -01                                 1212300200036 
 6.83   -08 5.96   +01 2.     -01                                 1212300200037 
 7.55   -08 5.73   +01 2.     -01                                 1212300200038 
 8.40   -08 5.48   +01 2.     -01                                 1212300200039 
 8.88   -08 5.08   +01 3.     -01                                 1212300200040 
 9.44   -08 4.95   +01 3.     -01                                 1212300200041 
 1.006  -07 4.83   +01 4.     -01                                 1212300200042 
 1.059  -07 4.76   +01 3.     -01                                 1212300200043 
 1.075  -07 4.65   +01 4.     -01                                 1212300200044 
 1.151  -07 4.56   +01 5.     -01                                 1212300200045 
 1.202  -07 4.48   +01 4.     -01                                 1212300200046 
 1.282  -07 4.31   +01 3.     -01                                 1212300200047 
 1.330  -07 4.26   +01 4.     -01                                 1212300200048 
 1.377  -07 4.22   +01 2.     -01                                 1212300200049 
 1.436  -07 4.06   +01 5.     -01                                 1212300200050 
 1.494  -07 4.06   +01 6.     -01                                 1212300200051 
 1.593  -07 3.98   +01 3.     -01                                 1212300200052 
 1.621  -07 3.89   +01 7.     -01                                 1212300200053 
 1.691  -07 3.81   +01 9.     -01                                 1212300200054 
 1.865  -07 3.63   +01 4.     -01                                 1212300200055 
 2.119  -07 3.40   +01 2.     -01                                 1212300200056 
 2.337  -07 3.34   +01 3.     -01                                 1212300200057 
 2.460  -07 3.15   +01 3.     -01                                 1212300200058 
 2.592  -07 3.14   +01 4.     -01                                 1212300200059 
 2.736  -07 3.09   +01 5.     -01                                 1212300200060 
 2.891  -07 2.95   +01 3.     -01                                 1212300200061 
 3.061  -07 2.91   +01 4.     -01                                 1212300200062 
 3.246  -07 2.87   +01 5.     -01                                 1212300200063 
 3.671  -07 2.77   +01 7.     -01                                 1212300200064 
 3.916  -07 2.67   +01 4.     -01                                 1212300200065 
 4.186  -07 2.52   +01 5.     -01                                 1212300200066 
 4.485  -07 2.58   +01 6.     -01                                 1212300200067 
 4.818  -07 2.49   +01 7.     -01                                 1212300200068 
 5.189  -07 2.51   +01 7.     -01                                 1212300200069 
 5.606  -07 2.38   +01 7.     -01                                 1212300200070 
 6.075  -07 2.17   +01 8.     -01                                 1212300200071 
 6.605  -07 2.16   +01 9.     -01                                 1212300200072 
 7.208  -07 1.82   +01 1.5    +00                                 1212300200073 
 7.898  -07 1.95   +01 6.     -01                                 1212300200074 
 8.693  -07 1.96   +01 6.     -01                                 1212300200075 
 1.069  -06 2.11   +01 7.     -01                                 1212300200076 
 1.196  -06 1.78   +01 7.     -01                                 1212300200077 
 1.347  -06 1.74   +01 7.     -01                                 1212300200078 
ENDDATA             65          0                                 1212300200079 
ENDSUBENT           78          0                                 1212300299999 
SUBENT        12123003   19821012                             00001212300300001 
BIB                  1          3                                 1212300300002 
REACTION  1(67-HO-165(N,0),,EN)                                   1212300300003 
          2(67-HO-165(N,TOT),,SIG,,RES)                           1212300300004 
          3(67-HO-165(N,TOT),,WID)                                1212300300005 
ENDBIB               3          0                                 1212300300006 
NOCOMMON             0          0                                 1212300300007 
DATA                 6          1                                 1212300300008 
DATA      1DATA-ERR  1DATA      2DATA-ERR  2DATA      3DATA-ERR  31212300300009 
EV         EV         B          B          MILLI-EV   MILLI-EV   1212300300010 
 3.924      0.01       9360.      200.       87.        2.        1212300300011 
ENDDATA              3          0                                 1212300300012 
ENDSUBENT           11          0                                 1212300399999 
ENDENTRY             3          0                                 1212399999999 
