ENTRY            12153   20190829                             145912153  0    1 
SUBENT        12153001   20190829                             145912153  1    1 
BIB                  6         10                                 12153  1    2 
TITLE      Identification of level spins by total cross-section   12153  1    3 
           measurements                                           12153  1    4 
AUTHOR     (R.E.Chrien,R.L.Zimmerman)                             12153  1    5 
REFERENCE  (J,BAP,3,19(F8),1958)                                  12153  1    6 
INSTITUTE  (1USABNL)                                              12153  1    7 
FACILITY   (CHOPF,1USABNL) Fast chopper.                          12153  1    8 
HISTORY    (19760803T) Translated from SCISRS.                    12153  1    9 
           (19821012A) converted to reaction formalism            12153  1   10 
           (20190829A) BP: Updated to new date formats, lower     12153  1   11 
           case. Corrections according last EXFOR rules and Dict. 12153  1   12 
ENDBIB              10          0                                 12153  1   13 
NOCOMMON             0          0                                 12153  1   14 
ENDSUBENT           13          0                                 12153  199999 
SUBENT        12153002   20190829                             145912153  2    1 
BIB                  2          2                                 12153  2    2 
REACTION   (74-W-0(N,TOT),,SIG)                                   12153  2    3 
STATUS     (TABLE) Authors, data.                                 12153  2    4 
ENDBIB               2          0                                 12153  2    5 
NOCOMMON             0          0                                 12153  2    6 
DATA                 2         75                                 12153  2    7 
EN         DATA                                                   12153  2    8 
EV         B                                                      12153  2    9 
       17.7       716.                                            12153  2   10 
       17.7      1250.                                            12153  2   11 
       17.8      1830.                                            12153  2   12 
       17.8      1710.                                            12153  2   13 
       17.9      1400.                                            12153  2   14 
       17.9      2320.                                            12153  2   15 
       18.0      2030.                                            12153  2   16 
       18.0      2450.                                            12153  2   17 
       18.1      2690.                                            12153  2   18 
       18.1      3200.                                            12153  2   19 
       18.2      3450.                                            12153  2   20 
       18.2      4010.                                            12153  2   21 
       18.3      4920.                                            12153  2   22 
       18.3      5290.                                            12153  2   23 
       18.4      6490.                                            12153  2   24 
       18.5      7920.                                            12153  2   25 
       18.5      9970.                                            12153  2   26 
       18.6     10200.                                            12153  2   27 
       18.6     12900.                                            12153  2   28 
       18.7     12100.                                            12153  2   29 
       18.7     13900.                                            12153  2   30 
       18.8     13000.                                            12153  2   31 
       18.8     12900.                                            12153  2   32 
       18.9     12100.                                            12153  2   33 
       19.0     11100.                                            12153  2   34 
       19.0     10100.                                            12153  2   35 
       19.1      8010.                                            12153  2   36 
       19.1      6870.                                            12153  2   37 
       19.2      5660.                                            12153  2   38 
       19.3      4900.                                            12153  2   39 
       19.3      3410.                                            12153  2   40 
       19.4      3520.                                            12153  2   41 
       19.4      2620.                                            12153  2   42 
       19.5      2380.                                            12153  2   43 
       19.8      1270.                                            12153  2   44 
       20.3       673.                                            12153  2   45 
       20.6       475.                                            12153  2   46 
       20.6       952.                                            12153  2   47 
       20.7       580.                                            12153  2   48 
       20.8      1140.                                            12153  2   49 
       20.8      1520.                                            12153  2   50 
       20.9      1570.                                            12153  2   51 
       21.0      2750.                                            12153  2   52 
       21.0      3250.                                            12153  2   53 
       21.1      3050.                                            12153  2   54 
       21.2      3010.                                            12153  2   55 
       21.2      2000.                                            12153  2   56 
       21.3      1440.                                            12153  2   57 
       21.4       952.                                            12153  2   58 
       21.4       601.                                            12153  2   59 
       21.5       587.                                            12153  2   60 
       21.6       88.6                                            12153  2   61 
       21.9       82.1                                            12153  2   62 
       26.3       141.                                            12153  2   63 
       26.7       503.                                            12153  2   64 
       26.9       900.                                            12153  2   65 
       27.0      1440.                                            12153  2   66 
       27.1      1010.                                            12153  2   67 
       27.2       735.                                            12153  2   68 
       27.5       138.                                            12153  2   69 
       27.9       82.1                                            12153  2   70 
       44.0       59.0                                            12153  2   71 
       44.9       185.                                            12153  2   72 
       45.5       213.                                            12153  2   73 
       45.9       853.                                            12153  2   74 
       46.1       939.                                            12153  2   75 
       46.3       752.                                            12153  2   76 
       46.5       363.                                            12153  2   77 
       46.7       263.                                            12153  2   78 
       47.1       98.0                                            12153  2   79 
       47.4       284.                                            12153  2   80 
       47.7       284.                                            12153  2   81 
       47.9       386.                                            12153  2   82 
       48.1       241.                                            12153  2   83 
       48.9       59.0                                            12153  2   84 
ENDDATA             77          0                                 12153  2   85 
ENDSUBENT           84          0                                 12153  299999 
SUBENT        12153003   20190829                             145912153  3    1 
BIB                  2          3                                 12153  3    2 
REACTION   (74-W-183(N,0),,J)                                     12153  3    3 
STATUS     (DEP,12153002)                                         12153  3    4 
           (TABLE) page 19 of Bull.Am.Phys.Soc.3,19(F8),1958.     12153  3    5 
ENDBIB               3          0                                 12153  3    6 
NOCOMMON             0          0                                 12153  3    7 
DATA                 2          2                                 12153  3    8 
EN-RES     DATA                                                   12153  3    9 
EV         NO-DIM                                                 12153  3   10 
        27.         1.                                            12153  3   11 
        46.         0.                                            12153  3   12 
ENDDATA              4          0                                 12153  3   13 
ENDSUBENT           12          0                                 12153  399999 
ENDENTRY             3          0                                 1215399999999 
