ENTRY            12169   19821012                             00001216900000001 
SUBENT        12169001   19821012                             00001216900100001 
BIB                  7          8                                 1216900100002 
INSTITUTE  (1USABNL)                                              1216900100003 
REFERENCE  (J,PR,92,1509,53)                                      1216900100004 
AUTHOR     (R.L.CHRISTENSEN)                                      1216900100005 
TITLE      SLOW NEUTRON RESONANCES IN TANTALUM.                   1216900100006 
FACILITY   (SPECC) CRYSTAL SPECTROMETER                           1216900100007 
STATUS     (SCSRS)                                                1216900100008 
HISTORY    (760803T) TRANSLATED FROM SCISRS                       1216900100009 
           (821012A) CONVERTED TO REACTION FORMALISM              1216900100010 
ENDBIB               8          0                                 1216900100011 
NOCOMMON             0          0                                 1216900100012 
ENDSUBENT           11          0                                 1216900199999 
SUBENT        12169002   19821012                             00001216900200001 
BIB                  2          2                                 1216900200002 
REACTION   (73-TA-0(N,TOT),,SIG)                                  1216900200003 
STATUS     (CURVE) READ FROM CURVE FOR BNL-325                    1216900200004 
ENDBIB               2          0                                 1216900200005 
NOCOMMON             0          0                                 1216900200006 
DATA                 2         69                                 1216900200007 
EN         DATA                                                   1216900200008 
EV         B                                                      1216900200009 
 0.274      13.                                                   1216900200010 
 0.285      12.3                                                  1216900200011 
 0.295      12.7                                                  1216900200012 
 0.311      12.3                                                  1216900200013 
 0.325      12.2                                                  1216900200014 
 0.343      12.3                                                  1216900200015 
 0.36       12.1                                                  1216900200016 
 0.4        12.                                                   1216900200017 
 0.422      12.1                                                  1216900200018 
 0.45       12.6                                                  1216900200019 
 0.48       11.75                                                 1216900200020 
 0.502      11.5                                                  1216900200021 
 0.54       11.3                                                  1216900200022 
 0.60       11.                                                   1216900200023 
 0.615      10.6                                                  1216900200024 
 0.65       10.4                                                  1216900200025 
 0.68       10.8                                                  1216900200026 
 0.72       10.5                                                  1216900200027 
 0.77       10.6                                                  1216900200028 
 0.84       10.5                                                  1216900200029 
 0.905      10.6                                                  1216900200030 
 0.985      10.4                                                  1216900200031 
  1.04       10.2                                                 1216900200032 
  1.2        10.25                                                1216900200033 
  1.4        10.4                                                 1216900200034 
  1.65       10.5                                                 1216900200035 
  1.85       10.3                                                 1216900200036 
  2.05       11.2                                                 1216900200037 
  2.25       11.1                                                 1216900200038 
  2.46       12.3                                                 1216900200039 
  2.65       13.3                                                 1216900200040 
  2.88       15.1                                                 1216900200041 
  3.14       17.5                                                 1216900200042 
  3.20       21.2                                                 1216900200043 
  3.22       20.                                                  1216900200044 
  3.30       23.                                                  1216900200045 
  3.38       24.9                                                 1216900200046 
  3.45       30.                                                  1216900200047 
  3.5        33.                                                  1216900200048 
  3.6        39.2                                                 1216900200049 
  3.7        50.                                                  1216900200050 
  3.8        60.                                                  1216900200051 
  3.88       85.5                                                 1216900200052 
  3.98      120.                                                  1216900200053 
  4.03      180.                                                  1216900200054 
  4.05      235.                                                  1216900200055 
  4.10      395.                                                  1216900200056 
  4.13      690.                                                  1216900200057 
  4.25      500.                                                  1216900200058 
  4.67      265.                                                  1216900200059 
  4.70      160.                                                  1216900200060 
  4.80       91.                                                  1216900200061 
  4.92       59.                                                  1216900200062 
  5.08       45.2                                                 1216900200063 
  5.2        35.5                                                 1216900200064 
  5.38       27.                                                  1216900200065 
  5.6        20.5                                                 1216900200066 
  5.8        18.                                                  1216900200067 
  5.9        16.2                                                 1216900200068 
  6.1        15.5                                                 1216900200069 
  6.5        12.4                                                 1216900200070 
  7.1        10.6                                                 1216900200071 
  7.45        9.85                                                1216900200072 
  8.05        9.2                                                 1216900200073 
  9.0        11.3                                                 1216900200074 
  9.4        12.7                                                 1216900200075 
  9.75       24.2                                                 1216900200076 
 10.         75.5                                                 1216900200077 
 10.1       173.                                                  1216900200078 
ENDDATA             71          0                                 1216900200079 
ENDSUBENT           78          0                                 1216900299999 
SUBENT        12169003   19821012                             00001216900300001 
BIB                  2          5                                 1216900300002 
REACTION  1(73-TA-0(N,0),,EN)                                     1216900300003 
          2(73-TA-0(N,TOT),,SIG,,RES)                             1216900300004 
          3(73-TA-0(N,TOT),,WID,,SQ/S0)                           1216900300005 
ANALYSIS   (AREA) AREA ANALYSIS. LEVEL STRENGTHS INCREASED BY AN  1216900300006 
            ARBITRARY WING-FITTING FACTOR OF 1/3.                 1216900300007 
ENDBIB               5          0                                 1216900300008 
NOCOMMON             0          0                                 1216900300009 
DATA                 7          7                                 1216900300010 
DATA      1DATA-ERR  1DATA      2DATA-ERR  2DATA      3DATA-ERR  31216900300011 
DATA-APRX 3                                                       1216900300012 
EV         EV         B          B          B*EV-SQ    B*EV-SQ    1216900300013 
B*EV-SQ                                                           1216900300014 
  4.29      0.02       4200.      50.        59.        5.        1216900300015 
                                                                  1216900300016 
 10.36      0.05        710.       5.        32.        5.        1216900300017 
                                                                  1216900300018 
 13.9       0.1          60.       3.        12.        2.        1216900300019 
                                                                  1216900300020 
 20.7       0.2          35.       3.         7.        2.        1216900300021 
                                                                  1216900300022 
 24.2       0.2          48.       3.        27.        5.        1216900300023 
                                                                  1216900300024 
 36.7       0.3         100.       5.                             1216900300025 
 250.                                                             1216900300026 
 39.4       0.5          80.       4.                             1216900300027 
 180.                                                             1216900300028 
ENDDATA             18          0                                 1216900300029 
ENDSUBENT           28          0                                 1216900399999 
ENDENTRY             3          0                                 1216999999999 
