ENTRY            12178   19821012                             00001217800000001 
SUBENT        12178001   19821012                             00001217800100001 
BIB                  7          8                                 1217800100002 
INSTITUTE  (1USABNL)                                              1217800100003 
REFERENCE  (J,PR,100,1414,5512)                                   1217800100004 
AUTHOR     (H.H.LANDON)                                           1217800100005 
TITLE      RADIATION WIDTHS IN SLOW NEUTRON RESONANCES            1217800100006 
FACILITY   (SPECC) CRYSTAL SPECTROMETER                           1217800100007 
STATUS     (SCSRS)                                                1217800100008 
HISTORY    (760803T) TRANSLATED FROM SCISRS                       1217800100009 
           (821012A) CONVERTED TO REACTION FORMALISM              1217800100010 
ENDBIB               8          0                                 1217800100011 
NOCOMMON             0          0                                 1217800100012 
ENDSUBENT           11          0                                 1217800199999 
SUBENT        12178002   19821012                             00001217800200001 
BIB                  1          1                                 1217800200002 
REACTION   (77-IR-0(N,TOT),,SIG)                                  1217800200003 
ENDBIB               1          0                                 1217800200004 
NOCOMMON             0          0                                 1217800200005 
DATA                 2        127                                 1217800200006 
EN         DATA                                                   1217800200007 
MEV        B                                                      1217800200008 
 4.60   -07 2.80   +02                                            1217800200009 
 4.72   -07 3.10   +02                                            1217800200010 
 4.87   -07 3.30   +02                                            1217800200011 
 5.02   -07 3.75   +02                                            1217800200012 
 5.14   -07 4.35   +02                                            1217800200013 
 5.17   -07 4.60   +02                                            1217800200014 
 5.33   -07 5.45   +02                                            1217800200015 
 5.51   -07 6.70   +02                                            1217800200016 
 5.68   -07 9.60   +02                                            1217800200017 
 5.71   -07 1.000  +03                                            1217800200018 
 5.75   -07 1.045  +03                                            1217800200019 
 5.76   -07 1.100  +03                                            1217800200020 
 5.78   -07 1.150  +03                                            1217800200021 
 5.80   -07 1.180  +03                                            1217800200022 
 5.83   -07 1.260  +03                                            1217800200023 
 5.86   -07 1.320  +03                                            1217800200024 
 5.88   -07 1.370  +03                                            1217800200025 
 5.93   -07 1.410  +03                                            1217800200026 
 5.98   -07 1.760  +03                                            1217800200027 
 6.09   -07 2.240  +03                                            1217800200028 
 6.11   -07 2.370  +03                                            1217800200029 
 6.13   -07 2.560  +03                                            1217800200030 
 6.15   -07 2.650  +03                                            1217800200031 
 6.19   -07 2.860  +03                                            1217800200032 
 6.20   -07 2.980  +03                                            1217800200033 
 6.22   -07 3.040  +03                                            1217800200034 
 6.23   -07 3.280  +03                                            1217800200035 
 6.26   -07 3.430  +03                                            1217800200036 
 6.29   -07 3.580  +03                                            1217800200037 
 6.31   -07 3.760  +03                                            1217800200038 
 6.32   -07 3.840  +03                                            1217800200039 
 6.34   -07 3.970  +03                                            1217800200040 
 6.35   -07 4.040  +03                                            1217800200041 
 6.37   -07 4.130  +03                                            1217800200042 
 6.38   -07 4.220  +03                                            1217800200043 
 6.39   -07 4.290  +03                                            1217800200044 
 6.40   -07 4.380  +03                                            1217800200045 
 6.42   -07 4.580  +03                                            1217800200046 
 6.46   -07 4.660  +03                                            1217800200047 
 6.49   -07 4.780  +03                                            1217800200048 
 6.51   -07 4.800  +03                                            1217800200049 
 6.54   -07 4.820  +03                                            1217800200050 
 6.57   -07 4.820  +03                                            1217800200051 
 6.60   -07 4.780  +03                                            1217800200052 
 6.62   -07 4.700  +03                                            1217800200053 
 6.63   -07 4.660  +03                                            1217800200054 
 6.66   -07 4.520  +03                                            1217800200055 
 6.69   -07 4.340  +03                                            1217800200056 
 6.71   -07 4.160  +03                                            1217800200057 
 6.75   -07 3.960  +03                                            1217800200058 
 6.78   -07 3.740  +03                                            1217800200059 
 6.81   -07 3.520  +03                                            1217800200060 
 6.85   -07 3.300  +03                                            1217800200061 
 6.87   -07 3.100  +03                                            1217800200062 
 6.90   -07 2.900  +03                                            1217800200063 
 6.93   -07 2.660  +03                                            1217800200064 
 6.97   -07 2.480  +03                                            1217800200065 
 7.00   -07 2.360  +03                                            1217800200066 
 7.03   -07 2.130  +03                                            1217800200067 
 7.06   -07 2.000  +03                                            1217800200068 
 7.08   -07 1.820  +03                                            1217800200069 
 7.12   -07 1.790  +03                                            1217800200070 
 7.16   -07 1.600  +03                                            1217800200071 
 7.22   -07 1.470  +03                                            1217800200072 
 7.25   -07 1.290  +03                                            1217800200073 
 7.30   -07 1.140  +03                                            1217800200074 
 7.33   -07 1.100  +03                                            1217800200075 
 7.36   -07 1.020  +03                                            1217800200076 
 7.40   -07 9.80   +02                                            1217800200077 
 7.46   -07 8.25   +02                                            1217800200078 
 7.50   -07 8.40   +02                                            1217800200079 
 7.52   -07 7.40   +02                                            1217800200080 
 7.57   -07 7.00   +02                                            1217800200081 
 7.68   -07 6.10   +02                                            1217800200082 
 7.83   -07 4.90   +02                                            1217800200083 
 7.98   -07 4.00   +02                                            1217800200084 
 8.13   -07 3.20   +02                                            1217800200085 
 8.30   -07 3.00   +02                                            1217800200086 
 8.46   -07 2.60   +02                                            1217800200087 
 1.096  -06 3.40   +02                                            1217800200088 
 1.122  -06 4.00   +02                                            1217800200089 
 1.148  -06 5.35   +02                                            1217800200090 
 1.174  -06 7.60   +02                                            1217800200091 
 1.179  -06 7.50   +02                                            1217800200092 
 1.183  -06 8.10   +02                                            1217800200093 
 1.186  -06 8.35   +02                                            1217800200094 
 1.19   -06 9.00   +02                                            1217800200095 
 1.192  -06 9.75   +02                                            1217800200096 
 1.197  -06 1.000  +03                                            1217800200097 
 1.204  -06 1.120  +03                                            1217800200098 
 1.207  -06 1.220  +03                                            1217800200099 
 1.212  -06 1.250  +03                                            1217800200100 
 1.215  -06 1.360  +03                                            1217800200101 
 1.219  -06 1.420  +03                                            1217800200102 
 1.222  -06 1.550  +03                                            1217800200103 
 1.225  -06 1.680  +03                                            1217800200104 
 1.233  -06 1.960  +03                                            1217800200105 
 1.241  -06 2.300  +03                                            1217800200106 
 1.25   -06 2.700  +03                                            1217800200107 
 1.257  -06 3.130  +03                                            1217800200108 
 1.265  -06 3.720  +03                                            1217800200109 
 1.273  -06 4.300  +03                                            1217800200110 
 1.28   -06 4.955  +03                                            1217800200111 
 1.288  -06 5.300  +03                                            1217800200112 
 1.296  -06 5.725  +03                                            1217800200113 
 1.303  -06 5.570  +03                                            1217800200114 
 1.31   -06 5.510  +03                                            1217800200115 
 1.313  -06 5.500  +03                                            1217800200116 
 1.32   -06 5.150  +03                                            1217800200117 
 1.33   -06 4.700  +03                                            1217800200118 
 1.338  -06 4.050  +03                                            1217800200119 
 1.347  -06 3.500  +03                                            1217800200120 
 1.355  -06 2.900  +03                                            1217800200121 
 1.365  -06 2.420  +03                                            1217800200122 
 1.375  -06 1.980  +03                                            1217800200123 
 1.382  -06 1.700  +03                                            1217800200124 
 1.391  -06 1.410  +03                                            1217800200125 
 1.40   -06 1.175  +03                                            1217800200126 
 1.409  -06 1.040  +03                                            1217800200127 
 1.418  -06 8.80   +02                                            1217800200128 
 1.427  -06 7.50   +02                                            1217800200129 
 1.437  -06 6.80   +02                                            1217800200130 
 1.447  -06 5.70   +02                                            1217800200131 
 1.455  -06 5.00   +02                                            1217800200132 
 1.464  -06 4.75   +02                                            1217800200133 
 1.475  -06 4.00   +02                                            1217800200134 
 1.515  -06 2.80   +02                                            1217800200135 
ENDDATA            129          0                                 1217800200136 
ENDSUBENT          135          0                                 1217800299999 
SUBENT        12178003   19821012                             00001217800300001 
BIB                  1          5                                 1217800300002 
REACTION  1(74-W-182(N,0),,EN)                                    1217800300003 
          2(74-W-182(N,TOT),,SIG,,RES/A)                          1217800300004 
          3(74-W-182(N,TOT),,WID)                                 1217800300005 
          4(74-W-182(N,EL),,WID)                                  1217800300006 
          5(74-W-182(N,G),,WID)                                   1217800300007 
ENDBIB               5          0                                 1217800300008 
NOCOMMON             0          0                                 1217800300009 
DATA                11          1                                 1217800300010 
DATA      1DATA-ERR  1DATA      2DATA-ERR  2DATA      3DATA-ERR  31217800300011 
DATA      4DATA-ERR  4DATA      5DATA-ERR  5STAT-W G              1217800300012 
EV         EV         B          B          EV         EV         1217800300013 
EV         EV         EV         EV         NO-DIM                1217800300014 
 4.14       0.03       5050.      200.       0.047      0.002     1217800300015 
 14.3   -04 0.3    -04 0.046      0.002      1.                   1217800300016 
ENDDATA              6          0                                 1217800300017 
ENDSUBENT           16          0                                 1217800399999 
SUBENT        12178004   19821012                             00001217800400001 
BIB                  2          6                                 1217800400002 
REACTION  1(77-IR-191(N,0),,EN)                                   1217800400003 
          2(77-IR-191(N,TOT),,SIG,,RES/A)                         1217800400004 
          3(77-IR-191(N,TOT),,WID)                                1217800400005 
          4(77-IR-191(N,EL),,WID,,G)                              1217800400006 
          5(77-IR-191(N,G),,WID)                                  1217800400007 
COMMENT    ISOTOPIC ASSIGNMENT UNCERTAIN.                         1217800400008 
ENDBIB               6          0                                 1217800400009 
NOCOMMON             0          0                                 1217800400010 
DATA                11          2                                 1217800400011 
DATA      1DATA-ERR  1DATA      2DATA-ERR  2DATA      3DATA-ERR  31217800400012 
DATA      4DATA-ERR  4DATA      5DATA-ERR  5STAT-W G              1217800400013 
EV         EV         B          B          EV         EV         1217800400014 
EV         EV         EV         EV         NO-DIM                1217800400015 
 0.654      0.002      5290.      100.       0.074      0.001     1217800400016 
 2.5    -04 0.1    -04 0.0735     0.001      0.5                  1217800400017 
 5.36       0.04       9200.      500.       0.074      0.005     1217800400018 
 3.6    -03 0.2    -03 0.067      0.005      0.5                  1217800400019 
ENDDATA              8          0                                 1217800400020 
ENDSUBENT           19          0                                 1217800499999 
SUBENT        12178005   19821012                             00001217800500001 
BIB                  1          5                                 1217800500002 
REACTION  1(77-IR-193(N,0),,EN)                                   1217800500003 
          2(77-IR-193(N,TOT),,SIG,,RES/A)                         1217800500004 
          3(77-IR-193(N,TOT),,WID)                                1217800500005 
          4(77-IR-193(N,EL),,WID,,G)                              1217800500006 
          5(77-IR-193(N,G),,WID)                                  1217800500007 
ENDBIB               5          0                                 1217800500008 
NOCOMMON             0          0                                 1217800500009 
DATA                11          1                                 1217800500010 
DATA      1DATA-ERR  1DATA      2DATA-ERR  2DATA      3DATA-ERR  31217800500011 
DATA      4DATA-ERR  4DATA      5DATA-ERR  5STAT-W G              1217800500012 
EV         EV         B          B          EV         EV         1217800500013 
EV         EV         EV         EV         NO-DIM                1217800500014 
 1.303      0.005      6390.      120.       0.0875     0.001     1217800500015 
 4.6    -04 0.1    -04 0.0865     0.001      0.5                  1217800500016 
ENDDATA              6          0                                 1217800500017 
ENDSUBENT           16          0                                 1217800599999 
SUBENT        12178006   19821012                             00001217800600001 
BIB                  1          1                                 1217800600002 
REACTION   (77-IR-0(N,0),,EN)                                     1217800600003 
ENDBIB               1          0                                 1217800600004 
NOCOMMON             0          0                                 1217800600005 
DATA                 1          3                                 1217800600006 
DATA                                                              1217800600007 
EV                                                                1217800600008 
 6.1                                                              1217800600009 
 9.03                                                             1217800600010 
 9.9                                                              1217800600011 
ENDDATA              5          0                                 1217800600012 
ENDSUBENT           11          0                                 1217800699999 
SUBENT        12178007   19821012                             00001217800700001 
BIB                  1          5                                 1217800700002 
REACTION  1(71-LU-176(N,0),,EN)                                   1217800700003 
          2(71-LU-176(N,TOT),,SIG,,RES/A)                         1217800700004 
          3(71-LU-176(N,TOT),,WID)                                1217800700005 
          4(71-LU-176(N,EL),,WID,,G)                              1217800700006 
          5(71-LU-176(N,G),,WID)                                  1217800700007 
ENDBIB               5          0                                 1217800700008 
NOCOMMON             0          0                                 1217800700009 
DATA                11          1                                 1217800700010 
DATA      1DATA-ERR  1DATA      2DATA-ERR  2DATA      3DATA-ERR  31217800700011 
DATA      4DATA-ERR  4DATA      5DATA-ERR  5STAT-W G              1217800700012 
EV         EV         B          B          EV         EV         1217800700013 
EV         EV         EV         EV         NO-DIM                1217800700014 
 2.604      0.010      1970.      40.        0.059      0.001     1217800700015 
 4.5    -03 0.1    -03 0.050      0.001      0.5                  1217800700016 
ENDDATA              6          0                                 1217800700017 
ENDSUBENT           16          0                                 1217800799999 
SUBENT        12178008   19821012                             00001217800800001 
BIB                  1          4                                 1217800800002 
REACTION  1(71-LU-0(N,0),,EN)                                     1217800800003 
          2(71-LU-0(N,TOT),,SIG,,RES)                             1217800800004 
          3(71-LU-0(N,TOT),,WID)                                  1217800800005 
          4(71-LU-0(N,G),,WID)                                    1217800800006 
ENDBIB               4          0                                 1217800800007 
NOCOMMON             0          0                                 1217800800008 
DATA                 9          1                                 1217800800009 
DATA      1DATA-ERR  1DATA      2DATA-ERR  2DATA      3DATA-ERR  31217800800010 
DATA      4DATA-ERR  4STAT-W G                                    1217800800011 
EV         EV         B          B          EV         EV         1217800800012 
EV         EV         NO-DIM                                      1217800800013 
 1.574      0.006      207.       20.        0.055      0.005     1217800800014 
 0.055      0.005      0.5                                        1217800800015 
ENDDATA              6          0                                 1217800800016 
ENDSUBENT           15          0                                 1217800899999 
ENDENTRY             8          0                                 1217899999999 
