ENTRY            12208   20080624                             13491220800000001 
SUBENT        12208001   20080624                             13491220800100001 
BIB                  8         11                                 1220800100002 
INSTITUTE  (1USABRN)                                              1220800100003 
REFERENCE  (J,PR,106,965,1957)                                    1220800100004 
AUTHOR     (R.A.Peck Jr)                                          1220800100005 
TITLE       (n,p) Reaction for Gold.                              1220800100006 
FACILITY   (CCW)                                                  1220800100007 
INC-SOURCE (D-T)                                                  1220800100008 
DETECTOR   (TRD)      Nuclear emulsions                           1220800100009 
HISTORY    (19760803T) Translated from SCISRS                     1220800100010 
           (19821012A) Converted to REACTION formalism            1220800100011 
           (20080624A) Converted to new date formats, lower case. 1220800100012 
                       BIB updates.  Energy moved.                1220800100013 
ENDBIB              11          0                                 1220800100014 
COMMON               1          3                                 1220800100015 
EN                                                                1220800100016 
MEV                                                               1220800100017 
 14.                                                              1220800100018 
ENDCOMMON            3          0                                 1220800100019 
ENDSUBENT           18          0                                 1220800199999 
SUBENT        12208002   20080624                             13491220800200001 
BIB                  4          4                                 1220800200002 
REACTION   (79-AU-197(N,P)78-PT-197,PAR,DA,,AV)                   1220800200003 
ERR-ANALYS (ERR-S) Statistical error                              1220800200004 
STATUS     (SCSRS)                                                1220800200005 
HISTORY    (20080624A) Reaction modifier added.                   1220800200006 
ENDBIB               4          0                                 1220800200007 
COMMON               1          3                                 1220800200008 
ANG-RSL                                                           1220800200009 
ADEG                                                              1220800200010 
 2.5                                                              1220800200011 
ENDCOMMON            3          0                                 1220800200012 
DATA                 5         32                                 1220800200013 
E-MIN      E-MAX      COS        DATA       ERR-S                 1220800200014 
MEV        MEV        NO-DIM     MB/SR      MB/SR                 1220800200015 
 5.4    +00 8.2    +00 0.67600    1.14   +00 8.0    -01           1220800200016 
 5.4    +00 8.2    +00 0.79300    9.5    -01 2.7    -01           1220800200017 
 5.4    +00 8.2    +00 0.84300    1.21   +00 2.8    -01           1220800200018 
 5.4    +00 8.2    +00 0.88700    1.70   +00 3.8    -01           1220800200019 
 5.4    +00 8.2    +00 0.92390    1.41   +00 4.7    -01           1220800200020 
 5.4    +00 8.2    +00 0.95370    1.55   +00 6.2    -01           1220800200021 
 5.4    +00 8.2    +00 0.97630    6.2    -01 4.3    -01           1220800200022 
 8.3    +00 9.7    +00 0.67600    2.14   +00 3.4    -01           1220800200023 
 8.3    +00 9.7    +00 0.79300    1.07   +00 2.4    -01           1220800200024 
 8.3    +00 9.7    +00 0.84300    5.0    -01 2.1    -01           1220800200025 
 8.3    +00 9.7    +00 0.88700    2.4    -01 1.4    -01           1220800200026 
 8.3    +00 9.7    +00 0.92390    2.0    -01 1.4    -01           1220800200027 
 8.3    +00 9.7    +00 0.95370    2.8    -01 1.7    -01           1220800200028 
 8.3    +00 9.7    +00 0.97630    7.5    -01 3.7    -01           1220800200029 
 10.0   +00 11.0   +00 0.67600    7.7    -01 2.8    -01           1220800200030 
 10.0   +00 11.0   +00 0.79300    1.93   +00 3.5    -01           1220800200031 
 10.0   +00 11.0   +00 0.84300    1.75   +00 3.5    -01           1220800200032 
 10.0   +00 11.0   +00 0.88700    1.64   +00 3.4    -01           1220800200033 
 10.0   +00 11.0   +00 0.92390    9.5    -01 5.7    -01           1220800200034 
 10.0   +00 11.0   +00 0.95370    2.8    -01 2.8    -01           1220800200035 
 10.0   +00 11.0   +00 0.97630    3.5    -01 3.5    -01           1220800200036 
 11.5   +00 12.1   +00 0.79300    1.4    -01 1.4    -01           1220800200037 
 11.5   +00 12.1   +00 0.84300    1.14   +00 2.8    -01           1220800200038 
 11.5   +00 12.1   +00 0.88700    2.42   +00 4.8    -01           1220800200039 
 11.5   +00 12.1   +00 0.92390    4.66   +00 7.8    -01           1220800200040 
 11.5   +00 12.1   +00 0.95370    1.14   +00 6.2    -01           1220800200041 
 11.5   +00 12.1   +00 0.97630    7.1    -01 4.7    -01           1220800200042 
 12.6   +00 13.7   +00 0.84300    4.     -01 3.     -01           1220800200043 
 12.6   +00 13.7   +00 0.88700    1.1    +00 5.     -01           1220800200044 
 12.6   +00 13.7   +00 0.92390    6.0    +00 8.     -01           1220800200045 
 12.6   +00 13.7   +00 0.95370    6.8    +00 1.2    +00           1220800200046 
 12.6   +00 13.7   +00 0.97630    1.28   +01 1.8    +00           1220800200047 
ENDDATA             34          0                                 1220800200048 
ENDSUBENT           47          0                                 1220800299999 
SUBENT        12208003   20080624                             13491220800300001 
BIB                  4          8                                 1220800300002 
REACTION   (79-AU-197(N,P)78-PT-197,PAR,SIG)                      1220800300003 
ERR-ANALYS (ERR-S) Statistical error                              1220800300004 
           (ERR-SYS) Systematic uncertainty.                      1220800300005 
STATUS     (TABLE) Data taken from Table IV in reference.         1220800300006 
           (DEP,12208004) Integrated angular distribution for     1220800300007 
             group, extrapolated where necessary.                 1220800300008 
HISTORY    (20080624A) Data replaced with data for excitation     1220800300009 
                       groups.                                    1220800300010 
ENDBIB               8          0                                 1220800300011 
COMMON               1          3                                 1220800300012 
ERR-SYS                                                           1220800300013 
PER-CENT                                                          1220800300014 
 39.                                                              1220800300015 
ENDCOMMON            3          0                                 1220800300016 
DATA                 3          5                                 1220800300017 
E-EXC      DATA       ERR-S                                       1220800300018 
MEV        B          PER-CENT                                    1220800300019 
  0.20       8.60       8.                                        1220800300020 
  1.60       2.25      10.                                        1220800300021 
  2.88       1.98      10.                                        1220800300022 
  4.44       5.24      12.                                        1220800300023 
  6.05       2.46      10.                                        1220800300024 
ENDDATA              7          0                                 1220800300025 
ENDSUBENT           24          0                                 1220800399999 
SUBENT        12208004   20080624                             13491220800400001 
BIB                  3          3                                 1220800400002 
REACTION   (79-AU-197(N,P)78-PT-197,,DA)                          1220800400003 
ERR-ANALYS (ERR-S) Statistical error                              1220800400004 
STATUS     (SCSRS)                                                1220800400005 
ENDBIB               3          0                                 1220800400006 
COMMON               1          3                                 1220800400007 
ANG-RSL                                                           1220800400008 
ADEG                                                              1220800400009 
 2.5                                                              1220800400010 
ENDCOMMON            3          0                                 1220800400011 
DATA                 3          7                                 1220800400012 
COS        DATA       ERR-S                                       1220800400013 
NO-DIM     MB/SR      MB/SR                                       1220800400014 
 0.97630    1.45   +01 1.4    +00                                 1220800400015 
 0.95370    1.05   +01 1.0    +00                                 1220800400016 
 0.92390    1.31   +01 1.1    +00                                 1220800400017 
 0.88700    6.8    +00 8.     -01                                 1220800400018 
 0.84300    5.0    +00 4.     -01                                 1220800400019 
 0.79300    3.7    +00 4.     -01                                 1220800400020 
 0.67600    4.5    +00 5.     -01                                 1220800400021 
ENDDATA              9          0                                 1220800400022 
ENDSUBENT           21          0                                 1220800499999 
ENDENTRY             4          0                                 1220899999999 
