ENTRY            12215   19821012                             00001221500000001 
SUBENT        12215001   19821012                             00001221500100001 
BIB                  6          7                                 1221500100002 
INSTITUTE  (1USAORL)                                              1221500100003 
REFERENCE  (J,PR,127,2192,62)                                     1221500100004 
AUTHOR     (J.L.FOWLER,E.C.CAMPBELL)                              1221500100005 
TITLE      TOTAL NEUTRON CROSS SECTION OF PB208.                  1221500100006 
STATUS     (SCSRS)                                                1221500100007 
HISTORY    (760803T) TRANSLATED FROM SCISRS                       1221500100008 
           (821012A) CONVERTED TO REACTION FORMALISM              1221500100009 
ENDBIB               7          0                                 1221500100010 
NOCOMMON             0          0                                 1221500100011 
ENDSUBENT           10          0                                 1221500199999 
SUBENT        12215002   19821012                             00001221500200001 
BIB                  2          2                                 1221500200002 
REACTION   (82-PB-0(N,EL),,DA)                                    1221500200003 
DETECTOR   (PROPC)    PROPORTIONAL COUNTER                        1221500200004 
ENDBIB               2          0                                 1221500200005 
COMMON               1          3                                 1221500200006 
EN-RSL                                                            1221500200007 
MEV                                                               1221500200008 
 5.     -02                                                       1221500200009 
ENDCOMMON            3          0                                 1221500200010 
DATA                 4         31                                 1221500200011 
EN         COS-CM     DATA       DATA-ERR                         1221500200012 
MEV        NO-DIM     MB/SR      MB/SR                            1221500200013 
 1.20   +00 0.88000    9.60   +02 4.0    +01                      1221500200014 
 1.20   +00 0.80000    7.00   +02 3.0    +01                      1221500200015 
 1.20   +00 0.60000    3.40   +02 3.5    +01                      1221500200016 
 1.20   +00 0.40000    2.22   +02 1.5    +01                      1221500200017 
 1.20   +00 0.20000    2.10   +02 1.7    +01                      1221500200018 
 1.20   +00 0.00000    2.85   +02 1.5    +01                      1221500200019 
 1.20   +00-0.2000     3.75   +02 2.0    +01                      1221500200020 
 1.20   +00-0.4000     4.45   +02 2.0    +01                      1221500200021 
 1.20   +00-0.6000     3.75   +02 1.5    +01                      1221500200022 
 1.20   +00-0.7200     3.80   +02 1.5    +01                      1221500200023 
 2.20   +00 0.88000    1.330  +03 6.0    +01                      1221500200024 
 2.20   +00 0.80000    8.00   +02 3.0    +01                      1221500200025 
 2.20   +00 0.60000    2.92   +02 2.0    +01                      1221500200026 
 2.20   +00 0.40000    2.90   +02 2.0    +01                      1221500200027 
 2.20   +00 0.20000    2.75   +02 2.0    +01                      1221500200028 
 2.20   +00 0.00000    4.20   +02 3.0    +01                      1221500200029 
 2.20   +00-0.2000     5.20   +02 3.0    +01                      1221500200030 
 2.20   +00-0.4000     4.90   +02 3.0    +01                      1221500200031 
 2.20   +00-0.6000     4.15   +02 3.0    +01                      1221500200032 
 2.20   +00-0.6600     3.90   +02 3.0    +01                      1221500200033 
 2.20   +00-0.7200     3.70   +02 3.0    +01                      1221500200034 
 3.20   +00 0.88000    1.730  +03 7.0    +01                      1221500200035 
 3.20   +00 0.80000    9.90   +02 6.0    +01                      1221500200036 
 3.20   +00 0.60000    3.25   +02 3.0    +01                      1221500200037 
 3.20   +00 0.40000    3.15   +02 3.0    +01                      1221500200038 
 3.20   +00 0.20000    3.10   +02 3.0    +01                      1221500200039 
 3.20   +00 0.00000    4.65   +02 4.0    +01                      1221500200040 
 3.20   +00-0.2000     4.25   +02 3.5    +01                      1221500200041 
 3.20   +00-0.4000     3.65   +02 3.5    +01                      1221500200042 
 3.20   +00-0.6000     3.10   +02 3.5    +01                      1221500200043 
 3.20   +00-0.7200     2.25   +02 4.0    +01                      1221500200044 
ENDDATA             33          0                                 1221500200045 
ENDSUBENT           44          0                                 1221500299999 
SUBENT        12215003   19821012                             00001221500300001 
BIB                  1          1                                 1221500300002 
REACTION   (82-PB-208(N,TOT),,SIG)                                1221500300003 
ENDBIB               1          0                                 1221500300004 
COMMON               1          3                                 1221500300005 
EN-RSL                                                            1221500300006 
KEV                                                               1221500300007 
 5.                                                               1221500300008 
ENDCOMMON            3          0                                 1221500300009 
DATA                 3        536                                 1221500300010 
EN         DATA       DATA-ERR                                    1221500300011 
MEV        B          B                                           1221500300012 
 7.17   -01 4.35   +00 2.5    -01                                 1221500300013 
 7.19   -01 5.48   +00 2.7    -01                                 1221500300014 
 7.21   -01 7.20   +00 3.0    -01                                 1221500300015 
 7.23   -01 1.340  +01 2.7    -01                                 1221500300016 
 7.23   -01 1.290  +01 2.0    -01                                 1221500300017 
 7.24   -01 1.175  +01 2.5    -01                                 1221500300018 
 7.28   -01 8.85   +00 2.7    -01                                 1221500300019 
 7.30   -01 7.00   +00 3.0    -01                                 1221500300020 
 7.32   -01 6.05   +00 2.7    -01                                 1221500300021 
 7.34   -01 5.85   +00 3.0    -01                                 1221500300022 
 7.35   -01 5.10   +00 2.5    -01                                 1221500300023 
 7.35   -01 5.05   +00 2.5    -01                                 1221500300024 
 7.39   -01 5.20   +00 2.5    -01                                 1221500300025 
 7.39   -01 5.10   +00 2.5    -01                                 1221500300026 
 7.41   -01 6.30   +00 3.0    -01                                 1221500300027 
 7.41   -01 5.85   +00 2.5    -01                                 1221500300028 
 7.43   -01 5.05   +00 2.5    -01                                 1221500300029 
 7.43   -01 4.90   +00 2.5    -01                                 1221500300030 
 7.45   -01 4.50   +00 2.5    -01                                 1221500300031 
 7.45   -01 4.45   +00 2.5    -01                                 1221500300032 
 7.47   -01 5.10   +00 2.5    -01                                 1221500300033 
 7.50   -01 4.90   +00 2.7    -01                                 1221500300034 
 7.52   -01 4.60   +00 2.7    -01                                 1221500300035 
 7.54   -01 4.65   +00 2.5    -01                                 1221500300036 
 7.56   -01 4.70   +00 2.5    -01                                 1221500300037 
 7.58   -01 4.55   +00 2.5    -01                                 1221500300038 
 7.61   -01 4.35   +00 2.5    -01                                 1221500300039 
 7.63   -01 4.28   +00 2.4    -01                                 1221500300040 
 7.65   -01 4.58   +00 2.2    -01                                 1221500300041 
 7.67   -01 7.78   +00 2.2    -01                                 1221500300042 
 7.69   -01 8.75   +00 2.2    -01                                 1221500300043 
 7.72   -01 7.25   +00 1.5    -01                                 1221500300044 
 7.74   -01 5.90   +00 2.0    -01                                 1221500300045 
 7.76   -01 5.00   +00 2.0    -01                                 1221500300046 
 7.78   -01 5.00   +00 2.0    -01                                 1221500300047 
 7.80   -01 4.75   +00 2.0    -01                                 1221500300048 
 7.83   -01 5.05   +00 2.0    -01                                 1221500300049 
 7.85   -01 4.15   +00 2.0    -01                                 1221500300050 
 7.87   -01 4.15   +00 2.0    -01                                 1221500300051 
 7.89   -01 4.70   +00 2.0    -01                                 1221500300052 
 7.91   -01 4.70   +00 2.0    -01                                 1221500300053 
 7.91   -01 4.60   +00 2.0    -01                                 1221500300054 
 7.94   -01 4.20   +00 2.0    -01                                 1221500300055 
 7.94   -01 3.87   +00 2.2    -01                                 1221500300056 
 7.96   -01 4.30   +00 2.2    -01                                 1221500300057 
 7.98   -01 4.30   +00 2.2    -01                                 1221500300058 
 8.00   -01 4.12   +00 2.0    -01                                 1221500300059 
 8.02   -01 4.05   +00 2.0    -01                                 1221500300060 
 8.05   -01 3.92   +00 2.3    -01                                 1221500300061 
 8.07   -01 4.45   +00 2.5    -01                                 1221500300062 
 8.09   -01 4.25   +00 2.5    -01                                 1221500300063 
 8.11   -01 5.15   +00 2.0    -01                                 1221500300064 
 8.13   -01 5.87   +00 2.5    -01                                 1221500300065 
 8.16   -01 8.35   +00 2.0    -01                                 1221500300066 
 8.18   -01 1.145  +01 2.0    -01                                 1221500300067 
 8.20   -01 1.245  +01 2.0    -01                                 1221500300068 
 8.22   -01 1.215  +01 2.0    -01                                 1221500300069 
 8.24   -01 1.055  +01 2.0    -01                                 1221500300070 
 8.27   -01 9.60   +00 2.5    -01                                 1221500300071 
 8.29   -01 7.95   +00 2.5    -01                                 1221500300072 
 8.31   -01 7.15   +00 2.0    -01                                 1221500300073 
 8.31   -01 7.05   +00 2.0    -01                                 1221500300074 
 8.33   -01 6.60   +00 2.5    -01                                 1221500300075 
 8.33   -01 6.15   +00 2.2    -01                                 1221500300076 
 8.35   -01 6.75   +00 2.2    -01                                 1221500300077 
 8.35   -01 6.50   +00 2.2    -01                                 1221500300078 
 8.38   -01 6.10   +00 2.0    -01                                 1221500300079 
 8.40   -01 5.80   +00 2.0    -01                                 1221500300080 
 8.42   -01 5.80   +00 2.0    -01                                 1221500300081 
 8.44   -01 5.10   +00 2.0    -01                                 1221500300082 
 8.46   -01 5.24   +00 2.0    -01                                 1221500300083 
 8.49   -01 5.15   +00 2.5    -01                                 1221500300084 
 8.51   -01 6.05   +00 2.0    -01                                 1221500300085 
 8.53   -01 7.35   +00 2.0    -01                                 1221500300086 
 8.55   -01 9.20   +00 2.0    -01                                 1221500300087 
 8.57   -01 8.00   +00 2.0    -01                                 1221500300088 
 8.60   -01 6.85   +00 2.0    -01                                 1221500300089 
 8.60   -01 6.55   +00 2.0    -01                                 1221500300090 
 8.62   -01 6.35   +00 2.0    -01                                 1221500300091 
 8.64   -01 8.05   +00 2.0    -01                                 1221500300092 
 8.66   -01 6.80   +00 2.0    -01                                 1221500300093 
 8.68   -01 5.85   +00 2.0    -01                                 1221500300094 
 8.71   -01 5.27   +00 2.0    -01                                 1221500300095 
 8.73   -01 5.35   +00 1.7    -01                                 1221500300096 
 8.75   -01 5.05   +00 2.0    -01                                 1221500300097 
 8.77   -01 5.05   +00 2.0    -01                                 1221500300098 
 8.77   -01 4.93   +00 1.8    -01                                 1221500300099 
 8.79   -01 4.63   +00 1.7    -01                                 1221500300100 
 8.79   -01 4.35   +00 1.8    -01                                 1221500300101 
 8.82   -01 5.70   +00 1.5    -01                                 1221500300102 
 8.82   -01 5.65   +00 1.0    -01                                 1221500300103 
 8.84   -01 5.15   +00 1.5    -01                                 1221500300104 
 8.86   -01 5.05   +00 1.5    -01                                 1221500300105 
 8.88   -01 6.20   +00 1.5    -01                                 1221500300106 
 8.90   -01 5.60   +00 1.5    -01                                 1221500300107 
 8.93   -01 5.00   +00 1.7    -01                                 1221500300108 
 8.93   -01 4.45   +00 2.0    -01                                 1221500300109 
 8.95   -01 3.65   +00 1.5    -01                                 1221500300110 
 8.95   -01 3.35   +00 1.5    -01                                 1221500300111 
 8.97   -01 4.10   +00 1.5    -01                                 1221500300112 
 8.97   -01 3.85   +00 1.5    -01                                 1221500300113 
 8.99   -01 4.20   +00 1.5    -01                                 1221500300114 
 9.01   -01 4.15   +00 1.5    -01                                 1221500300115 
 9.04   -01 4.25   +00 1.5    -01                                 1221500300116 
 9.06   -01 4.30   +00 1.5    -01                                 1221500300117 
 9.08   -01 3.95   +00 1.5    -01                                 1221500300118 
 9.10   -01 4.40   +00 1.5    -01                                 1221500300119 
 9.12   -01 4.15   +00 2.2    -01                                 1221500300120 
 9.15   -01 5.55   +00 2.0    -01                                 1221500300121 
 9.17   -01 5.00   +00 1.5    -01                                 1221500300122 
 9.19   -01 4.20   +00 1.5    -01                                 1221500300123 
 9.21   -01 4.35   +00 1.7    -01                                 1221500300124 
 9.23   -01 4.80   +00 1.5    -01                                 1221500300125 
 9.26   -01 4.40   +00 1.5    -01                                 1221500300126 
 9.28   -01 4.55   +00 1.5    -01                                 1221500300127 
 9.30   -01 4.30   +00 2.0    -01                                 1221500300128 
 9.32   -01 3.95   +00 1.5    -01                                 1221500300129 
 9.34   -01 4.05   +00 1.5    -01                                 1221500300130 
 9.37   -01 4.20   +00 1.7    -01                                 1221500300131 
 9.39   -01 4.05   +00 1.5    -01                                 1221500300132 
 9.41   -01 3.60   +00 1.5    -01                                 1221500300133 
 9.43   -01 3.65   +00 1.5    -01                                 1221500300134 
 9.45   -01 4.10   +00 1.5    -01                                 1221500300135 
 9.48   -01 6.05   +00 2.0    -01                                 1221500300136 
 9.50   -01 7.00   +00 2.0    -01                                 1221500300137 
 9.52   -01 8.60   +00 1.5    -01                                 1221500300138 
 9.54   -01 8.45   +00 1.5    -01                                 1221500300139 
 9.56   -01 6.30   +00 2.0    -01                                 1221500300140 
 9.59   -01 5.25   +00 1.5    -01                                 1221500300141 
 9.61   -01 4.80   +00 1.5    -01                                 1221500300142 
 9.63   -01 4.70   +00 1.5    -01                                 1221500300143 
 9.65   -01 4.35   +00 1.5    -01                                 1221500300144 
 9.67   -01 4.35   +00 1.5    -01                                 1221500300145 
 9.70   -01 4.30   +00 1.5    -01                                 1221500300146 
 9.72   -01 4.10   +00 2.0    -01                                 1221500300147 
 9.74   -01 4.65   +00 2.0    -01                                 1221500300148 
 9.77   -01 5.85   +00 1.5    -01                                 1221500300149 
 9.78   -01 5.35   +00 1.5    -01                                 1221500300150 
 9.81   -01 4.50   +00 2.0    -01                                 1221500300151 
 9.83   -01 4.30   +00 1.5    -01                                 1221500300152 
 9.85   -01 5.30   +00 1.5    -01                                 1221500300153 
 9.87   -01 6.95   +00 1.5    -01                                 1221500300154 
 9.90   -01 6.50   +00 1.5    -01                                 1221500300155 
 9.92   -01 6.05   +00 1.7    -01                                 1221500300156 
 9.94   -01 6.10   +00 1.7    -01                                 1221500300157 
 9.97   -01 5.25   +00 2.0    -01                                 1221500300158 
 9.99   -01 4.50   +00 1.5    -01                                 1221500300159 
 1.001  +00 3.45   +00 2.0    -01                                 1221500300160 
 1.003  +00 3.15   +00 2.0    -01                                 1221500300161 
 1.006  +00 3.65   +00 1.5    -01                                 1221500300162 
 1.008  +00 3.75   +00 2.0    -01                                 1221500300163 
 1.010  +00 4.10   +00 1.5    -01                                 1221500300164 
 1.012  +00 4.95   +00 1.5    -01                                 1221500300165 
 1.015  +00 3.95   +00 1.5    -01                                 1221500300166 
 1.017  +00 4.05   +00 1.7    -01                                 1221500300167 
 1.019  +00 4.22   +00 2.0    -01                                 1221500300168 
 1.022  +00 4.27   +00 2.0    -01                                 1221500300169 
 1.024  +00 4.80   +00 1.5    -01                                 1221500300170 
 1.026  +00 3.95   +00 2.0    -01                                 1221500300171 
 1.028  +00 3.70   +00 2.0    -01                                 1221500300172 
 1.031  +00 6.13   +00 1.5    -01                                 1221500300173 
 1.033  +00 6.65   +00 2.0    -01                                 1221500300174 
 1.035  +00 5.45   +00 1.5    -01                                 1221500300175 
 1.037  +00 5.85   +00 1.7    -01                                 1221500300176 
 1.040  +00 5.80   +00 1.7    -01                                 1221500300177 
 1.042  +00 5.12   +00 1.7    -01                                 1221500300178 
 1.044  +00 4.80   +00 2.0    -01                                 1221500300179 
 1.046  +00 4.60   +00 1.5    -01                                 1221500300180 
 1.048  +00 4.60   +00 1.5    -01                                 1221500300181 
 1.051  +00 4.87   +00 2.0    -01                                 1221500300182 
 1.053  +00 5.05   +00 1.7    -01                                 1221500300183 
 1.055  +00 4.60   +00 1.7    -01                                 1221500300184 
 1.057  +00 4.37   +00 2.0    -01                                 1221500300185 
 1.060  +00 4.45   +00 2.0    -01                                 1221500300186 
 1.062  +00 4.90   +00 1.8    -01                                 1221500300187 
 1.064  +00 5.05   +00 2.0    -01                                 1221500300188 
 1.067  +00 4.70   +00 2.0    -01                                 1221500300189 
 1.069  +00 4.80   +00 1.7    -01                                 1221500300190 
 1.071  +00 4.60   +00 2.0    -01                                 1221500300191 
 1.073  +00 4.65   +00 1.7    -01                                 1221500300192 
 1.076  +00 4.00   +00 2.0    -01                                 1221500300193 
 1.078  +00 2.70   +00 2.0    -01                                 1221500300194 
 1.080  +00 2.65   +00 2.0    -01                                 1221500300195 
 1.083  +00 3.35   +00 2.0    -01                                 1221500300196 
 1.085  +00 3.15   +00 2.0    -01                                 1221500300197 
 1.087  +00 4.10   +00 1.7    -01                                 1221500300198 
 1.090  +00 3.70   +00 2.0    -01                                 1221500300199 
 1.092  +00 4.55   +00 2.0    -01                                 1221500300200 
 1.094  +00 5.25   +00 2.2    -01                                 1221500300201 
 1.096  +00 4.35   +00 2.2    -01                                 1221500300202 
 1.099  +00 4.20   +00 2.0    -01                                 1221500300203 
 1.101  +00 4.20   +00 2.0    -01                                 1221500300204 
 1.103  +00 2.85   +00 2.0    -01                                 1221500300205 
 1.105  +00 3.30   +00 2.0    -01                                 1221500300206 
 1.108  +00 5.30   +00 2.0    -01                                 1221500300207 
 1.110  +00 6.17   +00 2.2    -01                                 1221500300208 
 1.112  +00 5.80   +00 2.0    -01                                 1221500300209 
 1.114  +00 4.53   +00 2.2    -01                                 1221500300210 
 1.116  +00 3.55   +00 2.0    -01                                 1221500300211 
 1.118  +00 5.05   +00 1.7    -01                                 1221500300212 
 1.121  +00 6.37   +00 2.2    -01                                 1221500300213 
 1.124  +00 5.65   +00 1.7    -01                                 1221500300214 
 1.125  +00 4.75   +00 2.0    -01                                 1221500300215 
 1.128  +00 4.80   +00 2.0    -01                                 1221500300216 
 1.130  +00 6.30   +00 2.5    -01                                 1221500300217 
 1.132  +00 5.65   +00 2.0    -01                                 1221500300218 
 1.135  +00 4.65   +00 1.7    -01                                 1221500300219 
 1.137  +00 4.25   +00 2.0    -01                                 1221500300220 
 1.139  +00 4.85   +00 2.0    -01                                 1221500300221 
 1.141  +00 6.40   +00 2.0    -01                                 1221500300222 
 1.144  +00 5.45   +00 2.2    -01                                 1221500300223 
 1.145  +00 4.30   +00 2.0    -01                                 1221500300224 
 1.148  +00 4.25   +00 2.0    -01                                 1221500300225 
 1.150  +00 5.25   +00 2.0    -01                                 1221500300226 
 1.152  +00 7.00   +00 2.0    -01                                 1221500300227 
 1.155  +00 6.80   +00 2.0    -01                                 1221500300228 
 1.157  +00 5.90   +00 2.0    -01                                 1221500300229 
 1.159  +00 4.80   +00 2.0    -01                                 1221500300230 
 1.161  +00 4.85   +00 2.0    -01                                 1221500300231 
 1.164  +00 4.40   +00 2.0    -01                                 1221500300232 
 1.166  +00 4.90   +00 2.0    -01                                 1221500300233 
 1.169  +00 4.15   +00 2.0    -01                                 1221500300234 
 1.170  +00 4.25   +00 2.0    -01                                 1221500300235 
 1.173  +00 4.00   +00 2.5    -01                                 1221500300236 
 1.175  +00 5.15   +00 2.0    -01                                 1221500300237 
 1.177  +00 5.45   +00 2.0    -01                                 1221500300238 
 1.179  +00 5.05   +00 2.0    -01                                 1221500300239 
 1.181  +00 4.05   +00 2.0    -01                                 1221500300240 
 1.184  +00 4.15   +00 2.0    -01                                 1221500300241 
 1.186  +00 4.10   +00 2.0    -01                                 1221500300242 
 1.189  +00 4.30   +00 2.0    -01                                 1221500300243 
 1.191  +00 5.10   +00 1.5    -01                                 1221500300244 
 1.193  +00 5.45   +00 2.0    -01                                 1221500300245 
 1.197  +00 4.25   +00 2.0    -01                                 1221500300246 
 1.199  +00 3.90   +00 1.7    -01                                 1221500300247 
 1.201  +00 4.45   +00 2.0    -01                                 1221500300248 
 1.204  +00 4.95   +00 2.0    -01                                 1221500300249 
 1.206  +00 4.70   +00 2.0    -01                                 1221500300250 
 1.208  +00 3.85   +00 2.0    -01                                 1221500300251 
 1.211  +00 3.60   +00 1.7    -01                                 1221500300252 
 1.212  +00 3.75   +00 2.0    -01                                 1221500300253 
 1.213  +00 2.95   +00 2.0    -01                                 1221500300254 
 1.214  +00 3.75   +00 2.0    -01                                 1221500300255 
 1.217  +00 4.35   +00 1.5    -01                                 1221500300256 
 1.220  +00 4.83   +00 2.0    -01                                 1221500300257 
 1.222  +00 3.94   +00 2.0    -01                                 1221500300258 
 1.225  +00 3.45   +00 2.0    -01                                 1221500300259 
 1.227  +00 3.80   +00 2.2    -01                                 1221500300260 
 1.229  +00 6.15   +00 2.0    -01                                 1221500300261 
 1.229  +00 6.35   +00 2.2    -01                                 1221500300262 
 1.231  +00 5.60   +00 2.5    -01                                 1221500300263 
 1.233  +00 6.00   +00 2.0    -01                                 1221500300264 
 1.236  +00 7.90   +00 2.0    -01                                 1221500300265 
 1.238  +00 7.60   +00 1.7    -01                                 1221500300266 
 1.241  +00 7.75   +00 2.2    -01                                 1221500300267 
 1.243  +00 7.25   +00 2.0    -01                                 1221500300268 
 1.245  +00 6.50   +00 2.0    -01                                 1221500300269 
 1.248  +00 5.05   +00 2.0    -01                                 1221500300270 
 1.250  +00 4.30   +00 2.0    -01                                 1221500300271 
 1.252  +00 4.07   +00 2.2    -01                                 1221500300272 
 1.254  +00 6.30   +00 2.0    -01                                 1221500300273 
 1.257  +00 5.30   +00 2.0    -01                                 1221500300274 
 1.259  +00 5.15   +00 2.0    -01                                 1221500300275 
 1.261  +00 4.65   +00 2.0    -01                                 1221500300276 
 1.264  +00 4.48   +00 2.0    -01                                 1221500300277 
 1.266  +00 4.90   +00 2.0    -01                                 1221500300278 
 1.268  +00 4.35   +00 2.2    -01                                 1221500300279 
 1.271  +00 4.33   +00 2.0    -01                                 1221500300280 
 1.273  +00 3.95   +00 2.2    -01                                 1221500300281 
 1.276  +00 4.50   +00 2.0    -01                                 1221500300282 
 1.278  +00 5.90   +00 1.5    -01                                 1221500300283 
 1.281  +00 7.05   +00 2.0    -01                                 1221500300284 
 1.283  +00 6.90   +00 2.0    -01                                 1221500300285 
 1.285  +00 7.00   +00 2.0    -01                                 1221500300286 
 1.288  +00 7.05   +00 1.5    -01                                 1221500300287 
 1.290  +00 5.80   +00 2.0    -01                                 1221500300288 
 1.292  +00 5.55   +00 2.0    -01                                 1221500300289 
 1.295  +00 5.65   +00 2.0    -01                                 1221500300290 
 1.297  +00 5.55   +00 1.7    -01                                 1221500300291 
 1.299  +00 4.75   +00 2.0    -01                                 1221500300292 
 1.301  +00 4.90   +00 2.5    -01                                 1221500300293 
 1.304  +00 4.55   +00 2.0    -01                                 1221500300294 
 1.306  +00 5.10   +00 1.7    -01                                 1221500300295 
 1.307  +00 4.95   +00 2.0    -01                                 1221500300296 
 1.309  +00 4.75   +00 1.5    -01                                 1221500300297 
 1.311  +00 4.50   +00 2.0    -01                                 1221500300298 
 1.314  +00 4.90   +00 2.0    -01                                 1221500300299 
 1.316  +00 5.10   +00 1.7    -01                                 1221500300300 
 1.318  +00 5.30   +00 1.7    -01                                 1221500300301 
 1.320  +00 4.84   +00 1.8    -01                                 1221500300302 
 1.322  +00 4.55   +00 2.0    -01                                 1221500300303 
 1.325  +00 4.25   +00 2.0    -01                                 1221500300304 
 1.327  +00 4.57   +00 2.5    -01                                 1221500300305 
 1.329  +00 4.55   +00 2.0    -01                                 1221500300306 
 1.331  +00 4.18   +00 2.2    -01                                 1221500300307 
 1.334  +00 4.62   +00 2.2    -01                                 1221500300308 
 1.336  +00 4.60   +00 2.3    -01                                 1221500300309 
 1.338  +00 3.95   +00 2.5    -01                                 1221500300310 
 1.341  +00 4.35   +00 2.2    -01                                 1221500300311 
 1.343  +00 4.52   +00 2.3    -01                                 1221500300312 
 1.345  +00 4.40   +00 2.5    -01                                 1221500300313 
 1.347  +00 4.50   +00 2.0    -01                                 1221500300314 
 1.350  +00 4.45   +00 2.3    -01                                 1221500300315 
 1.352  +00 5.03   +00 2.2    -01                                 1221500300316 
 1.354  +00 5.55   +00 2.5    -01                                 1221500300317 
 1.357  +00 4.70   +00 2.0    -01                                 1221500300318 
 1.359  +00 4.55   +00 2.5    -01                                 1221500300319 
 1.362  +00 4.15   +00 2.0    -01                                 1221500300320 
 1.364  +00 3.93   +00 2.2    -01                                 1221500300321 
 1.366  +00 4.25   +00 2.7    -01                                 1221500300322 
 1.369  +00 4.00   +00 2.3    -01                                 1221500300323 
 1.371  +00 3.90   +00 2.5    -01                                 1221500300324 
 1.374  +00 3.60   +00 2.5    -01                                 1221500300325 
 1.377  +00 3.62   +00 2.5    -01                                 1221500300326 
 1.378  +00 5.10   +00 2.0    -01                                 1221500300327 
 1.381  +00 5.25   +00 2.5    -01                                 1221500300328 
 1.383  +00 6.80   +00 2.0    -01                                 1221500300329 
 1.386  +00 7.10   +00 2.5    -01                                 1221500300330 
 1.388  +00 7.20   +00 2.0    -01                                 1221500300331 
 1.390  +00 5.80   +00 2.0    -01                                 1221500300332 
 1.393  +00 5.85   +00 2.0    -01                                 1221500300333 
 1.395  +00 5.40   +00 2.5    -01                                 1221500300334 
 1.398  +00 4.95   +00 2.5    -01                                 1221500300335 
 1.400  +00 4.77   +00 2.5    -01                                 1221500300336 
 1.402  +00 5.24   +00 2.2    -01                                 1221500300337 
 1.405  +00 5.30   +00 2.3    -01                                 1221500300338 
 1.407  +00 4.95   +00 2.5    -01                                 1221500300339 
 1.410  +00 6.65   +00 2.3    -01                                 1221500300340 
 1.410  +00 6.35   +00 2.0    -01                                 1221500300341 
 1.412  +00 5.00   +00 2.0    -01                                 1221500300342 
 1.414  +00 4.90   +00 2.0    -01                                 1221500300343 
 1.416  +00 5.35   +00 2.0    -01                                 1221500300344 
 1.418  +00 5.55   +00 2.5    -01                                 1221500300345 
 1.420  +00 4.90   +00 2.5    -01                                 1221500300346 
 1.422  +00 5.10   +00 2.0    -01                                 1221500300347 
 1.426  +00 5.10   +00 2.0    -01                                 1221500300348 
 1.429  +00 6.60   +00 2.5    -01                                 1221500300349 
 1.430  +00 7.30   +00 2.5    -01                                 1221500300350 
 1.431  +00 7.45   +00 2.5    -01                                 1221500300351 
 1.434  +00 5.30   +00 2.5    -01                                 1221500300352 
 1.436  +00 5.05   +00 2.0    -01                                 1221500300353 
 1.439  +00 4.80   +00 2.0    -01                                 1221500300354 
 1.442  +00 5.20   +00 2.0    -01                                 1221500300355 
 1.445  +00 5.20   +00 2.0    -01                                 1221500300356 
 1.446  +00 5.70   +00 2.2    -01                                 1221500300357 
 1.446  +00 5.85   +00 2.0    -01                                 1221500300358 
 1.449  +00 4.90   +00 2.2    -01                                 1221500300359 
 1.451  +00 5.32   +00 2.0    -01                                 1221500300360 
 1.454  +00 5.35   +00 2.0    -01                                 1221500300361 
 1.456  +00 5.10   +00 1.7    -01                                 1221500300362 
 1.456  +00 4.65   +00 2.0    -01                                 1221500300363 
 1.459  +00 5.20   +00 1.8    -01                                 1221500300364 
 1.461  +00 5.50   +00 2.0    -01                                 1221500300365 
 1.463  +00 5.10   +00 2.0    -01                                 1221500300366 
 1.465  +00 4.90   +00 1.8    -01                                 1221500300367 
 1.468  +00 5.20   +00 2.0    -01                                 1221500300368 
 1.470  +00 6.10   +00 2.0    -01                                 1221500300369 
 1.473  +00 6.80   +00 2.0    -01                                 1221500300370 
 1.475  +00 8.90   +00 2.0    -01                                 1221500300371 
 1.477  +00 9.30   +00 1.7    -01                                 1221500300372 
 1.480  +00 7.35   +00 2.0    -01                                 1221500300373 
 1.482  +00 5.55   +00 2.0    -01                                 1221500300374 
 1.485  +00 6.00   +00 2.0    -01                                 1221500300375 
 1.487  +00 6.05   +00 2.0    -01                                 1221500300376 
 1.489  +00 5.50   +00 1.7    -01                                 1221500300377 
 1.492  +00 4.70   +00 2.0    -01                                 1221500300378 
 1.494  +00 4.90   +00 1.8    -01                                 1221500300379 
 1.496  +00 4.70   +00 2.0    -01                                 1221500300380 
 1.498  +00 4.75   +00 2.2    -01                                 1221500300381 
 1.501  +00 4.80   +00 2.0    -01                                 1221500300382 
 1.503  +00 4.55   +00 2.0    -01                                 1221500300383 
 1.505  +00 4.50   +00 2.0    -01                                 1221500300384 
 1.508  +00 5.40   +00 2.0    -01                                 1221500300385 
 1.510  +00 5.15   +00 2.0    -01                                 1221500300386 
 1.510  +00 5.05   +00 2.0    -01                                 1221500300387 
 1.512  +00 4.35   +00 2.0    -01                                 1221500300388 
 1.515  +00 4.75   +00 1.5    -01                                 1221500300389 
 1.517  +00 6.00   +00 1.7    -01                                 1221500300390 
 1.520  +00 5.80   +00 2.0    -01                                 1221500300391 
 1.522  +00 5.70   +00 2.0    -01                                 1221500300392 
 1.524  +00 5.60   +00 2.0    -01                                 1221500300393 
 1.527  +00 5.30   +00 2.0    -01                                 1221500300394 
 1.529  +00 5.20   +00 2.0    -01                                 1221500300395 
 1.532  +00 4.95   +00 2.0    -01                                 1221500300396 
 1.534  +00 5.25   +00 2.2    -01                                 1221500300397 
 1.536  +00 4.65   +00 2.0    -01                                 1221500300398 
 1.539  +00 4.75   +00 2.0    -01                                 1221500300399 
 1.541  +00 4.35   +00 2.3    -01                                 1221500300400 
 1.544  +00 4.25   +00 2.0    -01                                 1221500300401 
 1.546  +00 4.10   +00 2.0    -01                                 1221500300402 
 1.548  +00 4.40   +00 2.0    -01                                 1221500300403 
 1.551  +00 3.80   +00 2.0    -01                                 1221500300404 
 1.553  +00 3.80   +00 2.0    -01                                 1221500300405 
 1.556  +00 4.90   +00 2.0    -01                                 1221500300406 
 1.558  +00 5.70   +00 2.0    -01                                 1221500300407 
 1.560  +00 6.80   +00 1.7    -01                                 1221500300408 
 1.563  +00 5.70   +00 1.7    -01                                 1221500300409 
 1.565  +00 5.70   +00 1.5    -01                                 1221500300410 
 1.567  +00 6.10   +00 1.5    -01                                 1221500300411 
 1.570  +00 6.00   +00 1.5    -01                                 1221500300412 
 1.572  +00 5.20   +00 2.0    -01                                 1221500300413 
 1.575  +00 5.15   +00 1.5    -01                                 1221500300414 
 1.577  +00 4.50   +00 1.5    -01                                 1221500300415 
 1.580  +00 4.15   +00 1.5    -01                                 1221500300416 
 1.582  +00 3.65   +00 1.5    -01                                 1221500300417 
 1.584  +00 3.75   +00 2.0    -01                                 1221500300418 
 1.587  +00 3.95   +00 1.5    -01                                 1221500300419 
 1.589  +00 3.55   +00 1.5    -01                                 1221500300420 
 1.592  +00 3.55   +00 1.5    -01                                 1221500300421 
 1.594  +00 4.50   +00 1.7    -01                                 1221500300422 
 1.596  +00 5.45   +00 1.5    -01                                 1221500300423 
 1.598  +00 6.25   +00 1.5    -01                                 1221500300424 
 1.601  +00 6.60   +00 1.5    -01                                 1221500300425 
 1.603  +00 5.00   +00 2.0    -01                                 1221500300426 
 1.606  +00 4.77   +00 1.5    -01                                 1221500300427 
 1.608  +00 4.63   +00 1.7    -01                                 1221500300428 
 1.611  +00 4.60   +00 1.5    -01                                 1221500300429 
 1.613  +00 4.85   +00 2.0    -01                                 1221500300430 
 1.616  +00 6.00   +00 2.0    -01                                 1221500300431 
 1.618  +00 6.30   +00 1.5    -01                                 1221500300432 
 1.621  +00 6.60   +00 1.5    -01                                 1221500300433 
 1.623  +00 6.15   +00 1.5    -01                                 1221500300434 
 1.625  +00 4.85   +00 1.5    -01                                 1221500300435 
 1.628  +00 4.45   +00 1.5    -01                                 1221500300436 
 1.630  +00 5.10   +00 1.7    -01                                 1221500300437 
 1.633  +00 5.55   +00 1.5    -01                                 1221500300438 
 1.635  +00 4.75   +00 2.0    -01                                 1221500300439 
 1.637  +00 4.25   +00 1.5    -01                                 1221500300440 
 1.640  +00 3.87   +00 1.8    -01                                 1221500300441 
 1.642  +00 3.70   +00 1.8    -01                                 1221500300442 
 1.645  +00 4.05   +00 1.7    -01                                 1221500300443 
 1.647  +00 4.12   +00 1.8    -01                                 1221500300444 
 1.649  +00 4.20   +00 1.5    -01                                 1221500300445 
 1.652  +00 3.95   +00 1.7    -01                                 1221500300446 
 1.654  +00 3.95   +00 1.7    -01                                 1221500300447 
 1.656  +00 4.10   +00 1.5    -01                                 1221500300448 
 1.657  +00 5.12   +00 1.8    -01                                 1221500300449 
 1.660  +00 6.00   +00 1.5    -01                                 1221500300450 
 1.662  +00 7.20   +00 1.7    -01                                 1221500300451 
 1.664  +00 8.50   +00 2.0    -01                                 1221500300452 
 1.667  +00 8.10   +00 1.5    -01                                 1221500300453 
 1.669  +00 7.15   +00 2.0    -01                                 1221500300454 
 1.672  +00 7.55   +00 2.0    -01                                 1221500300455 
 1.674  +00 7.45   +00 1.5    -01                                 1221500300456 
 1.676  +00 6.80   +00 1.5    -01                                 1221500300457 
 1.679  +00 6.85   +00 2.0    -01                                 1221500300458 
 1.681  +00 6.20   +00 2.0    -01                                 1221500300459 
 1.683  +00 6.40   +00 2.2    -01                                 1221500300460 
 1.685  +00 7.35   +00 2.0    -01                                 1221500300461 
 1.688  +00 7.20   +00 2.0    -01                                 1221500300462 
 1.690  +00 7.12   +00 1.8    -01                                 1221500300463 
 1.692  +00 6.60   +00 2.0    -01                                 1221500300464 
 1.695  +00 7.40   +00 2.0    -01                                 1221500300465 
 1.698  +00 8.80   +00 2.0    -01                                 1221500300466 
 1.700  +00 1.020  +01 2.0    -01                                 1221500300467 
 1.703  +00 8.45   +00 2.0    -01                                 1221500300468 
 1.705  +00 7.00   +00 2.0    -01                                 1221500300469 
 1.708  +00 6.10   +00 1.7    -01                                 1221500300470 
 1.711  +00 5.83   +00 1.7    -01                                 1221500300471 
 1.714  +00 5.80   +00 1.7    -01                                 1221500300472 
 1.716  +00 6.10   +00 2.0    -01                                 1221500300473 
 1.719  +00 6.65   +00 1.5    -01                                 1221500300474 
 1.719  +00 6.80   +00 1.7    -01                                 1221500300475 
 1.721  +00 5.60   +00 2.0    -01                                 1221500300476 
 1.723  +00 5.75   +00 2.0    -01                                 1221500300477 
 1.725  +00 7.20   +00 2.0    -01                                 1221500300478 
 1.726  +00 7.05   +00 1.5    -01                                 1221500300479 
 1.728  +00 6.95   +00 1.7    -01                                 1221500300480 
 1.730  +00 6.80   +00 1.5    -01                                 1221500300481 
 1.733  +00 6.95   +00 2.0    -01                                 1221500300482 
 1.735  +00 6.90   +00 2.0    -01                                 1221500300483 
 1.738  +00 7.70   +00 2.0    -01                                 1221500300484 
 1.741  +00 8.05   +00 1.5    -01                                 1221500300485 
 1.744  +00 8.45   +00 2.3    -01                                 1221500300486 
 1.746  +00 1.005  +01 1.8    -01                                 1221500300487 
 1.749  +00 1.095  +01 1.5    -01                                 1221500300488 
 1.749  +00 1.105  +01 1.5    -01                                 1221500300489 
 1.751  +00 1.020  +01 2.0    -01                                 1221500300490 
 1.754  +00 8.70   +00 1.7    -01                                 1221500300491 
 1.756  +00 6.05   +00 2.0    -01                                 1221500300492 
 1.759  +00 5.75   +00 1.7    -01                                 1221500300493 
 1.761  +00 9.80   +00 2.0    -01                                 1221500300494 
 1.762  +00 1.005  +01 2.0    -01                                 1221500300495 
 1.764  +00 8.60   +00 2.0    -01                                 1221500300496 
 1.766  +00 6.75   +00 2.0    -01                                 1221500300497 
 1.769  +00 5.30   +00 1.7    -01                                 1221500300498 
 1.770  +00 6.05   +00 2.0    -01                                 1221500300499 
 1.774  +00 5.95   +00 1.5    -01                                 1221500300500 
 1.776  +00 4.95   +00 2.0    -01                                 1221500300501 
 1.779  +00 5.05   +00 1.7    -01                                 1221500300502 
 1.782  +00 5.25   +00 2.0    -01                                 1221500300503 
 1.784  +00 5.70   +00 1.7    -01                                 1221500300504 
 1.786  +00 6.07   +00 1.8    -01                                 1221500300505 
 1.787  +00 4.25   +00 1.7    -01                                 1221500300506 
 1.790  +00 4.30   +00 1.7    -01                                 1221500300507 
 1.793  +00 4.45   +00 1.7    -01                                 1221500300508 
 1.795  +00 5.90   +00 2.0    -01                                 1221500300509 
 1.798  +00 5.55   +00 1.5    -01                                 1221500300510 
 1.800  +00 4.40   +00 2.0    -01                                 1221500300511 
 1.803  +00 4.45   +00 2.0    -01                                 1221500300512 
 1.805  +00 5.05   +00 1.5    -01                                 1221500300513 
 1.808  +00 6.15   +00 2.0    -01                                 1221500300514 
 1.810  +00 6.40   +00 1.5    -01                                 1221500300515 
 1.813  +00 6.05   +00 2.0    -01                                 1221500300516 
 1.815  +00 5.75   +00 2.0    -01                                 1221500300517 
 1.818  +00 6.30   +00 1.5    -01                                 1221500300518 
 1.820  +00 6.30   +00 1.5    -01                                 1221500300519 
 1.823  +00 5.90   +00 1.5    -01                                 1221500300520 
 1.825  +00 5.65   +00 1.7    -01                                 1221500300521 
 1.828  +00 5.70   +00 1.5    -01                                 1221500300522 
 1.830  +00 6.00   +00 1.5    -01                                 1221500300523 
 1.833  +00 6.20   +00 1.7    -01                                 1221500300524 
 1.835  +00 5.60   +00 1.7    -01                                 1221500300525 
 1.838  +00 4.65   +00 1.5    -01                                 1221500300526 
 1.840  +00 4.67   +00 1.7    -01                                 1221500300527 
 1.843  +00 4.30   +00 1.8    -01                                 1221500300528 
 1.845  +00 4.35   +00 2.0    -01                                 1221500300529 
 1.848  +00 4.55   +00 1.7    -01                                 1221500300530 
 1.850  +00 4.50   +00 1.5    -01                                 1221500300531 
 1.852  +00 4.35   +00 1.5    -01                                 1221500300532 
 1.854  +00 4.60   +00 2.0    -01                                 1221500300533 
 1.857  +00 4.00   +00 2.0    -01                                 1221500300534 
 1.859  +00 4.50   +00 2.0    -01                                 1221500300535 
 1.862  +00 4.50   +00 1.5    -01                                 1221500300536 
 1.864  +00 5.15   +00 1.5    -01                                 1221500300537 
 1.867  +00 4.85   +00 1.7    -01                                 1221500300538 
 1.869  +00 5.30   +00 1.7    -01                                 1221500300539 
 1.872  +00 5.15   +00 1.5    -01                                 1221500300540 
 1.874  +00 5.45   +00 2.0    -01                                 1221500300541 
 1.877  +00 4.80   +00 1.5    -01                                 1221500300542 
 1.879  +00 4.55   +00 1.5    -01                                 1221500300543 
 1.882  +00 4.50   +00 1.5    -01                                 1221500300544 
 1.884  +00 3.95   +00 1.5    -01                                 1221500300545 
 1.887  +00 4.25   +00 1.8    -01                                 1221500300546 
 1.889  +00 4.50   +00 2.0    -01                                 1221500300547 
 1.892  +00 4.40   +00 1.5    -01                                 1221500300548 
ENDDATA            538          0                                 1221500300549 
ENDSUBENT          548          0                                 1221500399999 
SUBENT        12215004   19821012                             00001221500400001 
BIB                  2          4                                 1221500400002 
REACTION  1(82-PB-208(N,0),,EN)                                   1221500400003 
          2(82-PB-208(N,TOT),,WID)                                1221500400004 
          3(82-PB-208(N,0),,J)                                    1221500400005 
FLAG       (1.) RESONANCE ASSIGNMENT UNCERTAIN.                   1221500400006 
ENDBIB               4          0                                 1221500400007 
NOCOMMON             0          0                                 1221500400008 
DATA                 6         24                                 1221500400009 
DATA      1DATA-ERR  1DATA      2DATA-ERR  2DATA      3FLAG       1221500400010 
KEV        KEV        KEV        KEV        NO-DIM     NO-DIM     1221500400011 
  723.      3.3         5.0        1.0       2.5                  1221500400012 
  769.      3.3         5.5        1.0       1.5        1.        1221500400013 
  821.      3.2        10.0        1.0       2.5                  1221500400014 
  855.      3.2         5.0        1.0       1.5        1.        1221500400015 
  953.      3.1         8.0        1.0       1.5                  1221500400016 
 1112.      1.7         6.5        1.0       1.5        1.        1221500400017 
 1154.      1.7         7.5        1.0       1.5        1.        1221500400018 
 1204.      2.0         7.5        1.0       0.5        1.        1221500400019 
 1239.      2.0        12.0        1.5       1.5                  1221500400020 
 1285.      2.0        12.0        2.0       1.5        1.        1221500400021 
 1318.      2.1         7.0        1.0       0.5        1.        1221500400022 
 1354.      2.1         5.0        1.0       0.5                  1221500400023 
 1386.      2.0         9.5        1.5       1.5                  1221500400024 
 1431.      2.6         3.0        1.0       1.5        1.        1221500400025 
 1477.      2.9         6.5        1.0       2.5                  1221500400026 
 1600.      3.0         6.5        1.0       1.5                  1221500400027 
 1620.      3.0        10.0        1.0       1.5                  1221500400028 
 1632.      3.0         4.0        1.0       0.5        1.        1221500400029 
 1701.      2.5         6.5        1.0       2.5                  1221500400030 
 1715.      2.5        90.        10.0       0.5        1.        1221500400031 
 1749.      2.5        10.5        1.0       3.5                  1221500400032 
 1761.      2.5         4.5        1.0       3.5        1.        1221500400033 
 1797.      2.8         3.0        1.0       1.5        1.        1221500400034 
 1872.      3.0        13.0        1.5       0.5        1.        1221500400035 
ENDDATA             26          0                                 1221500400036 
ENDSUBENT           35          0                                 1221500499999 
ENDENTRY             4          0                                 1221599999999 
