ENTRY            12220   19821012                             00001222000000001 
SUBENT        12220001   19821012                             00001222000100001 
BIB                  7          9                                 1222000100002 
INSTITUTE  (1USALAS)                                              1222000100003 
REFERENCE  (J,PRL,14,913,65)                                      1222000100004 
AUTHOR     (C.D.ZAFIRATOS,T.A.OLIPHANI,J.S.LEVIN,L.CRANBERG)      1222000100005 
TITLE      LARGE-ANGLE NEUTRON SCATTERING FROM LEAD AT 7 MEV.     1222000100006 
N-SOURCE   (D-D) D(D,N) SOURCE                                    1222000100007 
STATUS     (SCSRS,CURVE) DATA UNAVAILABLE (CRANBERG, 67/1),       1222000100008 
            READ FROM CURVE.                                      1222000100009 
HISTORY    (760803T) TRANSLATED FROM SCISRS                       1222000100010 
           (821012A) CONVERTED TO REACTION FORMALISM              1222000100011 
ENDBIB               9          0                                 1222000100012 
NOCOMMON             0          0                                 1222000100013 
ENDSUBENT           12          0                                 1222000199999 
SUBENT        12220002   19821012                             00001222000200001 
BIB                  2          3                                 1222000200002 
REACTION   (82-PB-206(N,EL)82-PB-206,,DA)                         1222000200003 
            RADIOGENIC LEAD                                       1222000200004 
METHOD     (TOF)      TIME-OF-FLIGHT                              1222000200005 
ENDBIB               3          0                                 1222000200006 
COMMON               3          3                                 1222000200007 
EN         EN-RSL     ANG-RSL                                     1222000200008 
MEV        MEV        ADEG                                        1222000200009 
 7.00   +00 1.5    -01 3.5                                        1222000200010 
ENDCOMMON            3          0                                 1222000200011 
DATA                 3         30                                 1222000200012 
COS-CM     ANG-RSL    DATA                                        1222000200013 
NO-DIM     ADEG       MB/SR                                       1222000200014 
 0.94000       3.5     2.820  +03                                 1222000200015 
 0.90600       3.5     1.585  +03                                 1222000200016 
 0.86600       3.5     8.60   +02                                 1222000200017 
 0.81900       3.5     4.00   +02                                 1222000200018 
 0.76600       3.5     2.24   +02                                 1222000200019 
 0.70700       3.5     1.68   +02                                 1222000200020 
 0.64300       3.5     1.12   +02                                 1222000200021 
 0.57400       3.5     5.01   +01                                 1222000200022 
 0.50000       3.5     1.76   +01                                 1222000200023 
 0.42300       3.5     2.22   +01                                 1222000200024 
 0.34200       3.5     6.54   +01                                 1222000200025 
 0.25900       3.5     1.23   +02                                 1222000200026 
 0.17400       3.5     1.55   +02                                 1222000200027 
 0.08700       3.5     1.53   +02                                 1222000200028 
 0.00000       3.5     1.22   +02                                 1222000200029 
-0.0870        3.5     7.08   +01                                 1222000200030 
-0.1740        3.5     3.16   +01                                 1222000200031 
-0.2590        3.5     1.41   +01                                 1222000200032 
-0.3420        3.5     2.54   +01                                 1222000200033 
-0.4230        3.5     3.63   +01                                 1222000200034 
-0.5000        3.5     5.01   +01                                 1222000200035 
-0.5740        3.5     5.82   +01                                 1222000200036 
-0.6430        3.5     5.75   +01                                 1222000200037 
-0.7070        3.5     5.50   +01                                 1222000200038 
-0.7660        3.5     4.90   +01                                 1222000200039 
-0.8190        3.5     3.24   +01                                 1222000200040 
-0.8660        3.5     1.50   +01                                 1222000200041 
-0.9060        3.5     1.12   +01                                 1222000200042 
-0.9400        3.5     2.46   +01                                 1222000200043 
-0.9660        3.5     7.08   +01                                 1222000200044 
ENDDATA             32          0                                 1222000200045 
ENDSUBENT           44          0                                 1222000299999 
SUBENT        12220003   19821012                             00001222000300001 
BIB                  2          2                                 1222000300002 
REACTION   (83-BI-209(N,EL)83-BI-209,,DA)                         1222000300003 
METHOD     (TOF) TIME-OF-FLIGHT                                   1222000300004 
ENDBIB               2          0                                 1222000300005 
COMMON               3          3                                 1222000300006 
EN         EN-RSL     ANG-RSL                                     1222000300007 
MEV        MEV        ADEG                                        1222000300008 
 7.00   +00 1.5    -01    3.5                                     1222000300009 
ENDCOMMON            3          0                                 1222000300010 
DATA                 2         30                                 1222000300011 
COS-CM     DATA                                                   1222000300012 
NO-DIM     MB/SR                                                  1222000300013 
 0.9400     2.920  +03                                            1222000300014 
 0.9060     1.640  +03                                            1222000300015 
 0.8660     8.13   +02                                            1222000300016 
 0.8190     3.37   +02                                            1222000300017 
 0.7660     2.00   +02                                            1222000300018 
 0.7070     1.43   +02                                            1222000300019 
 0.6430     1.00   +02                                            1222000300020 
 0.5740     4.31   +01                                            1222000300021 
 0.5000     1.86   +01                                            1222000300022 
 0.4230     2.78   +01                                            1222000300023 
 0.3420     6.85   +01                                            1222000300024 
 0.2590     1.30   +02                                            1222000300025 
 0.1740     1.55   +02                                            1222000300026 
 0.0870     1.43   +02                                            1222000300027 
 0.0000     1.15   +02                                            1222000300028 
-0.0870     6.31   +01                                            1222000300029 
-0.1740     3.00   +01                                            1222000300030 
-0.2590     1.58   +01                                            1222000300031 
-0.3420     2.88   +01                                            1222000300032 
-0.4230     4.03   +01                                            1222000300033 
-0.5000     5.62   +01                                            1222000300034 
-0.5740     6.10   +01                                            1222000300035 
-0.6430     6.16   +01                                            1222000300036 
-0.7070     5.62   +01                                            1222000300037 
-0.7660     4.85   +01                                            1222000300038 
-0.8190     3.16   +01                                            1222000300039 
-0.8660     1.45   +01                                            1222000300040 
-0.9060     9.8    +00                                            1222000300041 
-0.9400     2.57   +01                                            1222000300042 
-0.9660     7.08   +01                                            1222000300043 
ENDDATA             32          0                                 1222000300044 
ENDSUBENT           43          0                                 1222000399999 
ENDENTRY             3          0                                 1222099999999 
