ENTRY            12236   19840821                             00001223600000001 
SUBENT        12236001   19840821                             00001223600100001 
BIB                  7          9                                 1223600100002 
INSTITUTE  (1USAANL)                                              1223600100003 
REFERENCE  (J,NP,21,66,60)                                        1223600100004 
AUTHOR     (R.T.CARPENTER,L.M.BOLLINGER)                          1223600100005 
TITLE      PARAMETERS AND GAMMA-RAY SPECTRA OF NEUTRON RESONANCES 1223600100006 
            IN THE ISOTOPES OF MERCURY.                           1223600100007 
FACILITY   (CHOPF) FAST CHOPPER.                                  1223600100008 
STATUS     (SCSRS)                                                1223600100009 
HISTORY    (760803T) TRANSLATED FROM SCISRS                       1223600100010 
           (840821A) CONVERTED TO REACTION FORMALISM              1223600100011 
ENDBIB               9          0                                 1223600100012 
NOCOMMON             0          0                                 1223600100013 
ENDSUBENT           12          0                                 1223600199999 
SUBENT        12236002   19840821                             00001223600200001 
BIB                  3          3                                 1223600200002 
REACTION   (80-HG-0(N,TOT),,SIG)                                  1223600200003 
METHOD     (TOF)      TIME-OF-FLIGHT                              1223600200004 
STATUS     DATA TAKEN FROM PRIVATE COMM., BOLLINGER, 59/7.        1223600200005 
ENDBIB               3          0                                 1223600200006 
NOCOMMON             0          0                                 1223600200007 
DATA                 5        932                                 1223600200008 
EN         EN-RSL     DATA       DATA-ERR   THICKNESS             1223600200009 
MEV        NSEC/M     B          B          G/CM-SQ               1223600200010 
 1.799  -05   27.      1.750  +01 2.40   +00  6.907               1223600200011 
 1.861  -05   27.      1.77   +01             6.907               1223600200012 
 1.927  -05   27.      1.74   +01             6.907               1223600200013 
 1.996  -05   27.      1.76   +01             6.907               1223600200014 
 2.070  -05   27.      1.71   +01             6.907               1223600200015 
 2.147  -05   27.      1.79   +01             6.907               1223600200016 
 2.199  -05   27.      1.81   +01             6.907               1223600200017 
 2.219  -05   27.      1.91   +01             6.907               1223600200018 
 2.234  -05   27.      2.24   +01             6.907               1223600200019 
 2.246  -05   25.      2.110  +01 1.85   +00  1.666               1223600200020 
 2.256  -05   25.      2.91   +01             1.666               1223600200021 
 2.267  -05   25.      4.24   +01             1.666               1223600200022 
 2.274  -05   27.      5.930  +01 6.70   +00  1.666               1223600200023 
 2.280  -05   27.      7.81   +01             1.666               1223600200024 
 2.285  -05   27.      1.011  +02             1.666               1223600200025 
 2.290  -05   27.      1.788  +02             1.666               1223600200026 
 2.293  -05   27.      2.561  +02 2.44   +01  0.6597              1223600200027 
 2.299  -05   27.      3.774  +02             0.6597              1223600200028 
 2.304  -05   27.      3.994  +02             0.6597              1223600200029 
 2.309  -05   27.      2.816  +02             0.6597              1223600200030 
 2.315  -05   27.      2.654  +02             0.6597              1223600200031 
 2.321  -05   27.      1.633  +02 7.5    +00  1.666               1223600200032 
 2.327  -05   27.      1.077  +02             1.666               1223600200033 
 2.332  -05   27.      7.08   +01             1.666               1223600200034 
 2.337  -05   27.      4.66   +01             1.666               1223600200035 
 2.340  -05   25.      4.280  +01 1.94   +00  1.666               1223600200036 
 2.350  -05   25.      3.01   +01             1.666               1223600200037 
 2.368  -05   27.      2.450  +01 5.2    -01  6.907               1223600200038 
 2.384  -05   27.      2.26   +01             6.907               1223600200039 
 2.401  -05   27.      2.02   +01             6.907               1223600200040 
 2.423  -05   27.      1.96   +01             6.907               1223600200041 
 2.451  -05   27.      1.84   +01             6.907               1223600200042 
 2.480  -05   27.      1.74   +01             6.907               1223600200043 
 2.516  -05   27.      1.790  +01 3.0    -01  6.907               1223600200044 
 2.564  -05   27.      1.72   +01             6.907               1223600200045 
 2.619  -05   27.      1.72   +01             6.907               1223600200046 
 2.677  -05   27.      1.71   +01 3.     -01  6.907               1223600200047 
 2.737  -05   27.      1.71   +01             6.907               1223600200048 
 2.798  -05   27.      1.72   +01             6.907               1223600200049 
 2.862  -05   27.      1.74   +01             6.907               1223600200050 
 2.928  -05   27.      1.78   +01             6.907               1223600200051 
 2.996  -05   27.      1.78   +01             6.907               1223600200052 
 3.050  -05   27.      1.89   +01             6.907               1223600200053 
 3.082  -05   27.      1.91   +01             6.907               1223600200054 
 3.106  -05   27.      2.12   +01             6.907               1223600200055 
 3.131  -05   27.      2.19   +01             6.907               1223600200056 
 3.156  -05   27.      2.51   +01             6.907               1223600200057 
 3.181  -05   27.      2.61   +01             6.907               1223600200058 
 3.206  -05   27.      3.00   +01             6.907               1223600200059 
 3.221  -05   25.      3.020  +01 1.63   +00  1.666               1223600200060 
 3.238  -05   25.      3.85   +01             1.666               1223600200061 
 3.255  -05   25.      5.34   +01             1.666               1223600200062 
 3.273  -05   25.      7.95   +01             1.666               1223600200063 
 3.291  -05   25.      1.379  +02             1.666               1223600200064 
 3.304  -05   27.      1.642  +02 6.7    +00  1.666               1223600200065 
 3.313  -05   27.      2.923  +02             1.666               1223600200066 
 3.322  -05   27.      4.259  +02             1.666               1223600200067 
 3.331  -05   27.      6.038  +02             0.6597              1223600200068 
 3.337  -05   27.      8.748  +02 4.81   +01  0.6597              1223600200069 
 3.346  -05   27.      1.060  +03             0.6597              1223600200070 
 3.356  -05   27.      9.867  +02             0.6597              1223600200071 
 3.365  -05   27.      6.955  +02             0.6597              1223600200072 
 3.377  -05   27.      5.441  +02 1.00   +01  1.666               1223600200073 
 3.386  -05   27.      3.632  +02             1.666               1223600200074 
 3.395  -05   27.      2.133  +02             1.666               1223600200075 
 3.405  -05   27.      1.645  +02             1.666               1223600200076 
 3.414  -05   27.      1.142  +02             1.666               1223600200077 
 3.421  -05   27.      9.73   +01 2.1    +00  6.907               1223600200078 
 3.431  -05   27.      8.30   +01             6.907               1223600200079 
 3.450  -05   27.      6.110  +01 5.2    -01  6.907               1223600200080 
 3.478  -05   27.      4.44   +01             6.907               1223600200081 
 3.508  -05   27.      3.59   +01             6.907               1223600200082 
 3.537  -05   27.      2.950  +01 5.2    -01  6.907               1223600200083 
 3.566  -05   27.      2.77   +01             6.907               1223600200084 
 3.597  -05   27.      2.60   +01             6.907               1223600200085 
 3.628  -05   27.      2.26   +01             6.907               1223600200086 
 3.679  -05   27.      2.190  +01 3.0    -01  6.907               1223600200087 
 3.754  -05   27.      1.93   +01             6.907               1223600200088 
 3.831  -05   27.      1.89   +01             6.907               1223600200089 
 3.910  -05   27.      1.84   +01             6.907               1223600200090 
 3.992  -05   27.      1.80   +01             6.907               1223600200091 
 4.076  -05   27.      1.78   +01             6.907               1223600200092 
 4.162  -05   27.      1.76   +01             6.907               1223600200093 
 4.214  -05   27.      1.860  +01 5.2    -01  6.907               1223600200094 
 4.239  -05   27.      2.100  +01 8.0    -01  6.907               1223600200095 
 4.242  -05   27.      2.95   +01 5.4    +00  1.666               1223600200096 
 4.255  -05   27.      3.72   +01             1.666               1223600200097 
 4.268  -05   27.      3.98   +01             1.666               1223600200098 
 4.281  -05   27.      4.35   +01             1.666               1223600200099 
 4.294  -05   27.      6.65   +01             1.666               1223600200100 
 4.308  -05   27.      5.44   +01             1.666               1223600200101 
 4.321  -05   27.      5.20   +01             1.666               1223600200102 
 4.334  -05   27.      2.83   +01             1.666               1223600200103 
 4.345  -05   27.      2.40   +01 8.     -01  6.907               1223600200104 
 4.359  -05   27.      2.16   +01             6.907               1223600200105 
 4.372  -05   27.      1.96   +01             6.907               1223600200106 
 4.386  -05   27.      1.86   +01             6.907               1223600200107 
 4.413  -05   27.      1.740  +01 5.2    -01  6.907               1223600200108 
 4.441  -05   27.      1.73   +01 3.     -01 17.19                1223600200109 
 4.469  -05   27.      1.71   +01             6.907               1223600200110 
 4.525  -05   27.      1.67   +01            17.19                1223600200111 
 4.554  -05   27.      1.65   +01             6.907               1223600200112 
 4.687  -05   27.      1.660  +01 1.3    -01 17.19                1223600200113 
 4.717  -05   27.      1.63   +01 3.     -01  6.907               1223600200114 
 4.921  -05   27.      1.57   +01            17.19                1223600200115 
 4.954  -05   27.      1.65   +01             6.907               1223600200116 
 5.174  -05   27.      1.57   +01            17.19                1223600200117 
 5.209  -05   27.      1.57   +01             6.907               1223600200118 
 5.444  -05   27.      1.58   +01            17.19                1223600200119 
 5.482  -05   27.      1.52   +01             6.907               1223600200120 
 5.739  -05   27.      1.55   +01            17.19                1223600200121 
 5.780  -05   27.      1.59   +01             6.907               1223600200122 
 6.058  -05   27.      1.55   +01            17.19                1223600200123 
 6.102  -05   27.      1.52   +01             6.907               1223600200124 
 6.356  -05   27.      1.51   +01            17.19                1223600200125 
 6.404  -05   27.      1.56   +01             6.907               1223600200126 
 6.576  -05   27.      1.53   +01            17.19                1223600200127 
 6.626  -05   27.      1.56   +01             6.907               1223600200128 
 6.703  -05   27.      1.53   +01            17.19                1223600200129 
 6.754  -05   27.      1.50   +01             6.907               1223600200130 
 6.834  -05   27.      1.53   +01 3.     -01 17.19                1223600200131 
 6.834  -05   27.      1.52   +01             6.907               1223600200132 
 6.914  -05   27.      1.63   +01             6.907               1223600200133 
 6.968  -05   27.      1.81   +01 7.     -01  6.907               1223600200134 
 6.996  -05   27.      1.93   +01             6.907               1223600200135 
 7.023  -05   27.      2.50   +01             6.907               1223600200136 
 7.051  -05   27.      3.39   +01             6.907               1223600200137 
 7.079  -05   27.      3.91   +01             6.907               1223600200138 
 7.107  -05   27.      3.42   +01             6.907               1223600200139 
 7.135  -05   27.      2.64   +01             6.907               1223600200140 
 7.164  -05   27.      2.20   +01             6.907               1223600200141 
 7.192  -05   27.      1.75   +01             6.907               1223600200142 
 7.250  -05   27.      1.670  +01 5.2    -01  6.907               1223600200143 
 7.338  -05   27.      1.55   +01             6.907               1223600200144 
 7.427  -05   27.      1.50   +01             6.907               1223600200145 
 7.518  -05   27.      1.53   +01             6.907               1223600200146 
 7.611  -05   27.      1.51   +01             6.907               1223600200147 
 7.769  -05   27.      1.45   +01             6.907               1223600200148 
 7.999  -05   27.      1.46   +01             6.907               1223600200149 
 8.204  -05   27.      1.45   +01             6.907               1223600200150 
 8.346  -05   27.      1.49   +01             6.907               1223600200151 
 8.454  -05   27.      1.44   +01             6.907               1223600200152 
 8.565  -05   27.      1.51   +01             6.907               1223600200153 
 8.678  -05   27.      1.50   +01             6.907               1223600200154 
 8.793  -05   27.      1.540  +01 5.2    -01  6.907               1223600200155 
 8.859  -05   25.      2.29   +01 2.5    +00  1.666               1223600200156 
 8.879  -05   25.      3.58   +01             1.666               1223600200157 
 8.899  -05   25.      4.65   +01             1.666               1223600200158 
 8.919  -05   25.      7.02   +01             1.666               1223600200159 
 8.939  -05   25.      9.36   +01             1.666               1223600200160 
 8.959  -05   25.      1.128  +02             1.666               1223600200161 
 8.979  -05   25.      9.51   +01             1.666               1223600200162 
 8.999  -05   25.      7.74   +01             1.666               1223600200163 
 9.019  -05   25.      4.58   +01             1.666               1223600200164 
 9.039  -05   25.      3.76   +01             1.666               1223600200165 
 9.059  -05   25.      2.13   +01             1.666               1223600200166 
 9.112  -05   27.      1.90   +01 6.     -01  6.907               1223600200167 
 9.153  -05   27.      1.77   +01             6.907               1223600200168 
 9.194  -05   27.      1.62   +01             6.907               1223600200169 
 9.236  -05   27.      1.77   +01             6.907               1223600200170 
 9.277  -05   27.      1.67   +01             6.907               1223600200171 
 9.320  -05   27.      2.14   +01             6.907               1223600200172 
 9.361  -05   27.      2.34   +01             6.907               1223600200173 
 9.405  -05   27.      1.96   +01             6.907               1223600200174 
 9.448  -05   27.      1.60   +01             6.907               1223600200175 
 9.535  -05   27.      1.540  +01 5.2    -01  6.907               1223600200176 
 9.667  -05   27.      1.45   +01             6.907               1223600200177 
 9.802  -05   27.      1.51   +01             6.907               1223600200178 
 9.941  -05   27.      1.45   +01             6.907               1223600200179 
 1.013  -04   27.      1.46   +01             6.907               1223600200180 
 1.042  -04   27.      1.44   +01             6.907               1223600200181 
 1.078  -04   27.      1.34   +01             6.907               1223600200182 
 1.116  -04   27.      1.41   +01             6.907               1223600200183 
 1.156  -04   27.      1.37   +01             6.907               1223600200184 
 1.198  -04   27.      1.37   +01             6.907               1223600200185 
 1.236  -04   27.      1.33   +01             6.907               1223600200186 
 1.262  -04   27.      1.34   +01             6.907               1223600200187 
 1.275  -04   27.      1.76   +01 7.     -01  6.907               1223600200188 
 1.282  -04   27.      2.44   +01             6.907               1223600200189 
 1.289  -04   27.      5.57   +01             6.907               1223600200190 
 1.293  -04   18.      1.307  +02 1.65   +01  0.6597              1223600200191 
 1.298  -04   18.      2.316  +02             0.6597              1223600200192 
 1.303  -04   18.      1.087  +02             0.6597              1223600200193 
 1.310  -04   27.      2.82   +01 8.     -01  6.907               1223600200194 
 1.317  -04   27.      2.07   +01             6.907               1223600200195 
 1.324  -04   27.      1.83   +01             6.907               1223600200196 
 1.331  -04   27.      1.71   +01             6.907               1223600200197 
 1.338  -04   27.      1.61   +01             6.907               1223600200198 
 1.341  -04   13.      1.530  +01 1.55   +00 17.19                1223600200199 
 1.348  -04   13.      1.50   +01            17.19                1223600200200 
 1.359  -04   13.      1.36   +01            17.19                1223600200201 
 1.370  -04   13.      1.26   +01            17.19                1223600200202 
 1.381  -04   13.      1.29   +01            17.19                1223600200203 
 1.400  -04   13.      1.43   +01            17.19                1223600200204 
 1.415  -04   13.      1.33   +01            17.19                1223600200205 
 1.435  -04   13.      1.30   +01            17.19                1223600200206 
 1.455  -04   13.      1.30   +01            17.19                1223600200207 
 1.475  -04   13.      1.43   +01            17.19                1223600200208 
 1.496  -04   13.      1.37   +01            17.19                1223600200209 
 1.517  -04   13.      1.32   +01            17.19                1223600200210 
 1.539  -04   13.      1.23   +01            17.19                1223600200211 
 1.561  -04   13.      1.32   +01            17.19                1223600200212 
 1.584  -04   13.      1.18   +01            17.19                1223600200213 
 1.607  -04   13.      1.26   +01            17.19                1223600200214 
 1.631  -04   13.      1.38   +01            17.19                1223600200215 
 1.655  -04   13.      1.48   +01            17.19                1223600200216 
 1.683  -04   12.      1.880  +01 8.1    -01  6.907               1223600200217 
 1.691  -04   12.      2.24   +01             6.907               1223600200218 
 1.698  -04   12.      2.50   +01             6.907               1223600200219 
 1.706  -04   12.      3.37   +01             6.907               1223600200220 
 1.711  -04   12.      3.83   +01             6.907               1223600200221 
 1.714  -04   12.      4.12   +01             6.907               1223600200222 
 1.716  -04   12.      4.72   +01             6.907               1223600200223 
 1.719  -04   12.      5.57   +01             6.907               1223600200224 
 1.721  -04   12.      6.05   +01             6.907               1223600200225 
 1.724  -04   12.      7.16   +01             6.907               1223600200226 
 1.727  -04   12.      8.77   +01 5.6    +00  1.666               1223600200227 
 1.729  -04   12.      1.163  +02             1.666               1223600200228 
 1.732  -04   12.      1.403  +02             1.666               1223600200229 
 1.735  -04   12.      1.877  +02             1.666               1223600200230 
 1.737  -04   12.      2.075  +02             1.666               1223600200231 
 1.740  -04   12.      3.009  +02             1.666               1223600200232 
 1.742  -04   18.      6.307  +02 2.40   +01  0.6597              1223600200233 
 1.750  -04   18.      9.512  +02             0.6597              1223600200234 
 1.758  -04   18.      4.580  +02             0.6597              1223600200235 
 1.761  -04   12.      3.243  +02 1.00   +01  1.666               1223600200236 
 1.764  -04   12.      2.525  +02             1.666               1223600200237 
 1.767  -04   12.      2.273  +02             1.666               1223600200238 
 1.769  -04   12.      1.709  +02             1.666               1223600200239 
 1.772  -04   12.      1.491  +02             1.666               1223600200240 
 1.775  -04   12.      1.178  +02             1.666               1223600200241 
 1.777  -04   12.      1.006  +02             1.666               1223600200242 
 1.780  -04   12.      9.20   +01 5.0    +00  6.907               1223600200243 
 1.783  -04   12.      7.91   +01             6.907               1223600200244 
 1.786  -04   12.      6.62   +01             6.907               1223600200245 
 1.791  -04   12.      6.26   +01 1.0    +00  6.907               1223600200246 
 1.799  -04   12.      4.62   +01             6.907               1223600200247 
 1.809  -04   12.      4.05   +01             6.907               1223600200248 
 1.816  -04   12.      3.46   +01             6.907               1223600200249 
 1.825  -04   12.      3.16   +01             6.907               1223600200250 
 1.833  -04   12.      2.67   +01             6.907               1223600200251 
 1.836  -04   13.      2.580  +01 8.0    -01 17.19                1223600200252 
 1.845  -04   12.      2.50   +01             6.907               1223600200253 
 1.853  -04   13.      2.21   +01            17.19                1223600200254 
 1.862  -04   12.      2.160  +01 7.0    -01  6.907               1223600200255 
 1.871  -04   13.      2.08   +01            17.19                1223600200256 
 1.882  -04   12.      2.15   +01             6.907               1223600200257 
 1.889  -04   13.      1.99   +01            17.19                1223600200258 
 1.904  -04   12.      1.82   +01             6.907               1223600200259 
 1.907  -04   13.      1.99   +01            17.19                1223600200260 
 1.925  -04   13.      1.77   +01            17.19                1223600200261 
 1.925  -04   12.      1.80   +01             6.907               1223600200262 
 1.944  -04   13.      1.70   +01            17.19                1223600200263 
 1.947  -04   12.      1.83   +01             6.907               1223600200264 
 1.963  -04   13.      1.54   +01            17.19                1223600200265 
 1.969  -04   12.      1.67   +01             6.907               1223600200266 
 1.982  -04   13.      1.66   +01            17.19                1223600200267 
 1.992  -04   12.      1.66   +01             6.907               1223600200268 
 2.001  -04   13.      1.58   +01            17.19                1223600200269 
 2.015  -04   12.      1.76   +01             6.907               1223600200270 
 2.021  -04   13.      1.60   +01            17.19                1223600200271 
 2.035  -04   12.      1.60   +01             6.907               1223600200272 
 2.041  -04   13.      1.49   +01            17.19                1223600200273 
 2.048  -04   12.      1.55   +01             6.907               1223600200274 
 2.058  -04   12.      1.670  +01 8.1    -01  6.907               1223600200275 
 2.061  -04   13.      1.76   +01            17.19                1223600200276 
 2.068  -04   12.      1.95   +01             6.907               1223600200277 
 2.075  -04   12.      2.12   +01             6.907               1223600200278 
 2.079  -04   12.      2.31   +01             6.907               1223600200279 
 2.082  -04   12.      2.45   +01             6.907               1223600200280 
 2.086  -04   12.      3.36   +01             6.907               1223600200281 
 2.089  -04   12.      6.39   +01 5.0    +00  1.666               1223600200282 
 2.093  -04   12.      9.71   +01             1.666               1223600200283 
 2.096  -04   12.      1.016  +02             1.666               1223600200284 
 2.100  -04   12.      1.466  +02             1.666               1223600200285 
 2.103  -04   12.      1.638  +02             1.666               1223600200286 
 2.107  -04   12.      1.654  +02             1.666               1223600200287 
 2.110  -04   12.      1.423  +02             1.666               1223600200288 
 2.114  -04   12.      1.183  +02             1.666               1223600200289 
 2.117  -04   12.      9.22   +01             1.666               1223600200290 
 2.121  -04   12.      8.19   +01             1.666               1223600200291 
 2.124  -04   12.      6.51   +01             1.666               1223600200292 
 2.128  -04   12.      3.41   +01 1.6    +00  6.907               1223600200293 
 2.135  -04   12.      2.360  +01 8.1    -01  6.907               1223600200294 
 2.146  -04   12.      1.96   +01             6.907               1223600200295 
 2.159  -04   12.      1.62   +01             6.907               1223600200296 
 2.169  -04   12.      1.71   +01             6.907               1223600200297 
 2.175  -04   13.      1.690  +01 8.1    -01 17.19                1223600200298 
 2.179  -04   12.      1.46   +01             6.907               1223600200299 
 2.194  -04   12.      1.680  +01 5.8    -01  6.907               1223600200300 
 2.197  -04   13.      1.54   +01            17.19                1223600200301 
 2.217  -04   12.      1.42   +01             6.907               1223600200302 
 2.220  -04   13.      1.37   +01            17.19                1223600200303 
 2.243  -04   13.      1.45   +01            17.19                1223600200304 
 2.243  -04   12.      1.52   +01             6.907               1223600200305 
 2.266  -04   13.      1.54   +01            17.19                1223600200306 
 2.271  -04   12.      1.45   +01             6.907               1223600200307 
 2.290  -04   13.      1.33   +01            17.19                1223600200308 
 2.299  -04   12.      1.64   +01             6.907               1223600200309 
 2.314  -04   13.      1.44   +01            17.19                1223600200310 
 2.327  -04   12.      1.36   +01             6.907               1223600200311 
 2.339  -04   13.      1.44   +01            17.19                1223600200312 
 2.352  -04   12.      1.36   +01             6.907               1223600200313 
 2.364  -04   13.      1.30   +01            17.19                1223600200314 
 2.368  -04   12.      1.30   +01             6.907               1223600200315 
 2.381  -04   12.      1.33   +01             6.907               1223600200316 
 2.394  -04   12.      1.23   +01             6.907               1223600200317 
 2.407  -04   12.      1.26   +01             6.907               1223600200318 
 2.424  -04   12.      1.22   +01             6.907               1223600200319 
 2.446  -04   12.      1.33   +01             6.907               1223600200320 
 2.450  -04   13.      1.280  +01 8.1    -01 17.19                1223600200321 
 2.468  -04   12.      1.36   +01             6.907               1223600200322 
 2.477  -04   13.      1.39   +01            17.19                1223600200323 
 2.495  -04   12.      1.29   +01             6.907               1223600200324 
 2.504  -04   13.      1.30   +01            17.19                1223600200325 
 2.527  -04   12.      1.37   +01             6.907               1223600200326 
 2.531  -04   13.      1.30   +01            17.19                1223600200327 
 2.560  -04   13.      1.23   +01            17.19                1223600200328 
 2.560  -04   12.      1.39   +01             6.907               1223600200329 
 2.588  -04   13.      1.25   +01            17.19                1223600200330 
 2.589  -04   12.      1.30   +01             6.907               1223600200331 
 2.608  -04   12.      1.57   +01             6.907               1223600200332 
 2.618  -04   12.      1.550  +01 5.8    -01  6.907               1223600200333 
 2.623  -04   12.      2.06   +01             6.907               1223600200334 
 2.627  -04   12.      2.28   +01             6.907               1223600200335 
 2.632  -04   12.      3.06   +01             6.907               1223600200336 
 2.637  -04   12.      2.89   +01             6.907               1223600200337 
 2.642  -04   12.      3.20   +01             6.907               1223600200338 
 2.647  -04   12.      2.43   +01             6.907               1223600200339 
 2.652  -04   12.      2.13   +01             6.907               1223600200340 
 2.657  -04   13.      1.70   +01            17.19                1223600200341 
 2.657  -04   12.      1.440  +01 5.8    -01  6.907               1223600200342 
 2.662  -04   12.      1.51   +01             6.907               1223600200343 
 2.667  -04   13.      1.20   +01            17.19                1223600200344 
 2.672  -04   12.      1.41   +01             6.907               1223600200345 
 2.677  -04   13.      1.24   +01            17.19                1223600200346 
 2.687  -04   13.      1.37   +01            17.19                1223600200347 
 2.687  -04   12.      1.48   +01             6.907               1223600200348 
 2.697  -04   12.      1.55   +01             6.907               1223600200349 
 2.703  -04   12.      1.65   +01             6.907               1223600200350 
 2.708  -04   12.      1.62   +01             6.907               1223600200351 
 2.713  -04   12.      1.58   +01             6.907               1223600200352 
 2.718  -04   12.      1.55   +01             6.907               1223600200353 
 2.723  -04   12.      1.46   +01             6.907               1223600200354 
 2.734  -04   12.      1.21   +01             6.907               1223600200355 
 2.749  -04   12.      1.350  +01 5.8    -01  6.907               1223600200356 
 2.759  -04   13.      1.36   +01            17.19                1223600200357 
 2.765  -04   12.      1.31   +01             6.907               1223600200358 
 2.786  -04   12.      1.16   +01             6.907               1223600200359 
 2.791  -04   13.      1.22   +01            17.19                1223600200360 
 2.820  -04   12.      1.06   +01             6.907               1223600200361 
 2.824  -04   13.      1.16   +01            17.19                1223600200362 
 2.857  -04   13.      1.19   +01            17.19                1223600200363 
 2.858  -04   12.      1.11   +01             6.907               1223600200364 
 2.891  -04   13.      1.11   +01            17.19                1223600200365 
 2.925  -04   13.      1.11   +01            17.19                1223600200366 
 2.948  -04   12.      1.24   +01             6.907               1223600200367 
 2.960  -04   12.      1.43   +01             6.907               1223600200368 
 2.966  -04   12.      1.30   +01             6.907               1223600200369 
 2.972  -04   12.      1.65   +01             6.907               1223600200370 
 2.978  -04   12.      1.81   +01 1.3    +00  6.907               1223600200371 
 2.984  -04   27.      2.32   +01 4.5    +00  1.666               1223600200372 
 2.990  -04   27.      3.83   +01             1.666               1223600200373 
 2.996  -04   27.      5.60   +01             1.666               1223600200374 
 3.002  -04   27.      9.15   +01             1.666               1223600200375 
 3.008  -04   27.      1.266  +02             1.666               1223600200376 
 3.009  -04   18.      1.597  +02 1.1    +00  0.6597              1223600200377 
 3.028  -04   18.      2.818  +02             0.6597              1223600200378 
 3.032  -04   12.      1.331  +02 5.0    +00  1.666               1223600200379 
 3.038  -04   12.      1.010  +02             1.666               1223600200380 
 3.044  -04   12.      6.87   +01             1.666               1223600200381 
 3.051  -04   12.      4.94   +01             1.666               1223600200382 
 3.057  -04   12.      4.04   +01             1.666               1223600200383 
 3.063  -04   12.      2.80   +01 1.3    +00 17.19                1223600200384 
 3.070  -04   12.      2.71   +01            17.19                1223600200385 
 3.076  -04   12.      2.57   +01            17.19                1223600200386 
 3.082  -04   12.      2.63   +01            17.19                1223600200387 
 3.088  -04   12.      2.65   +01            17.19                1223600200388 
 3.094  -04   12.      3.59   +01 1.3    +00 17.19                1223600200389 
 3.100  -04   12.      5.29   +01             1.666               1223600200390 
 3.107  -04   12.      6.67   +01             1.666               1223600200391 
 3.113  -04   12.      1.238  +02             1.666               1223600200392 
 3.119  -04   12.      1.643  +02             1.666               1223600200393 
 3.126  -04   12.      2.200  +02             1.666               1223600200394 
 3.132  -04   12.      2.547  +02             1.666               1223600200395 
 3.140  -04   18.      3.380  +02             0.6597              1223600200396 
 3.159  -04   18.      4.261  +02             0.6597              1223600200397 
 3.164  -04   12.      1.623  +02             1.666               1223600200398 
 3.171  -04   12.      1.086  +02             1.666               1223600200399 
 3.177  -04   12.      8.24   +01             1.666               1223600200400 
 3.184  -04   12.      5.95   +01             1.666               1223600200401 
 3.190  -04   12.      5.10   +01             1.666               1223600200402 
 3.197  -04   12.      4.06   +01 1.7    +00  6.907               1223600200403 
 3.204  -04   12.      3.68   +01             6.907               1223600200404 
 3.210  -04   12.      3.20   +01             6.907               1223600200405 
 3.217  -04   12.      3.20   +01             6.907               1223600200406 
 3.223  -04   12.      2.72   +01             6.907               1223600200407 
 3.237  -04   12.      2.440  +01 6.8    -01 17.19                1223600200408 
 3.258  -04   12.      2.23   +01            17.19                1223600200409 
 3.278  -04   12.      2.12   +01            17.19                1223600200410 
 3.299  -04   12.      1.87   +01            17.19                1223600200411 
 3.320  -04   12.      1.90   +01            17.19                1223600200412 
 3.341  -04   12.      1.72   +01            17.19                1223600200413 
 3.362  -04   12.      1.72   +01            17.19                1223600200414 
 3.383  -04   12.      1.79   +01            17.19                1223600200415 
 3.404  -04   12.      1.66   +01 1.5    +00  6.907               1223600200416 
 3.411  -04   12.      2.12   +01             6.907               1223600200417 
 3.419  -04   12.      2.10   +01             6.907               1223600200418 
 3.426  -04   12.      2.89   +01             6.907               1223600200419 
 3.433  -04   12.      3.04   +01             6.907               1223600200420 
 3.441  -04   12.      3.34   +01             6.907               1223600200421 
 3.448  -04   12.      2.87   +01             6.907               1223600200422 
 3.455  -04   12.      2.51   +01             6.907               1223600200423 
 3.456  -04   12.      1.82   +01 1.0    +00 17.19                1223600200424 
 3.471  -04   12.      1.630  +01 6.8    -01 17.19                1223600200425 
 3.494  -04   12.      1.57   +01            17.19                1223600200426 
 3.517  -04   12.      1.63   +01            17.19                1223600200427 
 3.539  -04   12.      1.55   +01            17.19                1223600200428 
 3.563  -04   12.      1.49   +01            17.19                1223600200429 
 3.586  -04   12.      1.48   +01            17.19                1223600200430 
 3.610  -04   12.      1.46   +01            17.19                1223600200431 
 3.634  -04   12.      1.48   +01            17.19                1223600200432 
 3.658  -04   12.      1.45   +01            17.19                1223600200433 
 3.682  -04   12.      1.45   +01            17.19                1223600200434 
 3.707  -04   12.      1.43   +01            17.19                1223600200435 
 3.731  -04   12.      1.52   +01            17.19                1223600200436 
 3.748  -04   12.      1.68   +01            17.19                1223600200437 
 3.757  -04   12.      1.77   +01            17.19                1223600200438 
 3.765  -04   12.      1.93   +01            17.19                1223600200439 
 3.773  -04   12.      1.72   +01            17.19                1223600200440 
 3.782  -04   12.      2.07   +01            17.19                1223600200441 
 3.790  -04   12.      1.76   +01            17.19                1223600200442 
 3.799  -04   12.      1.680  +01 7.8    -01 17.19                1223600200443 
 3.816  -04   12.      1.47   +01            17.19                1223600200444 
 3.842  -04   12.      1.48   +01            17.19                1223600200445 
 3.868  -04   12.      1.33   +01            17.19                1223600200446 
 3.895  -04   12.      1.41   +01            17.19                1223600200447 
 3.921  -04   12.      1.39   +01            17.19                1223600200448 
 3.948  -04   12.      1.32   +01            17.19                1223600200449 
 3.976  -04   12.      1.31   +01            17.19                1223600200450 
 4.003  -04   12.      1.33   +01            17.19                1223600200451 
 4.031  -04   12.      1.13   +01            17.19                1223600200452 
 4.059  -04   12.      1.31   +01            17.19                1223600200453 
 4.088  -04   12.      1.30   +01            17.19                1223600200454 
 4.117  -04   12.      1.39   +01            17.19                1223600200455 
 4.136  -04   12.      1.73   +01 1.1    +00  6.907               1223600200456 
 4.146  -04   12.      2.36   +01             6.907               1223600200457 
 4.155  -04   12.      2.78   +01             6.907               1223600200458 
 4.165  -04   12.      2.84   +01             6.907               1223600200459 
 4.175  -04   12.      2.74   +01             6.907               1223600200460 
 4.185  -04   12.      2.30   +01             6.907               1223600200461 
 4.195  -04   12.      1.660  +01 7.2    -01 17.19                1223600200462 
 4.215  -04   12.      1.50   +01            17.19                1223600200463 
 4.245  -04   12.      1.33   +01            17.19                1223600200464 
 4.275  -04   12.      1.30   +01            17.19                1223600200465 
 4.306  -04   12.      1.35   +01            17.19                1223600200466 
 4.337  -04   12.      1.50   +01            17.19                1223600200467 
 4.358  -04   12.      1.53   +01            17.19                1223600200468 
 4.369  -04   12.      1.79   +01            17.19                1223600200469 
 4.379  -04   12.      1.74   +01 1.1    +00  6.907               1223600200470 
 4.390  -04   12.      1.97   +01             6.907               1223600200471 
 4.400  -04   12.      2.22   +01             6.907               1223600200472 
 4.408  -04   12.      2.53   +01 4.0    +00  1.666               1223600200473 
 4.419  -04   12.      4.00   +01             1.666               1223600200474 
 4.430  -04   12.      4.47   +01             1.666               1223600200475 
 4.440  -04   12.      6.80   +01 4.0    +00  1.666               1223600200476 
 4.451  -04   12.      7.46   +01             1.666               1223600200477 
 4.462  -04   12.      7.22   +01             1.666               1223600200478 
 4.473  -04   12.      4.98   +01             1.666               1223600200479 
 4.484  -04   12.      3.93   +01             1.666               1223600200480 
 4.487  -04   12.      2.36   +01             6.907               1223600200481 
 4.498  -04   12.      2.17   +01             6.907               1223600200482 
 4.509  -04   12.      1.80   +01             6.907               1223600200483 
 4.520  -04   12.      1.670  +01 4.1    -01 17.19                1223600200484 
 4.554  -04   12.      1.55   +01            17.19                1223600200485 
 4.587  -04   12.      1.47   +01            17.19                1223600200486 
 4.622  -04   12.      1.45   +01            17.19                1223600200487 
 4.656  -04   12.      1.39   +01            17.19                1223600200488 
 4.691  -04   12.      1.35   +01            17.19                1223600200489 
 4.727  -04   12.      1.36   +01            17.19                1223600200490 
 4.762  -04   12.      1.50   +01            17.19                1223600200491 
 4.786  -04   12.      1.51   +01            17.19                1223600200492 
 4.799  -04   12.      1.71   +01            17.19                1223600200493 
 4.811  -04   12.      1.78   +01 1.1    +00  6.907               1223600200494 
 4.823  -04   12.      2.02   +01             6.907               1223600200495 
 4.835  -04   12.      2.26   +01             6.907               1223600200496 
 4.847  -04   12.      2.81   +01             6.907               1223600200497 
 4.860  -04   12.      3.32   +01             6.907               1223600200498 
 4.866  -04   12.      3.43   +01 4.0    +00  1.666               1223600200499 
 4.881  -04   12.      6.05   +01             1.666               1223600200500 
 4.893  -04   12.      8.20   +01             1.666               1223600200501 
 4.906  -04   12.      9.63   +01             1.666               1223600200502 
 4.918  -04   12.      8.97   +01             1.666               1223600200503 
 4.931  -04   12.      8.08   +01             1.666               1223600200504 
 4.943  -04   12.      5.18   +01             1.666               1223600200505 
 4.956  -04   12.      4.70   +01             1.666               1223600200506 
 4.969  -04   12.      3.27   +01             1.666               1223600200507 
 4.973  -04   12.      3.09   +01 1.1    +00  6.907               1223600200508 
 4.986  -04   12.      2.53   +01             6.907               1223600200509 
 5.000  -04   12.      2.21   +01             6.907               1223600200510 
 5.012  -04   12.      1.870  +01 7.5    -01 17.19                1223600200511 
 5.025  -04   12.      1.74   +01            17.19                1223600200512 
 5.038  -04   12.      1.66   +01            17.19                1223600200513 
 5.051  -04   12.      1.55   +01            17.19                1223600200514 
 5.064  -04   12.      1.480  +01 6.5    -01 17.19                1223600200515 
 5.077  -04   12.      1.63   +01            17.19                1223600200516 
 5.090  -04   12.      1.51   +01            17.19                1223600200517 
 5.104  -04   12.      1.71   +01            17.19                1223600200518 
 5.117  -04   12.      1.68   +01            17.19                1223600200519 
 5.130  -04   12.      1.93   +01            17.19                1223600200520 
 5.144  -04   12.      1.87   +01            17.19                1223600200521 
 5.157  -04   12.      1.76   +01            17.19                1223600200522 
 5.171  -04   12.      1.69   +01            17.19                1223600200523 
 5.184  -04   12.      1.52   +01            17.19                1223600200524 
 5.212  -04   12.      1.30   +01            17.19                1223600200525 
 5.253  -04   12.      1.38   +01            17.19                1223600200526 
 5.295  -04   12.      1.27   +01            17.19                1223600200527 
 5.337  -04   12.      1.25   +01            17.19                1223600200528 
 5.380  -04   12.      1.26   +01            17.19                1223600200529 
 5.424  -04   12.      1.250  +01            17.19                1223600200530 
 5.468  -04   12.      1.24   +01            17.19                1223600200531 
 5.512  -04   12.      1.31   +01            17.19                1223600200532 
 5.542  -04   12.      1.49   +01 1.0    +00  6.907               1223600200533 
 5.558  -04   12.      1.87   +01             6.907               1223600200534 
 5.573  -04   12.      2.13   +01             6.907               1223600200535 
 5.582  -04   12.      3.25   +01 4.0    +00  1.666               1223600200536 
 5.597  -04   12.      5.16   +01             1.666               1223600200537 
 5.613  -04   12.      6.04   +01             1.666               1223600200538 
 5.628  -04   12.      8.42   +01             1.666               1223600200539 
 5.643  -04   12.      6.55   +01             1.666               1223600200540 
 5.659  -04   12.      6.25   +01             1.666               1223600200541 
 5.674  -04   12.      3.80   +01             1.666               1223600200542 
 5.681  -04   12.      2.81   +01             6.907               1223600200543 
 5.696  -04   12.      2.27   +01             6.907               1223600200544 
 5.712  -04   12.      1.62   +01             6.907               1223600200545 
 5.760  -04   12.      1.450  +01 4.1    -01 17.19                1223600200546 
 5.808  -04   12.      1.46   +01            17.19                1223600200547 
 5.856  -04   12.      1.41   +01            17.19                1223600200548 
 5.906  -04   12.      1.41   +01            17.19                1223600200549 
 5.956  -04   12.      1.35   +01            17.19                1223600200550 
 6.006  -04   12.      1.350  +01 4.1    -01 17.19                1223600200551 
 6.058  -04   12.      1.36   +01            17.19                1223600200552 
 6.110  -04   12.      1.22   +01            17.19                1223600200553 
 6.162  -04   12.      1.26   +01            17.19                1223600200554 
 6.216  -04   12.      1.25   +01            17.19                1223600200555 
 6.270  -04   12.      1.29   +01            17.19                1223600200556 
 6.324  -04   12.      1.24   +01            17.19                1223600200557 
 6.361  -04   12.      1.26   +01            17.19                1223600200558 
 6.417  -04   12.      1.30   +01            17.19                1223600200559 
 6.455  -04   12.      1.33   +01            17.19                1223600200560 
 6.474  -04   12.      1.45   +01 1.0    +00  6.907               1223600200561 
 6.493  -04   12.      1.69   +01             6.907               1223600200562 
 6.512  -04   12.      1.68   +01             6.907               1223600200563 
 6.531  -04   12.      1.61   +01             6.907               1223600200564 
 6.551  -04   12.      1.38   +01             6.907               1223600200565 
 6.590  -04   12.      1.200  +01 4.1    -01 17.19                1223600200566 
 6.648  -04   12.      1.25   +01            17.19                1223600200567 
 6.708  -04   12.      1.30   +01            17.19                1223600200568 
 6.728  -04   12.      1.29   +01 1.0    +00  6.907               1223600200569 
 6.749  -04   12.      1.66   +01             6.907               1223600200570 
 6.759  -04   12.      2.40   +01 4.0    +00  1.666               1223600200571 
 6.780  -04   12.      2.86   +01             1.666               1223600200572 
 6.800  -04   12.      4.09   +01             1.666               1223600200573 
 6.820  -04   12.      4.83   +01             1.666               1223600200574 
 6.841  -04   12.      5.81   +01             1.666               1223600200575 
 6.862  -04   12.      5.00   +01             1.666               1223600200576 
 6.882  -04   12.      4.38   +01             1.666               1223600200577 
 6.903  -04   12.      3.74   +01             1.666               1223600200578 
 6.913  -04   12.      2.33   +01 1.0    +00  6.907               1223600200579 
 6.934  -04   12.      1.71   +01             6.907               1223600200580 
 6.956  -04   12.      1.59   +01             6.907               1223600200581 
 6.998  -04   12.      1.420  +01 4.1    -01 17.19                1223600200582 
 7.063  -04   12.      1.35   +01            17.19                1223600200583 
 7.128  -04   12.      1.28   +01            17.19                1223600200584 
 7.194  -04   12.      1.34   +01            17.19                1223600200585 
 7.262  -04   12.      1.24   +01            17.19                1223600200586 
 7.330  -04   12.      1.210  +01 4.1    -01 17.19                1223600200587 
 7.399  -04   12.      1.17   +01            17.19                1223600200588 
 7.469  -04   12.      1.26   +01            17.19                1223600200589 
 7.541  -04   12.      1.17   +01            17.19                1223600200590 
 7.613  -04   12.      1.21   +01            17.19                1223600200591 
 7.686  -04   12.      1.18   +01            17.19                1223600200592 
 7.760  -04   12.      1.16   +01            17.19                1223600200593 
 7.836  -04   12.      1.14   +01            17.19                1223600200594 
 7.912  -04   12.      1.17   +01            17.19                1223600200595 
 7.964  -04   12.      1.30   +01            17.19                1223600200596 
 7.990  -04   12.      1.52   +01 1.0    +00  6.907               1223600200597 
 8.016  -04   12.      1.72   +01             6.907               1223600200598 
 8.042  -04   12.      2.41   +01             6.907               1223600200599 
 8.069  -04   12.      2.35   +01             6.907               1223600200600 
 8.095  -04   12.      2.45   +01             6.907               1223600200601 
 8.122  -04   12.      2.11   +01             6.907               1223600200602 
 8.149  -04   12.      1.66   +01             6.907               1223600200603 
 8.176  -04   12.      1.410  +01 5.6    -01 17.19                1223600200604 
 8.203  -04   12.      1.29   +01            17.19                1223600200605 
 8.257  -04   12.      1.17   +01            17.19                1223600200606 
 8.340  -04   12.      1.19   +01            17.19                1223600200607 
 8.424  -04   12.      1.14   +01            17.19                1223600200608 
 8.509  -04   12.      1.20   +01            17.19                1223600200609 
 8.596  -04   12.      1.30   +01            17.19                1223600200610 
 8.625  -04   12.      1.33   +01 1.0    +00  6.907               1223600200611 
 8.654  -04   12.      1.98   +01             6.907               1223600200612 
 8.684  -04   12.      2.38   +01             6.907               1223600200613 
 8.713  -04   12.      3.25   +01             6.907               1223600200614 
 8.743  -04   12.      4.34   +01             6.907               1223600200615 
 8.756  -04   12.      6.58   +01 4.0    +00  1.666               1223600200616 
 8.786  -04   12.      9.02   +01             1.666               1223600200617 
 8.816  -04   12.      8.48   +01             1.666               1223600200618 
 8.846  -04   12.      7.29   +01             1.666               1223600200619 
 8.877  -04   12.      5.39   +01             1.666               1223600200620 
 8.894  -04   12.      3.11   +01 1.1    +00  6.907               1223600200621 
 8.925  -04   12.      2.25   +01             6.907               1223600200622 
 8.956  -04   12.      2.04   +01 1.0    +00  6.907               1223600200623 
 9.018  -04   12.      1.61   +01             6.907               1223600200624 
 9.112  -04   12.      1.45   +01             6.907               1223600200625 
 9.208  -04   12.      1.29   +01             6.907               1223600200626 
 9.273  -04   12.      1.260  +01 2.6    -01 17.19                1223600200627 
 9.372  -04   12.      1.25   +01            17.19                1223600200628 
 9.472  -04   12.      1.27   +01            17.19                1223600200629 
 9.506  -04   12.      1.320  +01 9.0    -01  6.907               1223600200630 
 9.540  -04   12.      2.05   +01             6.907               1223600200631 
 9.574  -04   12.      2.34   +01             6.907               1223600200632 
 9.608  -04   12.      2.83   +01             6.907               1223600200633 
 9.643  -04   12.      2.86   +01             6.907               1223600200634 
 9.677  -04   12.      2.51   +01             6.907               1223600200635 
 9.712  -04   12.      1.93   +01             6.907               1223600200636 
 9.747  -04   12.      1.68   +01             6.907               1223600200637 
 9.782  -04   12.      1.490  +01 5.5    -01 17.19                1223600200638 
 9.818  -04   12.      1.47   +01            17.19                1223600200639 
 9.853  -04   12.      1.30   +01            17.19                1223600200640 
 9.889  -04   12.      1.26   +01            17.19                1223600200641 
 9.925  -04   12.      1.21   +01            17.19                1223600200642 
 9.961  -04   12.      1.22   +01            17.19                1223600200643 
 9.998  -04   12.      1.16   +01            17.19                1223600200644 
 1.003  -03   12.      1.20   +01            17.19                1223600200645 
 1.007  -03   12.      1.33   +01            17.19                1223600200646 
 1.010  -03   12.      1.780  +01 9.0    -01  6.907               1223600200647 
 1.014  -03   12.      2.10   +01             6.907               1223600200648 
 1.018  -03   12.      1.97   +01             6.907               1223600200649 
 1.022  -03   12.      1.57   +01             6.907               1223600200650 
 1.025  -03   12.      1.43   +01             6.907               1223600200651 
 1.029  -03   12.      1.370  +01 5.2    -01 17.19                1223600200652 
 1.033  -03   12.      1.36   +01            17.19                1223600200653 
 1.037  -03   12.      1.26   +01            17.19                1223600200654 
 1.041  -03   12.      1.27   +01            17.19                1223600200655 
 1.045  -03   12.      1.12   +01            17.19                1223600200656 
 1.048  -03   12.      1.30   +01            17.19                1223600200657 
 1.052  -03   12.      1.46   +01            17.19                1223600200658 
 1.056  -03   12.      1.860  +01 6.2    -01 17.19                1223600200659 
 1.060  -03   12.      2.65   +01 1.0    +00  6.907               1223600200660 
 1.064  -03   12.      3.58   +01             6.907               1223600200661 
 1.068  -03   12.      3.76   +01             6.907               1223600200662 
 1.072  -03   12.      3.42   +01             6.907               1223600200663 
 1.076  -03   12.      2.87   +01             6.907               1223600200664 
 1.081  -03   12.      2.51   +01             6.907               1223600200665 
 1.085  -03   12.      1.93   +01             6.907               1223600200666 
 1.089  -03   12.      1.73   +01             6.907               1223600200667 
 1.097  -03   12.      1.340  +01 3.1    -01 17.19                1223600200668 
 1.110  -03   12.      1.31   +01            17.19                1223600200669 
 1.123  -03   12.      1.34   +01            17.19                1223600200670 
 1.136  -03   12.      1.39   +01            17.19                1223600200671 
 1.149  -03   12.      1.25   +01            17.19                1223600200672 
 1.163  -03   12.      1.09   +01            17.19                1223600200673 
 1.177  -03   12.      1.03   +01            17.19                1223600200674 
 1.191  -03   12.      1.03   +01            17.19                1223600200675 
 1.205  -03   12.      1.01   +01            17.19                1223600200676 
 1.220  -03   12.      1.03   +01            17.19                1223600200677 
 1.256  -03   12.      1.54   +01 5.     -01 17.19                1223600200678 
 1.261  -03   12.      1.69   +01            17.19                1223600200679 
 1.266  -03   12.      2.12   +01 1.1    +00  6.907               1223600200680 
 1.271  -03   12.      1.52   +01            17.19                1223600200681 
 1.276  -03   12.      1.37   +01            17.19                1223600200682 
 1.282  -03   12.      1.29   +01            17.19                1223600200683 
 1.287  -03   12.      1.17   +01 1.0    +00  6.907               1223600200684 
 1.292  -03   12.      1.26   +01            17.19                1223600200685 
 1.298  -03   12.      1.40   +01            17.19                1223600200686 
 1.303  -03   12.      1.66   +01            17.19                1223600200687 
 1.309  -03   12.      2.01   +01 6.     -01 17.19                1223600200688 
 1.314  -03   12.      2.81   +01 1.1    +00  6.907               1223600200689 
 1.320  -03   12.      4.53   +01 5.3    +00  1.666               1223600200690 
 1.325  -03   12.      7.48   +01 5.8    +00  1.666               1223600200691 
 1.331  -03   12.      1.082  +02 6.1    +00  1.666               1223600200692 
 1.336  -03   12.      1.306  +02 6.2    +00  1.666               1223600200693 
 1.342  -03   12.      1.124  +02             1.666               1223600200694 
 1.348  -03   12.      9.23   +01 6.0    +00  1.666               1223600200695 
 1.353  -03   12.      8.33   +01 5.8    +00  1.666               1223600200696 
 1.362  -03   12.      5.34   +01 5.6    +00  1.666               1223600200697 
 1.371  -03   12.      3.00   +01 1.1    +00  6.907               1223600200698 
 1.377  -03   12.      2.44   +01             6.907               1223600200699 
 1.383  -03   12.      2.13   +01             6.907               1223600200700 
 1.389  -03   12.      1.85   +01 5.     -01 17.19                1223600200701 
 1.395  -03   12.      1.67   +01            17.19                1223600200702 
 1.401  -03   12.      1.53   +01            17.19                1223600200703 
 1.410  -03   12.      1.53   +01            17.19                1223600200704 
 1.419  -03   12.      1.50   +01            17.19                1223600200705 
 1.425  -03   12.      1.48   +01            17.19                1223600200706 
 1.431  -03   12.      1.34   +01            17.19                1223600200707 
 1.438  -03   12.      1.43   +01            17.19                1223600200708 
 1.444  -03   12.      1.48   +01            17.19                1223600200709 
 1.450  -03   12.      1.59   +01            17.19                1223600200710 
 1.457  -03   12.      1.76   +01            17.19                1223600200711 
 1.463  -03   12.      1.96   +01 6.     -01 17.19                1223600200712 
 1.470  -03   12.      2.14   +01 1.1    +00  6.907               1223600200713 
 1.476  -03   12.      2.69   +01 1.1    +00  6.907               1223600200714 
 1.483  -03   12.      3.36   +01             6.907               1223600200715 
 1.489  -03   12.      3.02   +01             6.907               1223600200716 
 1.496  -03   12.      2.74   +01             6.907               1223600200717 
 1.503  -03   12.      2.37   +01             6.907               1223600200718 
 1.509  -03   12.      1.81   +01             6.907               1223600200719 
 1.516  -03   12.      1.54   +01 5.     -01 17.19                1223600200720 
 1.523  -03   12.      1.42   +01            17.19                1223600200721 
 1.530  -03   12.      1.50   +01            17.19                1223600200722 
 1.537  -03   12.      1.61   +01            17.19                1223600200723 
 1.544  -03   12.      1.68   +01            17.19                1223600200724 
 1.551  -03   12.      1.76   +01            17.19                1223600200725 
 1.558  -03   12.      1.96   +01 1.1    +00  6.907               1223600200726 
 1.565  -03   12.      2.18   +01             6.907               1223600200727 
 1.572  -03   12.      2.21   +01             6.907               1223600200728 
 1.579  -03   12.      1.91   +01             6.907               1223600200729 
 1.587  -03   12.      1.65   +01             6.907               1223600200730 
 1.598  -03   12.      1.46   +01 5.     -01 17.19                1223600200731 
 1.612  -03   12.      1.47   +01            17.19                1223600200732 
 1.624  -03   12.      1.65   +01            17.19                1223600200733 
 1.631  -03   12.      1.87   +01 1.0    +00  6.907               1223600200734 
 1.639  -03   12.      2.00   +01             6.907               1223600200735 
 1.647  -03   12.      2.33   +01             6.907               1223600200736 
 1.654  -03   12.      2.39   +01             6.907               1223600200737 
 1.662  -03   12.      2.67   +01             6.907               1223600200738 
 1.670  -03   12.      2.17   +01             6.907               1223600200739 
 1.678  -03   12.      2.02   +01             6.907               1223600200740 
 1.686  -03   12.      1.56   +01 5.     -01 17.19                1223600200741 
 1.694  -03   12.      1.82   +01            17.19                1223600200742 
 1.702  -03   12.      2.01   +01 6.     -01 17.19                1223600200743 
 1.710  -03   12.      2.63   +01 1.1    +00  6.907               1223600200744 
 1.718  -03   12.      3.06   +01             6.907               1223600200745 
 1.727  -03   12.      3.16   +01             6.907               1223600200746 
 1.735  -03   12.      3.06   +01             6.907               1223600200747 
 1.743  -03   12.      3.01   +01             6.907               1223600200748 
 1.760  -03   12.      2.58   +01 1.0    +00  6.907               1223600200749 
 1.777  -03   12.      2.40   +01             6.907               1223600200750 
 1.786  -03   12.      2.00   +01             6.907               1223600200751 
 1.795  -03   12.      1.89   +01             6.907               1223600200752 
 1.804  -03   12.      1.58   +01             6.907               1223600200753 
 1.812  -03   12.      1.52   +01 5.     -01 17.19                1223600200754 
 1.821  -03   12.      1.43   +01            17.19                1223600200755 
 1.830  -03   12.      1.37   +01            17.19                1223600200756 
 1.839  -03   12.      1.51   +01            17.19                1223600200757 
 1.849  -03   12.      1.69   +01 1.0    +00  6.907               1223600200758 
 1.858  -03   12.      1.82   +01             6.907               1223600200759 
 1.876  -03   12.      1.66   +01             6.907               1223600200760 
 1.895  -03   12.      1.51   +01             6.907               1223600200761 
 1.905  -03   12.      1.38   +01 5.     -01 17.19                1223600200762 
 1.924  -03   12.      1.31   +01            17.19                1223600200763 
 1.954  -03   12.      1.23   +01            17.19                1223600200764 
 1.984  -03   12.      1.26   +01            17.19                1223600200765 
 2.015  -03   12.      1.24   +01            17.19                1223600200766 
 2.036  -03   12.      1.35   +01 7.     -01 17.19                1223600200767 
 2.047  -03   12.      1.61   +01            17.19                1223600200768 
 2.057  -03   12.      1.99   +01 1.3    +00  6.907               1223600200769 
 2.068  -03   12.      2.36   +01             6.907               1223600200770 
 2.079  -03   12.      2.10   +01             6.907               1223600200771 
 2.090  -03   12.      1.81   +01             6.907               1223600200772 
 2.112  -03   12.      1.79   +01 1.2    +00  6.907               1223600200773 
 2.146  -03   12.      1.76   +01 1.1    +00  6.907               1223600200774 
 2.170  -03   12.      1.61   +01             6.907               1223600200775 
 2.181  -03   12.      1.57   +01             6.907               1223600200776 
 2.193  -03   12.      1.47   +01             6.907               1223600200777 
 2.211  -03   12.      1.16   +01 5.     -01 17.19                1223600200778 
 2.235  -03   12.      1.24   +01            17.19                1223600200779 
 2.254  -03   12.      1.51   +01 1.1    +00  6.907               1223600200780 
 2.278  -03   12.      1.83   +01             6.907               1223600200781 
 2.291  -03   12.      2.15   +01             6.907               1223600200782 
 2.304  -03   12.      1.80   +01             6.907               1223600200783 
 2.317  -03   12.      1.74   +01             6.907               1223600200784 
 2.330  -03   12.      1.55   +01             6.907               1223600200785 
 2.343  -03   12.      1.41   +01             6.907               1223600200786 
 2.382  -03   12.      1.31   +01 5.     -01 17.19                1223600200787 
 2.409  -03   12.      1.43   +01            17.19                1223600200788 
 2.423  -03   12.      1.65   +01 1.0    +00  6.907               1223600200789 
 2.437  -03   12.      1.74   +01             6.907               1223600200790 
 2.451  -03   12.      1.78   +01             6.907               1223600200791 
 2.465  -03   12.      1.84   +01             6.907               1223600200792 
 2.479  -03   12.      1.94   +01             6.907               1223600200793 
 2.508  -03   12.      1.82   +01             6.907               1223600200794 
 2.537  -03   12.      1.50   +01             6.907               1223600200795 
 2.567  -03   12.      1.16   +01 5.     -01 17.19                1223600200796 
 2.597  -03   12.      1.11   +01            17.19                1223600200797 
 2.628  -03   12.      1.19   +01            17.19                1223600200798 
 2.644  -03   12.      1.35   +01 1.0    +00  6.907               1223600200799 
 2.659  -03   12.      1.45   +01             6.907               1223600200800 
 2.675  -03   12.      1.73   +01             6.907               1223600200801 
 2.691  -03   12.      2.08   +01             6.907               1223600200802 
 2.708  -03   12.      2.42   +01             6.907               1223600200803 
 2.724  -03   12.      3.15   +01 1.1    +00  6.907               1223600200804 
 2.740  -03   12.      3.40   +01             6.907               1223600200805 
 2.757  -03   12.      3.07   +01             6.907               1223600200806 
 2.774  -03   12.      2.52   +01 1.0    +00  6.907               1223600200807 
 2.791  -03   12.      1.71   +01 6.     -01 17.19                1223600200808 
 2.808  -03   12.      1.46   +01 5.     -01 17.19                1223600200809 
 2.842  -03   12.      1.60   +01            17.19                1223600200810 
 2.878  -03   12.      1.94   +01 1.0    +00  6.907               1223600200811 
 2.896  -03   12.      2.34   +01             6.907               1223600200812 
 2.914  -03   12.      2.27   +01             6.907               1223600200813 
 2.932  -03   12.      1.57   +01 5.     -01 17.19                1223600200814 
 2.950  -03   12.      1.40   +01            17.19                1223600200815 
 2.969  -03   12.      1.32   +01            17.19                1223600200816 
 2.988  -03   12.      1.38   +01            17.19                1223600200817 
 3.007  -03   12.      1.45   +01            17.19                1223600200818 
 3.026  -03   12.      1.61   +01            17.19                1223600200819 
 3.045  -03   12.      1.72   +01 1.0    +00  6.907               1223600200820 
 3.065  -03   12.      1.85   +01             6.907               1223600200821 
 3.094  -03   12.      2.08   +01             6.907               1223600200822 
 3.124  -03   12.      2.45   +01             6.907               1223600200823 
 3.144  -03   12.      2.32   +01             6.907               1223600200824 
 3.165  -03   12.      2.26   +01             6.907               1223600200825 
 3.186  -03   12.      2.19   +01             6.907               1223600200826 
 3.206  -03   12.      2.01   +01             6.907               1223600200827 
 3.249  -03   12.      1.95   +01             6.907               1223600200828 
 3.270  -03   12.      1.85   +01             6.907               1223600200829 
 3.314  -03   12.      1.56   +01             6.907               1223600200830 
 3.381  -03   12.      1.27   +01 4.     -01 17.19                1223600200831 
 3.450  -03   12.      1.21   +01            17.19                1223600200832 
 3.509  -03   12.      1.48   +01 9.     -01  6.907               1223600200833 
 3.570  -03   12.      1.75   +01             6.907               1223600200834 
 3.620  -03   12.      1.32   +01 5.     -01 17.19                1223600200835 
 3.671  -03   12.      1.19   +01            17.19                1223600200836 
 3.722  -03   12.      1.33   +01            17.19                1223600200837 
 3.749  -03   12.      1.42   +01            17.19                1223600200838 
 3.775  -03   12.      1.51   +01            17.19                1223600200839 
 3.816  -03   12.      1.42   +01            17.19                1223600200840 
 3.857  -03   12.      1.30   +01            17.19                1223600200841 
 3.885  -03   12.      1.57   +01 1.0    +00  6.907               1223600200842 
 3.927  -03   12.      1.83   +01             6.907               1223600200843 
 3.970  -03   12.      2.31   +01             6.907               1223600200844 
 3.999  -03   12.      1.98   +01             6.907               1223600200845 
 4.028  -03   12.      1.81   +01             6.907               1223600200846 
 4.073  -03   12.      1.68   +01             6.907               1223600200847 
 4.127  -03   12.      2.59   +01             6.907               1223600200848 
 4.133  -03   12.      2.37   +01             6.907               1223600200849 
 4.180  -03   12.      2.85   +01             6.907               1223600200850 
 4.291  -03   12.      2.27   +01             6.907               1223600200851 
 4.341  -03   12.      2.15   +01             6.907               1223600200852 
 4.390  -03   12.      1.77   +01 6.     -01 17.19                1223600200853 
 4.458  -03   12.      1.64   +01 5.     -01 17.19                1223600200854 
 4.528  -03   12.      1.48   +01            17.19                1223600200855 
 4.581  -03   12.      1.38   +01            17.19                1223600200856 
 4.617  -03   12.      1.24   +01            17.19                1223600200857 
 4.690  -03   12.      1.15   +01            17.19                1223600200858 
 4.766  -03   12.      1.26   +01            17.19                1223600200859 
 4.804  -03   12.      1.39   +01            17.19                1223600200860 
 4.842  -03   12.      1.57   +01 1.0    +00  6.907               1223600200861 
 4.882  -03   12.      1.74   +01             6.907               1223600200862 
 4.921  -03   12.      2.03   +01             6.907               1223600200863 
 5.002  -03   12.      2.36   +01             6.907               1223600200864 
 5.105  -03   12.      2.04   +01             6.907               1223600200865 
 5.212  -03   12.      1.88   +01             6.907               1223600200866 
 5.345  -03   12.      1.85   +01             6.907               1223600200867 
 5.437  -03   12.      1.35   +01 5.     -01 17.19                1223600200868 
 5.578  -03   12.      1.31   +01            17.19                1223600200869 
 5.725  -03   12.      1.34   +01            17.19                1223600200870 
 5.878  -03   12.      1.43   +01            17.19                1223600200871 
 6.037  -03   12.      1.42   +01 5.     -01 17.19                1223600200872 
 6.203  -03   12.      1.49   +01 4.     -01 17.19                1223600200873 
 6.376  -03   12.      1.36   +01            17.19                1223600200874 
 6.495  -03   12.      1.35   +01            17.19                1223600200875 
 6.556  -03   12.      1.22   +01            17.19                1223600200876 
 6.680  -03   12.      1.30   +01            17.19                1223600200877 
 6.873  -03   12.      1.37   +01            17.19                1223600200878 
 7.075  -03   12.      1.34   +01            17.19                1223600200879 
 7.214  -03   12.      1.32   +01            17.19                1223600200880 
 7.286  -03   12.      1.22   +01            17.19                1223600200881 
 7.358  -03   12.      1.24   +01            17.19                1223600200882 
 7.431  -03   12.      1.38   +01            17.19                1223600200883 
 7.506  -03   12.      1.46   +01 8.     -01  6.907               1223600200884 
 7.581  -03   12.      1.59   +01             6.907               1223600200885 
 7.658  -03   12.      1.71   +01             6.907               1223600200886 
 7.736  -03   12.      1.83   +01             6.907               1223600200887 
 7.815  -03   12.      2.01   +01             6.907               1223600200888 
 7.896  -03   12.      2.13   +01             6.907               1223600200889 
 8.018  -03   12.      2.34   +01             6.907               1223600200890 
 8.177  -03   12.      1.99   +01             6.907               1223600200891 
 8.361  -03   12.      1.72   +01             6.907               1223600200892 
 8.495  -03   12.      1.55   +01             6.907               1223600200893 
 8.725  -03   12.      1.56   +01             6.907               1223600200894 
 8.965  -03   12.      1.76   +01 7.     -01  6.907               1223600200895 
 9.064  -03   12.      1.81   +01             6.907               1223600200896 
 9.164  -03   12.      1.68   +01             6.907               1223600200897 
 9.266  -03   12.      1.50   +01             6.907               1223600200898 
 9.476  -03   12.      1.41   +01             6.907               1223600200899 
 9.804  -03   12.      1.34   +01 4.     -01  6.907               1223600200900 
 1.015  -02   12.      1.26   +01             6.907               1223600200901 
 1.051  -02   12.      1.30   +01             6.907               1223600200902 
 1.070  -02   12.      1.48   +01 8.     -01 17.19                1223600200903 
 1.103  -02   12.      1.54   +01            17.19                1223600200904 
 1.144  -02   12.      1.29   +01            17.19                1223600200905 
 1.218  -02   12.      1.06   +01            17.19                1223600200906 
 1.250  -02   12.      1.43   +01            17.19                1223600200907 
 1.266  -02   12.      1.49   +01            17.19                1223600200908 
 1.283  -02   12.      1.79   +01            17.19                1223600200909 
 1.299  -02   12.      2.21   +01            17.19                1223600200910 
 1.317  -02   12.      2.91   +01            17.19                1223600200911 
 1.343  -02   12.      2.59   +01            17.19                1223600200912 
 1.371  -02   12.      2.14   +01            17.19                1223600200913 
 1.408  -02   12.      1.93   +01 1.0    +00  6.907               1223600200914 
 1.448  -02   12.      1.68   +01             6.907               1223600200915 
 1.468  -02   12.      1.57   +01             6.907               1223600200916 
 1.489  -02   12.      1.40   +01             6.907               1223600200917 
 1.532  -02   12.      1.25   +01             6.907               1223600200918 
 1.577  -02   12.      1.21   +01 9.     -01  6.907               1223600200919 
 1.647  -02   12.      1.31   +01             6.907               1223600200920 
 1.697  -02   12.      1.21   +01             6.907               1223600200921 
 1.750  -02   12.      1.06   +01             6.907               1223600200922 
 1.832  -02   12.      1.08   +01             6.907               1223600200923 
 1.891  -02   12.      1.43   +01             6.907               1223600200924 
 1.922  -02   12.      1.61   +01             6.907               1223600200925 
 1.953  -02   12.      2.06   +01             6.907               1223600200926 
 1.984  -02   12.      2.11   +01             6.907               1223600200927 
 2.017  -02   12.      2.23   +01             6.907               1223600200928 
 2.088  -02   12.      2.09   +01             6.907               1223600200929 
 2.138  -02   12.      1.88   +01             6.907               1223600200930 
 2.193  -02   12.      1.76   +01             6.907               1223600200931 
 2.231  -02   12.      1.63   +01             6.907               1223600200932 
 2.270  -02   12.      1.47   +01             6.907               1223600200933 
 2.310  -02   12.      1.35   +01             6.907               1223600200934 
 2.393  -02   12.      1.25   +01             6.907               1223600200935 
 2.527  -02   12.      1.14   +01             6.907               1223600200936 
 2.672  -02   12.      1.08   +01             6.907               1223600200937 
 2.803  -02   12.      1.10   +01             6.907               1223600200938 
 2.943  -02   12.      1.34   +01             6.907               1223600200939 
 3.126  -02   12.      1.04   +01             6.907               1223600200940 
 3.327  -02   12.      1.05   +01             6.907               1223600200941 
 3.547  -02   12.      1.09   +01             6.907               1223600200942 
ENDDATA            934          0                                 1223600200943 
ENDSUBENT          942          0                                 1223600299999 
SUBENT        12236003   19840821                             00001223600300001 
BIB                  2          7                                 1223600300002 
REACTION  1(80-HG-196(N,0),,EN)                                   1223600300003 
          2(80-HG-196(N,TOT),,SIG,,RES)                           1223600300004 
          3(80-HG-196(N,TOT),,WID)                                1223600300005 
          4(80-HG-196(N,EL),,WID,,G)                              1223600300006 
          5(80-HG-196(N,0),,J)                                    1223600300007 
          6(80-HG-196(N,G),,WID)                                  1223600300008 
FLAG       (1.) ISOTOPIC ASSIGNMENT UNCERTAIN.                    1223600300009 
ENDBIB               7          0                                 1223600300010 
NOCOMMON             0          0                                 1223600300011 
DATA                11          1                                 1223600300012 
DATA      1DATA      2DATA-ERR  2DATA      3DATA-ERR  3DATA      41223600300013 
DATA-ERR  4DATA      5DATA      6DATA-ERR  6FLAG                  1223600300014 
EV         B          B          MILLI-EV   MILLI-EV   MILLI-EV   1223600300015 
MILLI-EV   NO-DIM     MILLI-EV   MILLI-EV   NO-DIM                1223600300016 
 93.5       12700.     3400.      405.       100.       184.      1223600300017 
 12.        0.5        221.       100.       1.                   1223600300018 
ENDDATA              6          0                                 1223600300019 
ENDSUBENT           18          0                                 1223600399999 
SUBENT        12236004   19840821                             00001223600400001 
BIB                  1          6                                 1223600400002 
REACTION  1(80-HG-198(N,0),,EN)                                   1223600400003 
          2(80-HG-198(N,TOT),,SIG,,RES)                           1223600400004 
          3(80-HG-198(N,TOT),,WID)                                1223600400005 
          4(80-HG-198(N,EL),,WID,,G)                              1223600400006 
          5(80-HG-198(N,0),,J)                                    1223600400007 
          6(80-HG-198(N,G),,WID)                                  1223600400008 
ENDBIB               6          0                                 1223600400009 
NOCOMMON             0          0                                 1223600400010 
DATA                10          5                                 1223600400011 
DATA      1DATA      2DATA-ERR  2DATA      3DATA-ERR  3DATA      41223600400012 
DATA-ERR  4DATA      5DATA      6DATA-ERR  6                      1223600400013 
EV         B          B          MILLI-EV   MILLI-EV   MILLI-EV   1223600400014 
MILLI-EV   NO-DIM     MILLI-EV   MILLI-EV                         1223600400015 
  33.5      7000.       420.       115.        7.         7.1     1223600400016 
   0.3      0.5        108.         7.                            1223600400017 
  89.7      4880.       520.       172.       15.        28.9     1223600400018 
   1.2      0.5        143.        15.                            1223600400019 
 302.0      7200.       360.      1030.      100.       860.      1223600400020 
 110.       0.5        170.       100.                            1223600400021 
 344.0      2800.       690.       198.       35.        73.      1223600400022 
  10.       0.5                                                   1223600400023 
 417.       3200.      1380.       310.       83.       159.      1223600400024 
  27.       0.5         151.      109.                            1223600400025 
ENDDATA             14          0                                 1223600400026 
ENDSUBENT           25          0                                 1223600499999 
SUBENT        12236005   19840821                             00001223600500001 
BIB                  1          6                                 1223600500002 
REACTION  1(80-HG-199(N,0),,EN)                                   1223600500003 
          2(80-HG-199(N,TOT),,SIG,,RES)                           1223600500004 
          3(80-HG-199(N,TOT),,WID)                                1223600500005 
          4(80-HG-199(N,EL),,WID,,G)                              1223600500006 
          5(80-HG-199(N,0),,J)                                    1223600500007 
          6(80-HG-199(N,G),,WID)                                  1223600500008 
ENDBIB               6          0                                 1223600500009 
NOCOMMON             0          0                                 1223600500010 
DATA                10          8                                 1223600500011 
DATA      1DATA      2DATA-ERR  2DATA      3DATA-ERR  3DATA      41223600500012 
DATA-ERR  4DATA      5DATA      6DATA-ERR  6                      1223600500013 
EV         B          B          MILLI-EV   MILLI-EV   MILLI-EV   1223600500014 
MILLI-EV   NO-DIM     MILLI-EV   MILLI-EV                         1223600500015 
  33.5      8050.       360.       335.        9.         34.7    1223600500016 
   0.7      1.         289.        10.                            1223600500017 
 129.6      2020.       950.       460.      134.         46.     1223600500018 
   9.       0.         275.       100.                            1223600500019 
 175.1      8500.       800.      1210.       62.        692.     1223600500020 
  30.       1.         288.        76.                            1223600500021 
 263.8      1000.      1050.       260.      230.         26.     1223600500022 
   5.       1.         225.       235.                            1223600500023 
 314.       4700.       470.      1370.       70.        778.     1223600500024 
 120.       1.         330.       130.                            1223600500025 
 491.       1210.       100.      2870.      140.        655.     1223600500026 
  21.       0.                                                    1223600500027 
 808.       1660.       870.       848.      271.        436.     1223600500028 
  64.       1.         267.       388.                            1223600500029 
 880.       1950.       140.      3350.      182.       2210.     1223600500030 
  80.       1.         405.       172.                            1223600500031 
ENDDATA             20          0                                 1223600500032 
ENDSUBENT           31          0                                 1223600599999 
SUBENT        12236006   19840821                             00001223600600001 
BIB                  2          6                                 1223600600002 
REACTION  1(80-HG-200(N,0),,EN)                                   1223600600003 
          2(80-HG-200(N,TOT),,SIG,,RES)                           1223600600004 
          3(80-HG-200(N,TOT),,WID)                                1223600600005 
          4(80-HG-200(N,EL),,WID,,G)                              1223600600006 
          5(80-HG-200(N,0),,J)                                    1223600600007 
FLAG       (1.) ISOTOPIC ASSIGNMENT UNCERTAIN.                    1223600600008 
ENDBIB               6          0                                 1223600600009 
NOCOMMON             0          0                                 1223600600010 
DATA                 9          6                                 1223600600011 
DATA      1DATA      2DATA-ERR  2DATA      3DATA-ERR  3DATA      41223600600012 
DATA-ERR  4DATA      5FLAG                                        1223600600013 
EV         B          B          MILLI-EV   MILLI-EV   MILLI-EV   1223600600014 
MILLI-EV   NO-DIM     NO-DIM                                      1223600600015 
 1325.      1830.      100.        9500.      1500.      9000.    1223600600016 
  1500.     0.5                                                   1223600600017 
 2710.       920.       40.       12500.      2000.     12000.    1223600600018 
  2000.     0.5                                                   1223600600019 
 3800.                                                            1223600600020 
            0.5        1.                                         1223600600021 
 5060.       500.       15.       18500.      2000.     18000.    1223600600022 
  2000.     0.5                                                   1223600600023 
 6650.                                                            1223600600024 
            0.5        1.                                         1223600600025 
 7800.       315.       15.       59000.     16000.     59000.    1223600600026 
 16000.     0.5                                                   1223600600027 
ENDDATA             16          0                                 1223600600028 
ENDSUBENT           27          0                                 1223600699999 
SUBENT        12236007   19840821                             00001223600700001 
BIB                  1          6                                 1223600700002 
REACTION  1(80-HG-201(N,0),,EN)                                   1223600700003 
          2(80-HG-201(N,TOT),,SIG,,RES)                           1223600700004 
          3(80-HG-201(N,TOT),,WID)                                1223600700005 
          4(80-HG-201(N,EL),,WID,,G)                              1223600700006 
          5(80-HG-201(N,0),,J)                                    1223600700007 
          6(80-HG-201(N,G),,WID)                                  1223600700008 
ENDBIB               6          0                                 1223600700009 
NOCOMMON             0          0                                 1223600700010 
DATA                10          7                                 1223600700011 
DATA      1DATA      2DATA-ERR  2DATA      3DATA-ERR  3DATA      41223600700012 
DATA-ERR  4DATA      5DATA      6DATA-ERR  6                      1223600700013 
EV         B          B          MILLI-EV   MILLI-EV   MILLI-EV   1223600700014 
MILLI-EV   NO-DIM     MILLI-EV   MILLI-EV                         1223600700015 
  43.0       483.       25.        293.       13.         2.35    1223600700016 
  0.10                 290.       13.                             1223600700017 
  70.8       345.       60.        465.       56.         4.58    1223600700018 
  0.26                 456.       60.                             1223600700019 
 210.4      2020.      130.        925.       58.       156.      1223600700020 
  9.        1.         509.       57.                             1223600700021 
 312.5      2350.      940.        900.      180.       250.      1223600700022 
 80.                                                              1223600700023 
 445.       2020.      330.       1180.      118.       417.      1223600700024 
 27.                                                              1223600700025 
 564.       2530.      290.       1460.       97.       799.      1223600700026 
 30.        2.         182.      158.                             1223600700027 
 685.       1860.      390.       1830.      230.       893.      1223600700028 
 79.        2.         401.      353.                             1223600700029 
ENDDATA             18          0                                 1223600700030 
ENDSUBENT           29          0                                 1223600799999 
SUBENT        12236008   19840821                             00001223600800001 
BIB                  1          5                                 1223600800002 
REACTION  1(80-HG-202(N,0),,EN)                                   1223600800003 
          2(80-HG-202(N,TOT),,SIG,,RES)                           1223600800004 
          3(80-HG-202(N,TOT),,WID)                                1223600800005 
          4(80-HG-202(N,EL),,WID,,G)                              1223600800006 
          5(80-HG-202(N,0),,J)                                    1223600800007 
ENDBIB               5          0                                 1223600800008 
NOCOMMON             0          0                                 1223600800009 
DATA                 8          2                                 1223600800010 
DATA      1DATA      2DATA-ERR  2DATA      3DATA-ERR  3DATA      41223600800011 
DATA-ERR  4DATA      5                                            1223600800012 
EV         B          B          MILLI-EV   MILLI-EV   MILLI-EV   1223600800013 
MILLI-EV   NO-DIM                                                 1223600800014 
 1710.      1400.      150.        6000.     2000.       5500.    1223600800015 
 2000.      0.5                                                   1223600800016 
 4105.       610.       25.       18500.     6000.      18000.    1223600800017 
 6000.      0.5                                                   1223600800018 
ENDDATA              8          0                                 1223600800019 
ENDSUBENT           18          0                                 1223600899999 
SUBENT        12236009   19840821                             00001223600900001 
BIB                  2          5                                 1223600900002 
REACTION  1(80-HG-0(N,0),,EN)                                     1223600900003 
          2(80-HG-0(N,TOT),,SIG,,RES)                             1223600900004 
          3(80-HG-0(N,TOT),,WID)                                  1223600900005 
          4(80-HG-0(N,EL),,WID,,AG)                               1223600900006 
FLAG       (2.) APPARENTLY 2 OR 3 WEAK UNRESOLVED RESONANCES.     1223600900007 
ENDBIB               5          0                                 1223600900008 
NOCOMMON             0          0                                 1223600900009 
DATA                 8          4                                 1223600900010 
DATA      1DATA      2DATA-ERR  2DATA      3DATA-ERR  3DATA      41223600900011 
DATA-ERR  4FLAG                                                   1223600900012 
EV         B          B          MILLI-EV   MILLI-EV   MILLI-EV   1223600900013 
MILLI-EV   NO-DIM                                                 1223600900014 
 270.7      18.         6.        2300.       900.      4.4       1223600900015 
 0.7                                                              1223600900016 
 380.                                                             1223600900017 
            2.                                                    1223600900018 
 513.       14.        19.        1550.      2010.      4.3       1223600900019 
 0.5                                                              1223600900020 
 650.                                                   8.        1223600900021 
 6.                                                               1223600900022 
ENDDATA             12          0                                 1223600900023 
ENDSUBENT           22          0                                 1223600999999 
ENDENTRY             9          0                                 1223699999999 
