ENTRY            12247   19851210                             00001224700000001 
SUBENT        12247001   19851210                             00001224700100001 
BIB                  6          8                                 1224700100002 
INSTITUTE  (1USACOL)                                              1224700100003 
REFERENCE  ((R,CUD-90,5104)=(R,AECD-3288,5104))                   1224700100004 
AUTHOR     (W.W.HAVENS JR,L.J.RAINWATER)                          1224700100005 
TITLE      SLOW NEUTRON TRANSMISSION OF THORIUM.                  1224700100006 
STATUS     (SCSRS)                                                1224700100007 
HISTORY    (760803T) TRANSLATED FROM SCISRS                       1224700100008 
           (840821A) CONVERTED TO REACTION FORMALISM              1224700100009 
           (851210A) AUTHOR CORRECTION.                           1224700100010 
ENDBIB               8          0                                 1224700100011 
NOCOMMON             0          0                                 1224700100012 
ENDSUBENT           11          0                                 1224700199999 
SUBENT        12247002   19840821                             00001224700200001 
BIB                  3          3                                 1224700200002 
REACTION   (90-TH-232(N,TOT),,SIG)                                1224700200003 
METHOD     (TOF)      TIME-OF-FLIGHT                              1224700200004 
STATUS     (CURVE) READ FROM CURVE                                1224700200005 
ENDBIB               3          0                                 1224700200006 
NOCOMMON             0          0                                 1224700200007 
DATA                 2        101                                 1224700200008 
EN         DATA                                                   1224700200009 
MEV        B                                                      1224700200010 
 8.23   -0921.5                                                   1224700200011 
 8.84   -0923.6                                                   1224700200012 
 9.49   -0925.6                                                   1224700200013 
 1.01   -0824.4                                                   1224700200014 
 1.09   -0823.6                                                   1224700200015 
 1.18   -0822.0                                                   1224700200016 
 1.28   -0821.5                                                   1224700200017 
 1.39   -0820.9                                                   1224700200018 
 1.49   -0819.6                                                   1224700200019 
 1.64   -0819.7                                                   1224700200020 
 1.80   -0820.1                                                   1224700200021 
 2.02   -0819.5                                                   1224700200022 
 2.18   -0819.8                                                   1224700200023 
 2.45   -0819.2                                                   1224700200024 
 2.78   -0818.4                                                   1224700200025 
 3.10   -0819.0                                                   1224700200026 
 3.33   -0818.5                                                   1224700200027 
 3.61   -0818.4                                                   1224700200028 
 3.80   -0818.1                                                   1224700200029 
 4.03   -0817.9                                                   1224700200030 
 4.41   -0818.0                                                   1224700200031 
 4.73   -0817.7                                                   1224700200032 
 5.10   -0817.2                                                   1224700200033 
 5.59   -0817.4                                                   1224700200034 
 6.06   -0817.0                                                   1224700200035 
 6.63   -0817.1                                                   1224700200036 
 7.29   -0816.9                                                   1224700200037 
 8.19   -0816.6                                                   1224700200038 
 9.03   -0816.3                                                   1224700200039 
 9.83   -0816.2                                                   1224700200040 
 1.09   -0715.9                                                   1224700200041 
 1.24   -0715.6                                                   1224700200042 
 1.44   -0715.8                                                   1224700200043 
 1.60   -0715.7                                                   1224700200044 
 1.91   -0715.0                                                   1224700200045 
 2.17   -0714.8                                                   1224700200046 
 2.57   -0714.9                                                   1224700200047 
 3.08   -0714.5                                                   1224700200048 
 3.74   -0714.3                                                   1224700200049 
 5.20   -0714.1                                                   1224700200050 
 5.41   -0714.0                                                   1224700200051 
 5.74   -0713.5                                                   1224700200052 
 6.15   -0713.8                                                   1224700200053 
 6.62   -0713.9                                                   1224700200054 
 7.20   -0713.6                                                   1224700200055 
 7.69   -0713.8                                                   1224700200056 
 8.33   -0713.6                                                   1224700200057 
 9.00   -0713.5                                                   1224700200058 
 9.89   -0713.8                                                   1224700200059 
 1.08   -0613.1                                                   1224700200060 
 1.19   -0613.4                                                   1224700200061 
 1.31   -0613.4                                                   1224700200062 
 1.44   -0613.0                                                   1224700200063 
 1.63   -0613.0                                                   1224700200064 
 1.85   -0612.9                                                   1224700200065 
 2.08   -0612.8                                                   1224700200066 
 2.23   -0613.2                                                   1224700200067 
 2.35   -0612.3                                                   1224700200068 
 2.56   -0613.0                                                   1224700200069 
 2.69   -0612.8                                                   1224700200070 
 2.89   -0612.1                                                   1224700200071 
 3.19   -0612.7                                                   1224700200072 
 3.44   -0612.2                                                   1224700200073 
 3.80   -0612.8                                                   1224700200074 
 4.12   -0612.1                                                   1224700200075 
 4.48   -0612.0                                                   1224700200076 
 5.00   -0612.0                                                   1224700200077 
 5.41   -0612.3                                                   1224700200078 
 5.98   -0611.8                                                   1224700200079 
 6.77   -0612.0                                                   1224700200080 
 7.58   -0611.7                                                   1224700200081 
 8.52   -0611.6                                                   1224700200082 
 9.73   -0611.7                                                   1224700200083 
 1.04   -0511.2                                                   1224700200084 
 1.13   -0511.7                                                   1224700200085 
 1.20   -0511.4                                                   1224700200086 
 1.30   -0511.2                                                   1224700200087 
 1.44   -0511.3                                                   1224700200088 
 1.53   -0510.8                                                   1224700200089 
 1.68   -0511.6                                                   1224700200090 
 1.84   -0512.0                                                   1224700200091 
 2.03   -0515.0                                                   1224700200092 
 2.25   -0517.5                                                   1224700200093 
 2.51   -0515.2                                                   1224700200094 
 2.86   -0512.5                                                   1224700200095 
 3.27   -0511.6                                                   1224700200096 
 3.74   -0511.2                                                   1224700200097 
 4.30   -0511.5                                                   1224700200098 
 5.00   -0511.2                                                   1224700200099 
 5.76   -0512.1                                                   1224700200100 
 7.03   -0513.1                                                   1224700200101 
 8.33   -0514.0                                                   1224700200102 
 1.03   -0412.8                                                   1224700200103 
 1.35   -0412.9                                                   1224700200104 
 1.72   -0413.0                                                   1224700200105 
 2.45   -0413.4                                                   1224700200106 
 3.42   -0413.1                                                   1224700200107 
 5.41   -0413.0                                                   1224700200108 
 1.07   -0312.7                                                   1224700200109 
 2.65   -0312.2                                                   1224700200110 
 2.08   -0211.2                                                   1224700200111 
ENDDATA            103          0                                 1224700200112 
ENDSUBENT          111          0                                 1224700299999 
ENDENTRY             2          0                                 1224799999999 
