ENTRY            12257   19840821                             00001225700000001 
SUBENT        12257001   19840821                             00001225700100001 
BIB                  8         11                                 1225700100002 
INSTITUTE  (1USALAS)                                              1225700100003 
REFERENCE  (R,LA-2122,5703)                                       1225700100004 
           (B,PR.NUC.EN.,2,1,58)                                  1225700100005 
           (R,LA-1714,55)                                         1225700100006 
AUTHOR     (R.L.HENKEL)                                           1225700100007 
TITLE      FAST NEUTRON CROSS SECTIONS                            1225700100008 
DETECTOR   (FISCH) SPIRAL FISSION CHAMBER                         1225700100009 
MONITOR    (92-U-235(N,F),,SIG)                                   1225700100010 
STATUS     (SCSRS)                                                1225700100011 
HISTORY    (760803T) TRANSLATED FROM SCISRS                       1225700100012 
           (840821A) CONVERTED TO REACTION FORMALISM              1225700100013 
ENDBIB              11          0                                 1225700100014 
NOCOMMON             0          0                                 1225700100015 
ENDSUBENT           14          0                                 1225700199999 
SUBENT        12257002   19840821                             00001225700200001 
BIB                  2          3                                 1225700200002 
REACTION   (90-TH-232(N,F),,SIG)                                  1225700200003 
STATUS     (CURVE) POINTS READ FROM SMOOTH CURVE. CORRECTION OF   1225700200004 
            DATA IN LA-1714.                                      1225700200005 
ENDBIB               3          0                                 1225700200006 
NOCOMMON             0          0                                 1225700200007 
DATA                 2        158                                 1225700200008 
EN         DATA                                                   1225700200009 
MEV        B                                                      1225700200010 
 1.15   +00 3.     -03                                            1225700200011 
 1.25   +00 9.     -03                                            1225700200012 
 1.35   +00 2.0    -02                                            1225700200013 
 1.40   +00 4.     -02                                            1225700200014 
 1.41   +00 5.6    -02                                            1225700200015 
 1.45   +00 6.1    -02                                            1225700200016 
 1.50   +00 6.5    -02                                            1225700200017 
 1.55   +00 7.6    -02                                            1225700200018 
 1.60   +00 1.24   -01                                            1225700200019 
 1.64   +00 1.20   -01                                            1225700200020 
 1.65   +00 1.16   -01                                            1225700200021 
 1.70   +00 9.2    -02                                            1225700200022 
 1.75   +00 7.3    -02                                            1225700200023 
 1.80   +00 7.1    -02                                            1225700200024 
 1.85   +00 7.9    -02                                            1225700200025 
 1.90   +00 9.4    -02                                            1225700200026 
 1.95   +00 1.05   -01                                            1225700200027 
 2.00   +00 1.12   -01                                            1225700200028 
 2.05   +00 1.14   -01                                            1225700200029 
 2.10   +00 1.16   -01                                            1225700200030 
 2.15   +00 1.20   -01                                            1225700200031 
 2.20   +00 1.23   -01                                            1225700200032 
 2.25   +00 1.20   -01                                            1225700200033 
 2.30   +00 1.12   -01                                            1225700200034 
 2.35   +00 1.07   -01                                            1225700200035 
 2.40   +00 1.06   -01                                            1225700200036 
 2.45   +00 1.07   -01                                            1225700200037 
 2.50   +00 1.08   -01                                            1225700200038 
 2.55   +00 1.10   -01                                            1225700200039 
 2.60   +00 1.13   -01                                            1225700200040 
 2.65   +00 1.16   -01                                            1225700200041 
 2.70   +00 1.18   -01                                            1225700200042 
 2.75   +00 1.20   -01                                            1225700200043 
 2.80   +00 1.23   -01                                            1225700200044 
 2.85   +00 1.25   -01                                            1225700200045 
 2.90   +00 1.27   -01                                            1225700200046 
 2.95   +00 1.28   -01                                            1225700200047 
 3.00   +00 1.30   -01                                            1225700200048 
 3.05   +00 1.31   -01                                            1225700200049 
 3.10   +00 1.32   -01                                            1225700200050 
 3.15   +00 1.33   -01                                            1225700200051 
 3.20   +00 1.34   -01                                            1225700200052 
 3.25   +00 1.35   -01                                            1225700200053 
 3.30   +00 1.36   -01                                            1225700200054 
 3.35   +00 1.37   -01                                            1225700200055 
 3.40   +00 1.38   -01                                            1225700200056 
 3.45   +00 1.39   -01                                            1225700200057 
 3.50   +00 1.40   -01                                            1225700200058 
 3.55   +00 1.40   -01                                            1225700200059 
 3.60   +00 1.40   -01                                            1225700200060 
 3.65   +00 1.41   -01                                            1225700200061 
 3.70   +00 1.415  -01                                            1225700200062 
 3.75   +00 1.42   -01                                            1225700200063 
 3.80   +00 1.42   -01                                            1225700200064 
 3.85   +00 1.43   -01                                            1225700200065 
 3.90   +00 1.435  -01                                            1225700200066 
 3.95   +00 1.44   -01                                            1225700200067 
 4.00   +00 1.44   -01                                            1225700200068 
 4.05   +00 1.44   -01                                            1225700200069 
 4.10   +00 1.44   -01                                            1225700200070 
 4.15   +00 1.44   -01                                            1225700200071 
 4.20   +00 1.44   -01                                            1225700200072 
 4.25   +00 1.44   -01                                            1225700200073 
 4.30   +00 1.445  -01                                            1225700200074 
 4.35   +00 1.445  -01                                            1225700200075 
 4.40   +00 1.445  -01                                            1225700200076 
 4.45   +00 1.45   -01                                            1225700200077 
 4.50   +00 1.45   -01                                            1225700200078 
 4.55   +00 1.45   -01                                            1225700200079 
 4.60   +00 1.45   -01                                            1225700200080 
 4.65   +00 1.45   -01                                            1225700200081 
 4.70   +00 1.45   -01                                            1225700200082 
 4.75   +00 1.45   -01                                            1225700200083 
 4.80   +00 1.45   -01                                            1225700200084 
 4.85   +00 1.45   -01                                            1225700200085 
 4.90   +00 1.45   -01                                            1225700200086 
 4.95   +00 1.45   -01                                            1225700200087 
 5.00   +00 1.45   -01                                            1225700200088 
 5.05   +00 1.45   -01                                            1225700200089 
 5.10   +00 1.44   -01                                            1225700200090 
 5.15   +00 1.44   -01                                            1225700200091 
 5.20   +00 1.44   -01                                            1225700200092 
 5.25   +00 1.43   -01                                            1225700200093 
 5.30   +00 1.43   -01                                            1225700200094 
 5.35   +00 1.42   -01                                            1225700200095 
 5.40   +00 1.41   -01                                            1225700200096 
 5.45   +00 1.40   -01                                            1225700200097 
 5.50   +00 1.40   -01                                            1225700200098 
 5.55   +00 1.39   -01                                            1225700200099 
 5.60   +00 1.37   -01                                            1225700200100 
 5.65   +00 1.36   -01                                            1225700200101 
 5.70   +00 1.35   -01                                            1225700200102 
 5.75   +00 1.34   -01                                            1225700200103 
 5.80   +00 1.34   -01                                            1225700200104 
 5.85   +00 1.34   -01                                            1225700200105 
 5.90   +00 1.35   -01                                            1225700200106 
 5.95   +00 1.36   -01                                            1225700200107 
 6.00   +00 1.40   -01                                            1225700200108 
 6.05   +00 1.46   -01                                            1225700200109 
 6.10   +00 1.56   -01                                            1225700200110 
 6.15   +00 1.64   -01                                            1225700200111 
 6.20   +00 1.72   -01                                            1225700200112 
 6.25   +00 1.83   -01                                            1225700200113 
 6.30   +00 1.92   -01                                            1225700200114 
 6.35   +00 2.02   -01                                            1225700200115 
 6.40   +00 2.12   -01                                            1225700200116 
 6.45   +00 2.22   -01                                            1225700200117 
 6.50   +00 2.36   -01                                            1225700200118 
 6.55   +00 2.52   -01                                            1225700200119 
 6.60   +00 2.68   -01                                            1225700200120 
 6.65   +00 2.86   -01                                            1225700200121 
 6.70   +00 3.00   -01                                            1225700200122 
 6.75   +00 3.09   -01                                            1225700200123 
 6.80   +00 3.19   -01                                            1225700200124 
 6.85   +00 3.25   -01                                            1225700200125 
 6.90   +00 3.32   -01                                            1225700200126 
 6.95   +00 3.40   -01                                            1225700200127 
 7.00   +00 3.47   -01                                            1225700200128 
 7.05   +00 3.53   -01                                            1225700200129 
 7.10   +00 3.60   -01                                            1225700200130 
 7.15   +00 3.65   -01                                            1225700200131 
 7.20   +00 3.66   -01                                            1225700200132 
 7.25   +00 3.65   -01                                            1225700200133 
 7.30   +00 3.60   -01                                            1225700200134 
 7.35   +00 3.56   -01                                            1225700200135 
 7.40   +00 3.52   -01                                            1225700200136 
 7.45   +00 3.48   -01                                            1225700200137 
 7.50   +00 3.44   -01                                            1225700200138 
 7.55   +00 3.40   -01                                            1225700200139 
 7.60   +00 3.37   -01                                            1225700200140 
 7.65   +00 3.34   -01                                            1225700200141 
 7.70   +00 3.32   -01                                            1225700200142 
 7.75   +00 3.28   -01                                            1225700200143 
 7.80   +00 3.27   -01                                            1225700200144 
 7.85   +00 3.26   -01                                            1225700200145 
 7.90   +00 3.25   -01                                            1225700200146 
 7.95   +00 3.24   -01                                            1225700200147 
 8.00   +00 3.24   -01                                            1225700200148 
 8.05   +00 3.24   -01                                            1225700200149 
 8.10   +00 3.24   -01                                            1225700200150 
 8.15   +00 3.24   -01                                            1225700200151 
 8.20   +00 3.23   -01                                            1225700200152 
 8.25   +00 3.21   -01                                            1225700200153 
 8.30   +00 3.20   -01                                            1225700200154 
 8.35   +00 3.17   -01                                            1225700200155 
 8.40   +00 3.15   -01                                            1225700200156 
 8.45   +00 3.11   -01                                            1225700200157 
 8.50   +00 3.10   -01                                            1225700200158 
 8.55   +00 3.09   -01                                            1225700200159 
 8.60   +00 3.08   -01                                            1225700200160 
 8.65   +00 3.06   -01                                            1225700200161 
 8.70   +00 3.05   -01                                            1225700200162 
 8.75   +00 3.04   -01                                            1225700200163 
 8.80   +00 3.02   -01                                            1225700200164 
 8.85   +00 3.01   -01                                            1225700200165 
 8.90   +00 3.00   -01                                            1225700200166 
 8.95   +00 2.99   -01                                            1225700200167 
 9.00   +00 2.98   -01                                            1225700200168 
ENDDATA            160          0                                 1225700200169 
ENDSUBENT          168          0                                 1225700299999 
SUBENT        12257003   19840821                             00001225700300001 
BIB                  2          2                                 1225700300002 
REACTION   (90-TH-232(N,F),,SIG)                                  1225700300003 
STATUS     (SPSDD,12257002)                                       1225700300004 
ENDBIB               2          0                                 1225700300005 
NOCOMMON             0          0                                 1225700300006 
NODATA               0          0                                 1225700300007 
ENDSUBENT            6          0                                 1225700399999 
ENDENTRY             3          0                                 1225799999999 
