ENTRY            12269   19780216                             00001226900000001 
SUBENT        12269001   19780216                             00001226900100001 
BIB                  7          7                                 1226900100002 
INSTITUTE  (1USAORL)                                              1226900100003 
REFERENCE  (P,ORNL-3268,47,6206)                                  1226900100004 
AUTHOR     (J.R.PATTERSON,J.A.HARVEY)                             1226900100005 
TITLE      PARAMETERS OF NEUTRON RESONANCES IN PA231.             1226900100006 
FACILITY   (CHOPF) FAST CHOPPER                                   1226900100007 
STATUS     (SCSRS)                                                1226900100008 
HISTORY    (760803T) TRANSLATED FROM SCISRS                       1226900100009 
ENDBIB               7          0                                 1226900100010 
NOCOMMON             0          0                                 1226900100011 
ENDSUBENT           10          0                                 1226900199999 
SUBENT        12269002   19780216                             00001226900200001 
BIB                  2          4                                 1226900200002 
REACTION  1(91-PA-231(N,0),,EN)                                   1226900200003 
          2(91-PA-231(N,EL),,WID/RED,,G)                          1226900200004 
          3(91-PA-231(N,G),,WID)                                  1226900200005 
ANALYSIS   (SHAPE)    SHAPE ANALYSIS                              1226900200006 
ENDBIB               4          0                                 1226900200007 
COMMON               1          3                                 1226900200008 
MOMENTUM L                                                        1226900200009 
NO-DIM                                                            1226900200010 
 0.                                                               1226900200011 
ENDCOMMON            3          0                                 1226900200012 
DATA                 5          8                                 1226900200013 
DATA      1DATA      2DATA-ERR  2DATA      3DATA-ERR  3           1226900200014 
MEV        MILLI-EV   MILLI-EV   MILLI-EV   MILLI-EV              1226900200015 
 4.     -07 0.067      0.003                                      1226900200016 
 5.     -07 0.0060     0.0010                                     1226900200017 
 7.43   -07 0.00393    0.00006    38.         2.                  1226900200018 
 1.238  -06 0.0119     0.0002     47.         2.                  1226900200019 
 1.405  -06 0.0007     0.0003                                     1226900200020 
 1.960  -06 0.00252    0.00005    46.         4.                  1226900200021 
 2.787  -06 0.00295    0.00008    39.         5.                  1226900200022 
 3.480  -06 0.0126     0.0002     47.         5.                  1226900200023 
ENDDATA             10          0                                 1226900200024 
ENDSUBENT           23          0                                 1226900299999 
SUBENT        12269003   19780216                             00001226900300001 
BIB                  3          4                                 1226900300002 
REACTION  1(91-PA-231(N,0),,EN)                                   1226900300003 
          2(91-PA-231(N,EL),,WID/RED,,G)                          1226900300004 
ANALYSIS   (AREA) AREA ANALYSIS                                   1226900300005 
ASSUMED    (ASSUM,91-PA-231(N,G),,WID)                            1226900300006 
ENDBIB               4          0                                 1226900300007 
COMMON               2          3                                 1226900300008 
MOMENTUM L ASSUM                                                  1226900300009 
NO-DIM     MILLI-EV                                               1226900300010 
 0.         45.                                                   1226900300011 
ENDCOMMON            3          0                                 1226900300012 
DATA                 3        110                                 1226900300013 
DATA      1DATA      2DATA-ERR  2                                 1226900300014 
MEV        MILLI-EV   MILLI-EV                                    1226900300015 
 4.12   -06 20.8   -03  0.6   -03                                 1226900300016 
 4.35   -06 14.1   -03  0.6   -03                                 1226900300017 
 4.53   -06  4.5   -03  0.3   -03                                 1226900300018 
 5.07   -06106.    -03  5.    -03                                 1226900300019 
 5.28   -06 19.5   -03  1.0   -03                                 1226900300020 
 5.64   -06  9.9   -03  0.4   -03                                 1226900300021 
 5.82   -06 11.8   -03  0.3   -03                                 1226900300022 
 6.55   -06  9.0   -03  0.4   -03                                 1226900300023 
 6.88   -06 47.    -03  2.    -03                                 1226900300024 
 7.58   -06 16.4   -03  0.4   -03                                 1226900300025 
 7.83   -06 30.4   -03  0.8   -03                                 1226900300026 
 8.74   -06130.    -03  5.    -03                                 1226900300027 
 9.27   -06  8.3   -03  0.4   -03                                 1226900300028 
 9.72   -06 39.    -03  2.    -03                                 1226900300029 
 1.034  -05119.    -03  5.    -03                                 1226900300030 
 1.077  -05 54.    -03  2.    -03                                 1226900300031 
 1.126  -05 54.    -03  2.    -03                                 1226900300032 
 1.167  -05100.    -03  9.    -03                                 1226900300033 
 1.208  -05  3.1   -03   .4   -03                                 1226900300034 
 1.326  -05110.    -03 20.    -03                                 1226900300035 
 1.338  -05150.    -03 20.    -03                                 1226900300036 
 1.410  -05 77.    -03  4.    -03                                 1226900300037 
 1.506  -05 14.1   -03   .8   -03                                 1226900300038 
 1.557  -05 25.5   -03  1.    -03                                 1226900300039 
 1.602  -05 41.    -03  2.    -03                                 1226900300040 
 1.666  -05 28.    -03  2.    -03                                 1226900300041 
 1.699  -05 37.    -03  2.    -03                                 1226900300042 
 1.829  -05177.    -03 10.    -03                                 1226900300043 
 1.874  -05 80.    -03  4.    -03                                 1226900300044 
 1.925  -05 20.    -03  3.    -03                                 1226900300045 
 1.955  -05  9.    -03  3.    -03                                 1226900300046 
 2.03   -05  4.5   -03  1.    -03                                 1226900300047 
 2.06   -05110.    -03  6.    -03                                 1226900300048 
 2.13   -05 60.    -03 20.    -03                                 1226900300049 
 2.145  -05 70.    -03 20.    -03                                 1226900300050 
 2.212  -05 50.    -03  3.    -03                                 1226900300051 
 2.475  -05 28.    -03  2.    -03                                 1226900300052 
 2.545  -05  9.    -03  2.    -03                                 1226900300053 
 2.597  -05105.    -03  5.    -03                                 1226900300054 
 2.685  -05 15.    -03  2.    -03                                 1226900300055 
 2.732  -05 53.    -03  4.    -03                                 1226900300056 
 2.823  -05 19.    -03  2.    -03                                 1226900300057 
 2.869  -05 25.    -03  2.    -03                                 1226900300058 
 2.962  -05155.    -03 10.    -03                                 1226900300059 
 3.022  -05  5.    -03  1.5   -03                                 1226900300060 
 3.173  -05300.    -03 20.    -03                                 1226900300061 
 3.22   -05  5.    -03  2.    -03                                 1226900300062 
 3.280  -05 16.    -03  2.    -03                                 1226900300063 
 3.339  -05 12.    -03  2.    -03                                 1226900300064 
 3.515  -05 17.    -03  2.    -03                                 1226900300065 
 3.614  -05 32.    -03  3.    -03                                 1226900300066 
 3.665  -05120.    -03 20.    -03                                 1226900300067 
 3.68   -05 30.    -03 10.    -03                                 1226900300068 
 3.753  -05 80.    -03  5.    -03                                 1226900300069 
 3.826  -05 16.    -03  3.    -03                                 1226900300070 
 3.973  -05 83.    -03  5.    -03                                 1226900300071 
 4.127  -05 35.    -03  8.    -03                                 1226900300072 
 4.208  -05 50.    -03  8.    -03                                 1226900300073 
 4.334  -05115.    -03 12.    -03                                 1226900300074 
 4.454  -05 14.    -03  3.    -03                                 1226900300075 
 4.491  -05  8.    -03  3.    -03                                 1226900300076 
 4.564  -05 90.    -03 12.    -03                                 1226900300077 
 4.639  -05 24.    -03  5.    -03                                 1226900300078 
 4.722  -05 75.    -03 12.    -03                                 1226900300079 
 4.860  -05 21.    -03  4.    -03                                 1226900300080 
 5.012  -05  9.    -03  4.    -03                                 1226900300081 
 5.085  -05 60.    -03  6.    -03                                 1226900300082 
 5.125  -05 34.    -03  5.    -03                                 1226900300083 
 5.192  -05 68.    -03  7.    -03                                 1226900300084 
 5.254  -05150.    -03 10.    -03                                 1226900300085 
 5.391  -05 55.    -03  6.    -03                                 1226900300086 
 5.445  -05 92.    -03  7.    -03                                 1226900300087 
 5.520  -05630.    -03 50.    -03                                 1226900300088 
 5.605  -05145.    -03 10.    -03                                 1226900300089 
 5.652  -05 55.    -03  6.    -03                                 1226900300090 
 5.716  -05 94.    -03  9.    -03                                 1226900300091 
 6.016  -05 16.    -03  4.    -03                                 1226900300092 
 6.135  -05180.    -03 20.    -03                                 1226900300093 
 6.177  -05 50.    -03 20.    -03                                 1226900300094 
 6.235  -05 14.    -03  6.    -03                                 1226900300095 
 6.338  -05 87.    -03  9.    -03                                 1226900300096 
 6.440  -05 18.    -03  5.    -03                                 1226900300097 
 6.530  -05 67.    -03  9.    -03                                 1226900300098 
 6.643  -05  7.    -03  5.    -03                                 1226900300099 
 6.735  -05 58.    -03  9.    -03                                 1226900300100 
 6.821  -05 13.    -03  6.    -03                                 1226900300101 
 6.909  -05110.    -03 20.    -03                                 1226900300102 
 7.007  -05 16.    -03  6.    -03                                 1226900300103 
 7.064  -05 50.    -03  8.    -03                                 1226900300104 
 7.133  -05 90.    -03 20.    -03                                 1226900300105 
 7.203  -05 32.    -03  7.    -03                                 1226900300106 
 7.38   -05 40.    -03  9.    -03                                 1226900300107 
 7.49   -05 71.    -03 11.    -03                                 1226900300108 
 7.57   -05 21.    -03  7.    -03                                 1226900300109 
 7.66   -05 30.    -03  9.    -03                                 1226900300110 
 7.78   -05 49.    -03 10.    -03                                 1226900300111 
 7.85   -05 19.    -03  8.    -03                                 1226900300112 
 7.92   -05 25.    -03  8.    -03                                 1226900300113 
 8.01   -05 56.    -03 10.    -03                                 1226900300114 
 8.10   -05 43.    -03 11.    -03                                 1226900300115 
 8.35   -05180.    -03 60.    -03                                 1226900300116 
 8.47   -05110.    -03 30.    -03                                 1226900300117 
 8.57   -05110.    -03 30.    -03                                 1226900300118 
 8.77   -05110.    -03 30.    -03                                 1226900300119 
 9.00   -05 60.    -03 20.    -03                                 1226900300120 
 9.15   -05 60.    -03 20.    -03                                 1226900300121 
 9.28   -05 25.    -03 14.    -03                                 1226900300122 
 9.39   -05 31.    -03 14.    -03                                 1226900300123 
 9.58   -05200.    -03 40.    -03                                 1226900300124 
 9.90   -05110.    -03 20.    -03                                 1226900300125 
ENDDATA            112          0                                 1226900300126 
ENDSUBENT          125          0                                 1226900399999 
ENDENTRY             3          0                                 1226999999999 
