ENTRY            12290   19760804                             00001229000000001 
SUBENT        12290001   19760804                             00001229000100001 
BIB                  5          5                                 1229000100002 
INSTITUTE  (1USABNL)                                              1229000100003 
REFERENCE  (W,PILCHER,5501)                                       1229000100004 
AUTHOR     (V.E.PILCHER)                                          1229000100005 
STATUS     (SCSRS)                                                1229000100006 
HISTORY    (760804T) TRANSLATED FROM SCISRS                       1229000100007 
ENDBIB               5          0                                 1229000100008 
NOCOMMON             0          0                                 1229000100009 
ENDSUBENT            8          0                                 1229000199999 
SUBENT        12290002   19760804                             00001229000200001 
BIB                  2          2                                 1229000200002 
REACTION   (90-TH-232(N,TOT),,SIG)                                1229000200003 
METHOD     (TOF)      TIME-OF-FLIGHT                              1229000200004 
ENDBIB               2          0                                 1229000200005 
NOCOMMON             0          0                                 1229000200006 
DATA                 2        139                                 1229000200007 
EN         DATA                                                   1229000200008 
MEV        B                                                      1229000200009 
 2.125  -05 1.153  +02                                            1229000200010 
 2.14   -05 1.182  +02                                            1229000200011 
 2.15   -05 1.199  +02                                            1229000200012 
 2.15   -05 4.69   +02                                            1229000200013 
 2.15   -05 2.65   +02                                            1229000200014 
 2.17   -05 5.70   +02                                            1229000200015 
 2.20   -05 5.44   +02                                            1229000200016 
 2.21   -05 2.75   +02                                            1229000200017 
 2.24   -05 1.50   +02                                            1229000200018 
 2.25   -05 1.42   +02                                            1229000200019 
 2.26   -05 1.42   +02                                            1229000200020 
 2.27   -05 1.65   +02                                            1229000200021 
 2.28   -05 1.92   +02                                            1229000200022 
 2.29   -05 1.16   +02                                            1229000200023 
 2.30   -05 2.30   +02                                            1229000200024 
 2.34   -05 3.36   +02                                            1229000200025 
 2.35   -05 5.40   +02                                            1229000200026 
 2.36   -05 7.20   +02                                            1229000200027 
 2.38   -05 5.82   +02                                            1229000200028 
 2.40   -05 2.50   +02                                            1229000200029 
 2.41   -05 1.99   +02                                            1229000200030 
 5.75   -05 1.9    +01                                            1229000200031 
 5.88   -05 3.88   +01                                            1229000200032 
 5.9    -05 6.8    +01                                            1229000200033 
 6.0    -05 9.7    +01                                            1229000200034 
 6.05   -05 8.7    +01                                            1229000200035 
 6.1    -05 5.0    +01                                            1229000200036 
 6.2    -05 1.19   +01                                            1229000200037 
 6.65   -05 1.72   +01                                            1229000200038 
 6.75   -05 2.75   +01                                            1229000200039 
 6.8    -05 5.5    +01                                            1229000200040 
 6.8    -05 7.25   +01                                            1229000200041 
 6.85   -05 1.225  +02                                            1229000200042 
 7.1    -05 1.55   +02                                            1229000200043 
 7.15   -05 1.22   +02                                            1229000200044 
 7.17   -05 7.05   +01                                            1229000200045 
 7.2    -05 4.75   +01                                            1229000200046 
 9.05   -05 1.375  +01                                            1229000200047 
 9.6    -05 1.3    +01                                            1229000200048 
 1.001  -04 1.38   +01                                            1229000200049 
 1.008  -04 1.34   +01                                            1229000200050 
 1.11   -04 1.22   +01                                            1229000200051 
 1.12   -04 1.55   +01                                            1229000200052 
 1.13   -04 2.75   +01                                            1229000200053 
 1.15   -04 2.6    +01                                            1229000200054 
 1.16   -04 2.34   +01                                            1229000200055 
 1.17   -04 1.8    +01                                            1229000200056 
 1.175  -04 1.55   +01                                            1229000200057 
 1.175  -04 1.37   +01                                            1229000200058 
 1.18   -04 1.66   +01                                            1229000200059 
 1.20   -04 1.48   +01                                            1229000200060 
 1.21   -04 2.8    +01                                            1229000200061 
 1.22   -04 2.65   +01                                            1229000200062 
 1.225  -04 3.19   +01                                            1229000200063 
 1.23   -04 1.7    +01                                            1229000200064 
 1.24   -04 2.01   +01                                            1229000200065 
 1.25   -04 2.7    +01                                            1229000200066 
 1.27   -04 1.9    +01                                            1229000200067 
 1.28   -04 1.72   +01                                            1229000200068 
 1.31   -04 2.5    +01                                            1229000200069 
 1.32   -04 2.01   +01                                            1229000200070 
 1.34   -04 1.76   +01                                            1229000200071 
 1.35   -04 1.3    +01                                            1229000200072 
 1.38   -04 1.39   +01                                            1229000200073 
 1.44   -04 1.3    +01                                            1229000200074 
 1.46   -04 1.36   +01                                            1229000200075 
 1.51   -04 2.09   +01                                            1229000200076 
 1.54   -04 1.99   +01                                            1229000200077 
 1.56   -04 1.46   +01                                            1229000200078 
 1.57   -04 1.36   +01                                            1229000200079 
 1.58   -04 1.22   +01                                            1229000200080 
 1.64   -04 1.07   +01                                            1229000200081 
 1.675  -04 1.17   +01                                            1229000200082 
 1.69   -04 2.06   +01                                            1229000200083 
 1.70   -04 1.47   +01                                            1229000200084 
 1.75   -04 2.62   +01                                            1229000200085 
 1.76   -04 2.87   +01                                            1229000200086 
 1.775  -04 2.25   +01                                            1229000200087 
 1.79   -04 1.89   +01                                            1229000200088 
 1.81   -04 1.5    +01                                            1229000200089 
 1.85   -04 1.4    +01                                            1229000200090 
 1.92   -04 1.43   +01                                            1229000200091 
 1.93   -04 1.8    +01                                            1229000200092 
 1.95   -04 1.95   +01                                            1229000200093 
 1.975  -04 2.1    +01                                            1229000200094 
 2.04   -04 2.02   +01                                            1229000200095 
 2.05   -04 1.8    +01                                            1229000200096 
 2.09   -04 1.52   +01                                            1229000200097 
 2.11   -04 1.325  +01                                            1229000200098 
 2.15   -04 1.54   +01                                            1229000200099 
 2.20   -04 1.85   +01                                            1229000200100 
 2.25   -04 2.01   +01                                            1229000200101 
 2.29   -04 1.85   +01                                            1229000200102 
 2.31   -04 1.7    +01                                            1229000200103 
 2.34   -04 1.5    +01                                            1229000200104 
 2.39   -04 1.44   +01                                            1229000200105 
 2.43   -04 1.27   +01                                            1229000200106 
 2.50   -04 1.35   +01                                            1229000200107 
 2.54   -04 1.63   +01                                            1229000200108 
 2.56   -04 2.06   +01                                            1229000200109 
 2.60   -04 1.8    +01                                            1229000200110 
 2.64   -04 1.575  +01                                            1229000200111 
 2.65   -04 1.74   +01                                            1229000200112 
 2.69   -04 1.87   +01                                            1229000200113 
 2.70   -04 1.61   +01                                            1229000200114 
 2.75   -04 1.43   +01                                            1229000200115 
 2.85   -04 1.475  +01                                            1229000200116 
 2.89   -04 1.84   +01                                            1229000200117 
 2.90   -04 2.0    +01                                            1229000200118 
 2.95   -04 1.91   +01                                            1229000200119 
 2.98   -04 1.34   +01                                            1229000200120 
 3.01   -04 1.48   +01                                            1229000200121 
 3.05   -04 1.67   +01                                            1229000200122 
 3.11   -04 2.07   +01                                            1229000200123 
 3.15   -04 1.83   +01                                            1229000200124 
 3.17   -04 2.3    +01                                            1229000200125 
 3.20   -04 1.67   +01                                            1229000200126 
 3.21   -04 1.4    +01                                            1229000200127 
 3.30   -04 1.54   +01                                            1229000200128 
 3.35   -04 2.08   +01                                            1229000200129 
 3.40   -04 1.99   +01                                            1229000200130 
 3.49   -04 1.55   +01                                            1229000200131 
 3.60   -04 1.79   +01                                            1229000200132 
 3.70   -04 2.15   +01                                            1229000200133 
 3.80   -04 2.23   +01                                            1229000200134 
 3.82   -04 1.7    +01                                            1229000200135 
 3.92   -04 1.45   +01                                            1229000200136 
 4.00   -04 1.54   +01                                            1229000200137 
 4.12   -04 2.0    +01                                            1229000200138 
 4.29   -04 1.58   +01                                            1229000200139 
 4.36   -04 1.51   +01                                            1229000200140 
 4.50   -04 1.51   +01                                            1229000200141 
 4.70   -04 1.71   +01                                            1229000200142 
 4.80   -04 1.86   +01                                            1229000200143 
 5.05   -04 1.85   +01                                            1229000200144 
 5.30   -04 1.79   +01                                            1229000200145 
 5.30   -04 1.64   +01                                            1229000200146 
 5.70   -04 1.49   +01                                            1229000200147 
 5.80   -04 1.85   +01                                            1229000200148 
ENDDATA            141          0                                 1229000200149 
ENDSUBENT          148          0                                 1229000299999 
SUBENT        12290003   19800528                             00001229000300001 
BIB                  4          4                                 1229000300002 
REACTION   (90-TH-232(N,EL),,WID)                                 1229000300003 
METHOD     (TOF)      TIME-OF-FLIGHT                              1229000300004 
ASSUMED    (ASSUM,90-TH-232(N,G),,WID)                            1229000300005 
HISTORY    (800512U)ASSUMED CODE CORRECTED                        1229000300006 
ENDBIB               4          0                                 1229000300007 
COMMON               1          3                                 1229000300008 
ASSUM                                                             1229000300009 
MILLI-EV                                                          1229000300010 
 30.                                                              1229000300011 
ENDCOMMON            3          0                                 1229000300012 
DATA                 4         16                                 1229000300013 
EN-RES     EN-RSL     DATA       DATA-ERR                         1229000300014 
MEV        MEV        MILLI-EV   MILLI-EV                         1229000300015 
 2.20   -05 2.     -07 2.06   +00 4.0    -01                      1229000300016 
 2.37   -05 3.     -07 3.70   +00 6.3    -01                      1229000300017 
 5.96   -05 6.     -07 4.55   +00 9.     -02                      1229000300018 
 7.01   -05 8.     -07 3.93   +01 8.     -01                      1229000300019 
 1.22   -04 2.     -06 2.98   +01 6.0    +00                      1229000300020 
 1.30   -04 3.     -06 1.14   +01 3.3    +00                      1229000300021 
 1.73   -04 3.     -06 5.8    +01 9.     +00                      1229000300022 
 1.95   -04 5.     -06 2.79   +01 1.0    +00                      1229000300023 
 2.01   -04 5.     -06 2.27   +01 1.0    +00                      1229000300024 
 2.12   -04 5.     -06 1.2    +00                                 1229000300025 
 2.26   -04 6.     -06 3.00   +01 1.2    +00                      1229000300026 
 2.35   -04 6.     -06 1.7    +00 9.     -01                      1229000300027 
 2.56   -04 7.     -06 4.0    +01 1.4    +01                      1229000300028 
 2.69   -04 7.     -06 3.6    +01 1.5    +01                      1229000300029 
 2.90   -04 8.     -06 3.75   +01 1.5    +00                      1229000300030 
 3.10   -04 9.     -06 1.06   +02 3.5    +01                      1229000300031 
ENDDATA             18          0                                 1229000300032 
ENDSUBENT           31          0                                 1229000399999 
SUBENT        12290004   19760804                             00001229000400001 
BIB                  1          1                                 1229000400002 
REACTION   (92-U-233(N,0),,EN)                                    1229000400003 
ENDBIB               1          0                                 1229000400004 
NOCOMMON             0          0                                 1229000400005 
DATA                 1          1                                 1229000400006 
DATA                                                              1229000400007 
EV                                                                1229000400008 
 6.70                                                             1229000400009 
ENDDATA              3          0                                 1229000400010 
ENDSUBENT            9          0                                 1229000499999 
SUBENT        12290005   19760804                             00001229000500001 
BIB                  2          2                                 1229000500002 
REACTION   (92-U-233(N,EL),,WID,,2G)                              1229000500003 
ANALYSIS   (AREA)     AREA ANALYSIS                               1229000500004 
ENDBIB               2          0                                 1229000500005 
NOCOMMON             0          0                                 1229000500006 
DATA                 3         16                                 1229000500007 
EN-RES     DATA       DATA-ERR                                    1229000500008 
MEV        MILLI-EV   MILLI-EV                                    1229000500009 
 3.21   -06 1.1    -02 3.     -03                                 1229000500010 
 3.29   -06 1.4    -02 4.     -03                                 1229000500011 
 3.61   -06 8.     -02 1.     -02                                 1229000500012 
 4.42   -06 2.9    -02 9.     -03                                 1229000500013 
 4.73   -06 5.8    -02 1.4    -02                                 1229000500014 
 5.90   -06 1.7    -01 3.     -02                                 1229000500015 
 8.63   -06 6.     -02 2.     -02                                 1229000500016 
 9.31   -06 1.4    -01 3.     -02                                 1229000500017 
 1.036  -05 2.8    +00 4.     -01                                 1229000500018 
 1.160  -05 2.0    -01 6.     -02                                 1229000500019 
 1.276  -05 2.3    +00 3.     -01                                 1229000500020 
 1.364  -05 2.9    -01 7.     -02                                 1229000500021 
 1.53   -05 1.2    +00 2.     -01                                 1229000500022 
 1.639  -05 1.6    +00 3.     -01                                 1229000500023 
 1.81   -05 4.0    -01 2.     -02                                 1229000500024 
 1.90   -05 2.4    +00 5.     -01                                 1229000500025 
ENDDATA             18          0                                 1229000500026 
ENDSUBENT           25          0                                 1229000599999 
SUBENT        12290006   19760804                             00001229000600001 
BIB                  2          2                                 1229000600002 
REACTION   (92-U-233(N,EL),,WID/RED,,2G)                          1229000600003 
ANALYSIS   (AREA)     AREA ANALYSIS                               1229000600004 
ENDBIB               2          0                                 1229000600005 
COMMON               1          3                                 1229000600006 
MOMENTUM L                                                        1229000600007 
NO-DIM                                                            1229000600008 
 0.                                                               1229000600009 
ENDCOMMON            3          0                                 1229000600010 
DATA                 3         16                                 1229000600011 
EN-RES     DATA       DATA-ERR                                    1229000600012 
MEV        MILLI-EV   MILLI-EV                                    1229000600013 
 3.21   -06 6.     -03 2.     -03                                 1229000600014 
 3.29   -06 8.     -03 3.     -03                                 1229000600015 
 3.61   -06 4.4    -02 7.     -03                                 1229000600016 
 4.42   -06 1.4    -02 4.     -03                                 1229000600017 
 4.73   -06 2.6    -02 7.     -03                                 1229000600018 
 5.90   -06 6.9    -02 1.0    -02                                 1229000600019 
 8.63   -06 2.1    -02 6.     -03                                 1229000600020 
 9.31   -06 4.7    -02 9.     -03                                 1229000600021 
 1.036  -05 8.6    -01 1.3    -01                                 1229000600022 
 1.160  -05 6.     -02 2.     -02                                 1229000600023 
 1.276  -05 7.     -01 1.     -01                                 1229000600024 
 1.364  -05 8.     -02 2.     -02                                 1229000600025 
 1.53   -05 3.     -01 6.     -01                                 1229000600026 
 1.639  -05 4.0    -01 8.     -02                                 1229000600027 
 1.81   -05 8.     -02 4.     -02                                 1229000600028 
 1.90   -05 5.6    -01 1.1    -01                                 1229000600029 
ENDDATA             18          0                                 1229000600030 
ENDSUBENT           29          0                                 1229000699999 
ENDENTRY             6          0                                 1229099999999 
