ENTRY            12300   19841005                             00001230000000001 
SUBENT        12300001   19841005                             00001230000100001 
BIB                  6          8                                 1230000100002 
INSTITUTE  (1USALAS)                                              1230000100003 
REFERENCE  (R,LA-150,4410)                                        1230000100004 
AUTHOR     (J.H.WILLIAMS)                                         1230000100005 
TITLE      THE CROSS SECTIONS FOR FISSION OF 25,49,28,11,37,00,   1230000100006 
           02,B AND LI.                                           1230000100007 
STATUS     (SCSRS)                                                1230000100008 
HISTORY    (760804T) TRANSLATED FROM SCISRS                       1230000100009 
           (841005A) CONVERTED TO REACTION FORMALISM              1230000100010 
ENDBIB               8          0                                 1230000100011 
NOCOMMON             0          0                                 1230000100012 
ENDSUBENT           11          0                                 1230000199999 
SUBENT        12300002   19841005                             00001230000200001 
BIB                  3          6                                 1230000200002 
REACTION   (91-PA-231(N,F),,SIG)                                  1230000200003 
DETECTOR   (FISCH) IONIZATION CHAMBER                             1230000200004 
MONITOR    (92-U-235(N,F),,SIG)                                   1230000200005 
            RENORMALIZED (BY CENTER) TO U235 FISSION              1230000200006 
            CROSS SECTION OF BNL-325(1965) AND TO PA231 HALF-LIFE 1230000200007 
            =32480Y.                                              1230000200008 
ENDBIB               6          0                                 1230000200009 
NOCOMMON             0          0                                 1230000200010 
DATA                 3         15                                 1230000200011 
EN         DATA       DATA-ERR                                    1230000200012 
MEV        B          B                                           1230000200013 
 4.3    -01 5.5    -02 2.0    -02                                 1230000200014 
 4.8    -01 1.23   -01 2.0    -02                                 1230000200015 
 5.35   -01 2.38   -01 2.0    -02                                 1230000200016 
 5.8    -01 4.27   -01 2.0    -02                                 1230000200017 
 6.3    -01 4.68   -01 1.5    -02                                 1230000200018 
 6.75   -01 4.58   -01 1.5    -02                                 1230000200019 
 7.25   -01 4.62   -01 2.0    -02                                 1230000200020 
 7.7    -01 4.99   -01 2.0    -02                                 1230000200021 
 8.75   -01 7.84   -01 2.5    -02                                 1230000200022 
 9.75   -01 7.68   -01 3.0    -02                                 1230000200023 
 1.075  +00 8.27   -01 4.0    -02                                 1230000200024 
 1.375  +00 1.012  +00 3.0    -02                                 1230000200025 
 1.780  +00 1.068  +00 3.5    -02                                 1230000200026 
 2.50   +00 1.214  +00 4.0    -02                                 1230000200027 
 3.00   +00 1.214  +00                                            1230000200028 
ENDDATA             17          0                                 1230000200029 
ENDSUBENT           28          0                                 1230000299999 
SUBENT        12300003   19841005                             00001230000300001 
BIB                  3          3                                 1230000300002 
REACTION   (92-U-235(N,F),,SIG)                                   1230000300003 
INC-SOURCE (P-LI7) LI(P,N) SOURCE                                 1230000300004 
DETECTOR   (LONGC) LONG COUNTER                                   1230000300005 
ENDBIB               3          0                                 1230000300006 
NOCOMMON             0          0                                 1230000300007 
DATA                 3         19                                 1230000300008 
EN         DATA       DATA-ERR                                    1230000300009 
MEV        B          B                                           1230000300010 
 4.3    -03 5.08   +00 1.7    -01                                 1230000300011 
 9.0    -03 4.35   +00 1.4    -01                                 1230000300012 
 1.33   -02 3.97   +00 1.3    -01                                 1230000300013 
 2.7    -02 3.46   +00 1.0    -01                                 1230000300014 
 4.7    -02 2.86   +00 1.0    -01                                 1230000300015 
 7.2    -02 2.60   +00 8.     -02                                 1230000300016 
 9.4    -02 2.37   +00 6.     -02                                 1230000300017 
 1.90   -01 1.93   +00 4.     -02                                 1230000300018 
 2.90   -01 1.64   +00 4.     -02                                 1230000300019 
 3.40   -01 1.49   +00 7.     -02                                 1230000300020 
 3.90   -01 1.61   +00 5.     -02                                 1230000300021 
 4.90   -01 1.42   +00 2.     -02                                 1230000300022 
 6.00   -01 1.36   +00 2.     -02                                 1230000300023 
 7.00   -01 1.34   +00 2.     -02                                 1230000300024 
 8.00   -01 1.33   +00 2.     -02                                 1230000300025 
 9.00   -01 1.33   +00 2.     -02                                 1230000300026 
 1.00   +00 1.33   +00 2.     -02                                 1230000300027 
 1.50   +00 1.32   +00 2.     -02                                 1230000300028 
 1.80   +00 1.31   +00 3.     -02                                 1230000300029 
ENDDATA             21          0                                 1230000300030 
ENDSUBENT           29          0                                 1230000399999 
SUBENT        12300004   19841005                             00001230000400001 
BIB                  3          5                                 1230000400002 
REACTION   (92-U-235(N,F),,SIG)                                   1230000400003 
DETECTOR   COMPENSATING PAIR OF IONIZATION CHAMBERS.              1230000400004 
MONITOR    (92-U-235(N,F),,SIG)                                   1230000400005 
            NORMALIZED TO LONG COUNTER MEASUREMENT                1230000400006 
            AT 500 KEV.                                           1230000400007 
ENDBIB               5          0                                 1230000400008 
NOCOMMON             0          0                                 1230000400009 
DATA                 3          6                                 1230000400010 
EN         DATA       DATA-ERR                                    1230000400011 
MEV        B          B                                           1230000400012 
 4.7    -02 2.82   +00 2.2    -01                                 1230000400013 
 9.4    -02 2.60   +00 2.1    -01                                 1230000400014 
 1.40   -01 2.18   +00 1.5    -01                                 1230000400015 
 1.90   -01 1.95   +00 1.1    -01                                 1230000400016 
 2.90   -01 1.68   +00 7.     -02                                 1230000400017 
 4.90   -01 1.42   +00 2.     -02                                 1230000400018 
ENDDATA              8          0                                 1230000400019 
ENDSUBENT           18          0                                 1230000499999 
ENDENTRY             4          0                                 1230099999999 
