ENTRY            12304   19780306                             00001230400000001 
SUBENT        12304001   19780306                             00001230400100001 
BIB                  7         10                                 1230400100002 
INSTITUTE  (1USAANL)                                              1230400100003 
REFERENCE  (J,PR,98,223(B2),5504)                                 1230400100004 
           (W,COTE,5607)                                          1230400100005 
AUTHOR     (L.M.BOLLINGER,D.A.DAHLBERG,R.E.COTE,H.E.JACKSON,      1230400100006 
            G.E.THOMAS)                                           1230400100007 
TITLE      NEUTRON TRANSMISSION MEASUREMENTS AT THE NEW ARGONNE   1230400100008 
            REACTOR, CP-5.                                        1230400100009 
FACILITY   (CHOPF) FAST CHOPPER                                   1230400100010 
STATUS     (SCSRS)                                                1230400100011 
HISTORY    (760804T) TRANSLATED FROM SCISRS                       1230400100012 
ENDBIB              10          0                                 1230400100013 
NOCOMMON             0          0                                 1230400100014 
ENDSUBENT           13          0                                 1230400199999 
SUBENT        12304002   19780306                             00001230400200001 
BIB                  2          2                                 1230400200002 
REACTION   (90-TH-232(N,TOT),,SIG)                                1230400200003 
METHOD     (TOF)      TIME-OF-FLIGHT                              1230400200004 
ENDBIB               2          0                                 1230400200005 
NOCOMMON             0          0                                 1230400200006 
DATA                 4        286                                 1230400200007 
EN         EN-RSL     DATA       THICKNESS                        1230400200008 
MEV        MICROSEC/M B          G/CM-SQ                          1230400200009 
 9.7    -06 0.066      1.20   +01 28.70                           1230400200010 
 1.01   -05 0.066      1.25   +01 28.70                           1230400200011 
 1.05   -05 0.066      1.25   +01 28.70                           1230400200012 
 1.08   -05 0.066      1.16   +01 28.70                           1230400200013 
 1.12   -05 0.066      1.23   +01 28.70                           1230400200014 
 1.17   -05 0.066      1.19   +01 28.70                           1230400200015 
 1.22   -05 0.066      1.19   +01 28.70                           1230400200016 
 1.27   -05 0.066      1.19   +01 28.70                           1230400200017 
 1.32   -05 0.066      1.19   +01 28.70                           1230400200018 
 1.38   -05 0.066      1.15   +01 28.70                           1230400200019 
 1.44   -05 0.066      1.12   +01 28.70                           1230400200020 
 1.50   -05 0.066      1.14   +01 28.70                           1230400200021 
 1.57   -05 0.066      1.15   +01 28.70                           1230400200022 
 1.64   -05 0.066      1.12   +01 28.70                           1230400200023 
 1.72   -05 0.066      1.12   +01 28.70                           1230400200024 
 1.81   -05 0.080      1.10   +01 29.58                           1230400200025 
 1.83   -05 0.080      1.10   +01 29.58                           1230400200026 
 1.85   -05 0.080      1.13   +01 29.58                           1230400200027 
 1.88   -05 0.080      1.19   +01 29.58                           1230400200028 
 1.90   -05 0.080      1.10   +01 29.58                           1230400200029 
 1.92   -05 0.080      1.06   +01 29.58                           1230400200030 
 1.95   -05 0.080      1.09   +01 29.58                           1230400200031 
 1.97   -05 0.080      1.06   +01 29.58                           1230400200032 
 2.00   -05 0.080      1.04   +01 29.58                           1230400200033 
 2.02   -05 0.080      9.8    +00 29.58                           1230400200034 
 2.04   -05 0.080      9.9    +00 29.58                           1230400200035 
 2.08   -05 0.080      1.00   +01 29.58                           1230400200036 
 2.10   -05 0.080      1.10   +01 29.58                           1230400200037 
 2.12   -05 0.085      2.19   +01  0.069                          1230400200038 
 2.14   -05 0.085      4.22   +01  0.069                          1230400200039 
 2.15   -05 0.085      1.214  +02  0.069                          1230400200040 
 2.161  -05 0.063      4.528  +02  0.154                          1230400200041 
 2.165  -05 0.063      7.715  +02  0.154                          1230400200042 
 2.170  -05 0.063      9.583  +02  0.154                          1230400200043 
 2.176  -05 0.063      1.229  +03  0.154                          1230400200044 
 2.180  -05 0.063      1.450  +03  0.154                          1230400200045 
 2.185  -05 0.063      1.337  +03  0.154                          1230400200046 
 2.190  -05 0.063      8.933  +02  0.154                          1230400200047 
 2.194  -05 0.063      5.649  +02  0.154                          1230400200048 
 2.20   -05 0.085      3.662  +02  0.069                          1230400200049 
 2.21   -05 0.085      6.36   +01  0.069                          1230400200050 
 2.22   -05 0.080      2.70   +01 29.58                           1230400200051 
 2.23   -05 0.080      2.14   +01 29.58                           1230400200052 
 2.24   -05 0.080      1.97   +01 29.58                           1230400200053 
 2.25   -05 0.080      1.80   +01 29.58                           1230400200054 
 2.26   -05 0.080      1.71   +01 29.58                           1230400200055 
 2.27   -05 0.080      1.55   +01 29.58                           1230400200056 
 2.28   -05 0.080      1.65   +01 29.58                           1230400200057 
 2.29   -05 0.080      1.94   +01 29.58                           1230400200058 
 2.30   -05 0.085      4.08   +01  0.069                          1230400200059 
 2.32   -05 0.085      1.624  +02  0.069                          1230400200060 
 2.325  -05 0.063      5.257  +02  0.154                          1230400200061 
 2.330  -05 0.063      9.693  +02  0.154                          1230400200062 
 2.337  -05 0.063      1.561  +03  0.154                          1230400200063 
 2.341  -05 0.063      2.220  +03  0.154                          1230400200064 
 2.347  -05 0.063      2.172  +03  0.154                          1230400200065 
 2.350  -05 0.063      1.673  +03  0.154                          1230400200066 
 2.360  -05 0.063      1.180  +03  0.154                          1230400200067 
 2.363  -05 0.063      6.748  +02  0.154                          1230400200068 
 2.37   -05 0.085      3.408  +02  0.069                          1230400200069 
 2.38   -05 0.085      1.246  +02  0.069                          1230400200070 
 2.39   -05 0.085      6.85   +01  0.069                          1230400200071 
 2.40   -05 0.080      3.29   +01 29.58                           1230400200072 
 2.44   -05 0.080      2.34   +01 29.58                           1230400200073 
 2.47   -05 0.080      1.88   +01 29.58                           1230400200074 
 2.51   -05 0.080      1.67   +01 29.58                           1230400200075 
 2.54   -05 0.080      1.58   +01 29.58                           1230400200076 
 2.58   -05 0.080      1.45   +01 29.58                           1230400200077 
 2.62   -05 0.080      1.43   +01 29.58                           1230400200078 
 2.65   -05 0.080      1.37   +01 29.58                           1230400200079 
 2.69   -05 0.080      1.32   +01 29.58                           1230400200080 
 2.77   -05 0.066      1.31   +01 28.70                           1230400200081 
 2.94   -05 0.066      1.26   +01 28.70                           1230400200082 
 3.13   -05 0.066      1.23   +01 28.70                           1230400200083 
 3.34   -05 0.066      1.18   +01 28.70                           1230400200084 
 3.57   -05 0.066      1.20   +01 28.70                           1230400200085 
 3.83   -05 0.066      1.14   +01 28.70                           1230400200086 
 4.11   -05 0.066      1.14   +01 28.70                           1230400200087 
 4.28   -05 0.090      1.13   +01 29.58                           1230400200088 
 4.44   -05 0.090      1.08   +01 29.58                           1230400200089 
 4.62   -05 0.090      1.07   +01 29.58                           1230400200090 
 4.80   -05 0.090      1.06   +01 29.58                           1230400200091 
 4.99   -05 0.090      9.9    +00 29.58                           1230400200092 
 5.20   -05 0.090      1.06   +01 29.58                           1230400200093 
 5.42   -05 0.090      9.7    +00 29.58                           1230400200094 
 5.65   -05 0.090      9.0    +00 29.58                           1230400200095 
 5.81   -05 0.090      8.8    +00 29.58                           1230400200096 
 5.90   -05 0.090      1.48   +01 29.58                           1230400200097 
 5.91   -05 0.085      1.31   +02  0.069                          1230400200098 
 5.98   -05 0.085      1.52   +02  0.069                          1230400200099 
 6.07   -05 0.090      1.25   +01 29.58                           1230400200100 
 6.16   -05 0.090      8.9    +00 29.58                           1230400200101 
 6.26   -05 0.090      8.1    +00 29.58                           1230400200102 
 6.35   -05 0.090      7.8    +00 29.58                           1230400200103 
 6.42   -05 0.080      7.9    +00 29.58                           1230400200104 
 6.45   -05 0.090      7.3    +00 29.58                           1230400200105 
 6.47   -05 0.080      6.8    +00 29.58                           1230400200106 
 6.52   -05 0.080      6.7    +00 29.58                           1230400200107 
 6.55   -05 0.090      6.1    +00 29.50                           1230400200108 
 6.57   -05 0.080      6.1    +00 29.58                           1230400200109 
 6.62   -05 0.080      5.1    +00 29.58                           1230400200110 
 6.66   -05 0.090      4.7    +00 29.58                           1230400200111 
 6.67   -05 0.080      5.5    +00 29.58                           1230400200112 
 6.72   -05 0.080      6.0    +00 29.58                           1230400200113 
 6.77   -05 0.085      4.36   +01  0.069                          1230400200114 
 6.85   -05 0.085      1.89   +02  0.069                          1230400200115 
 6.88   -05 0.063      5.103  +02  0.154                          1230400200116 
 6.90   -05 0.063      9.583  +02  0.154                          1230400200117 
 6.93   -05 0.063      1.481  +03  0.154                          1230400200118 
 6.96   -05 0.063      1.006  +03  0.154                          1230400200119 
 6.98   -05 0.063      7.411  +02  0.154                          1230400200120 
 7.01   -05 0.063      4.798  +02  0.154                          1230400200121 
 7.02   -05 0.085      1.78   +02  0.060                          1230400200122 
 7.04   -05 0.080      3.95   +01 29.58                           1230400200123 
 7.10   -05 0.080      3.15   +01 29.58                           1230400200124 
 7.16   -05 0.080      2.70   +01 29.58                           1230400200125 
 7.21   -05 0.080      2.36   +01 29.58                           1230400200126 
 7.27   -05 0.080      2.12   +01 29.58                           1230400200127 
 7.33   -05 0.080      1.92   +01 29.58                           1230400200128 
 7.39   -05 0.080      1.89   +01 29.58                           1230400200129 
 7.45   -05 0.080      1.74   +01 29.58                           1230400200130 
 7.51   -05 0.080      1.69   +01 29.58                           1230400200131 
 7.57   -05 0.080      1.62   +01 29.58                           1230400200132 
 7.64   -05 0.080      1.58   +01 29.58                           1230400200133 
 7.70   -05 0.080      1.54   +01 29.58                           1230400200134 
 7.76   -05 0.080      1.54   +01 29.58                           1230400200135 
 7.83   -05 0.080      1.41   +01 29.58                           1230400200136 
 7.89   -05 0.080      1.47   +01 29.58                           1230400200137 
 7.96   -05 0.080      1.39   +01 29.58                           1230400200138 
 8.03   -05 0.080      1.34   +01 29.58                           1230400200139 
 8.10   -05 0.080      1.47   +01 29.58                           1230400200140 
 8.16   -05 0.080      1.29   +01 29.58                           1230400200141 
 8.23   -05 0.080      1.33   +01 29.58                           1230400200142 
 8.31   -05 0.080      1.32   +01 29.58                           1230400200143 
 8.38   -05 0.080      1.24   +01 29.58                           1230400200144 
 8.45   -05 0.080      1.26   +01 29.58                           1230400200145 
 8.52   -05 0.080      1.29   +01 29.58                           1230400200146 
 8.60   -05 0.080      1.25   +01 29.58                           1230400200147 
 8.67   -05 0.080      1.30   +01 29.58                           1230400200148 
 8.75   -05 0.080      1.32   +01 29.58                           1230400200149 
 8.83   -05 0.080      1.26   +01 29.58                           1230400200150 
 8.91   -05 0.080      1.24   +01 29.58                           1230400200151 
 8.99   -05 0.080      1.20   +01 29.58                           1230400200152 
 9.07   -05 0.080      1.20   +01 29.58                           1230400200153 
 9.15   -05 0.080      1.19   +01 29.58                           1230400200154 
 9.23   -05 0.080      1.28   +01 29.58                           1230400200155 
 9.32   -05 0.080      1.25   +01 29.58                           1230400200156 
 9.40   -05 0.080      1.19   +01 29.58                           1230400200157 
 9.49   -05 0.080      1.19   +01 29.58                           1230400200158 
 9.58   -05 0.080      1.17   +01 29.58                           1230400200159 
 9.66   -05 0.080      1.16   +01 29.58                           1230400200160 
 9.76   -05 0.080      1.20   +01 29.58                           1230400200161 
 9.85   -05 0.080      1.10   +01 29.58                           1230400200162 
 9.94   -05 0.080      1.08   +01 29.58                           1230400200163 
 1.003  -04 0.080      1.07   +01 29.58                           1230400200164 
 1.013  -04 0.080      1.10   +01 29.58                           1230400200165 
 1.023  -04 0.080      1.05   +01 29.58                           1230400200166 
 1.03   -04 0.080      1.11   +01 29.58                           1230400200167 
 1.04   -04 0.080      1.09   +01 29.58                           1230400200168 
 1.05   -04 0.080      1.12   +01 29.58                           1230400200169 
 1.06   -04 0.080      1.02   +01 29.58                           1230400200170 
 1.07   -04 0.080      1.01   +01 29.58                           1230400200171 
 1.08   -04 0.080      1.02   +01 29.58                           1230400200172 
 1.09   -04 0.080      9.0    +00 29.58                           1230400200173 
 1.10   -04 0.080      9.8    +00 29.58                           1230400200174 
 1.11   -04 0.080      1.21   +01 29.58                           1230400200175 
 1.126  -04 0.080      4.81   +01  1.395                          1230400200176 
 1.138  -04 0.080      6.42   +01  1.395                          1230400200177 
 1.150  -04 0.080      1.38   +01 29.58                           1230400200178 
 1.174  -04 0.080      1.02   +01 29.58                           1230400200179 
 1.186  -04 0.080      9.9    +00 29.58                           1230400200180 
 1.198  -04 0.080      1.45   +01 29.58                           1230400200181 
 1.210  -04 0.080      7.57   +01  1.395                          1230400200182 
 1.222  -04 0.080      6.13   +01  1.395                          1230400200183 
 1.235  -04 0.085      1.69   +01 29.58                           1230400200184 
 1.236  -04 0.080      1.66   +01 29.58                           1230400200185 
 1.250  -04 0.080      1.54   +01 29.58                           1230400200186 
 1.255  -04 0.085      1.43   +01 29.58                           1230400200187 
 1.262  -04 0.080      1.29   +01 29.58                           1230400200188 
 1.274  -04 0.085      1.57   +01 29.58                           1230400200189 
 1.276  -04 0.080      1.65   +01  1.395                          1230400200190 
 1.289  -04 0.080      3.24   +01  1.395                          1230400200191 
 1.302  -04 0.080      3.11   +01 29.58                           1230400200192 
 1.316  -04 0.085      1.38   +01 29.58                           1230400200193 
 1.318  -04 0.080      1.42   +01 29.58                           1230400200194 
 1.332  -04 0.080      1.30   +01 29.58                           1230400200195 
 1.338  -04 0.085      1.28   +01 29.58                           1230400200196 
 1.348  -04 0.080      1.31   +01 29.58                           1230400200197 
 1.360  -04 0.085      1.28   +01 29.58                           1230400200198 
 1.383  -04 0.085      1.20   +01 29.58                           1230400200199 
 1.406  -04 0.085      1.16   +01 29.58                           1230400200200 
 1.43   -04 0.085      1.19   +01 29.58                           1230400200201 
 1.455  -04 0.085      1.17   +01 29.58                           1230400200202 
 1.480  -04 0.085      1.17   +01 29.58                           1230400200203 
 1.505  -04 0.085      1.16   +01 29.58                           1230400200204 
 1.532  -04 0.085      1.13   +01 29.58                           1230400200205 
 1.559  -04 0.085      1.08   +01 29.58                           1230400200206 
 1.580  -04 0.080      9.4    +00 29.58                           1230400200207 
 1.587  -04 0.085      9.0    +00 29.58                           1230400200208 
 1.599  -04 0.080      9.1    +00 29.58                           1230400200209 
 1.616  -04 0.085      8.6    +00 29.58                           1230400200210 
 1.618  -04 0.080      8.9    +00 29.58                           1230400200211 
 1.645  -04 0.085      7.5    +00 29.58                           1230400200212 
 1.675  -04 0.085      9.1    +00 29.58                           1230400200213 
 1.706  -04 0.080      2.27   +01 29.58                           1230400200214 
 1.706  -04 0.085      1.89   +01 29.58                           1230400200215 
 1.726  -04 0.080      6.41   +01  1.395                          1230400200216 
 1.747  -04 0.080      6.38   +01  1.395                          1230400200217 
 1.769  -04 0.080      3.29   +01  1.395                          1230400200218 
 1.771  -04 0.085      1.64   +01 29.58                           1230400200219 
 1.805  -04 0.085      1.39   +01 29.58                           1230400200220 
 1.840  -04 0.085      1.21   +01 29.58                           1230400200221 
 1.876  -04 0.085      1.15   +01 29.58                           1230400200222 
 1.912  -04 0.085      1.39   +01 29.58                           1230400200223 
 1.950  -04 0.085      1.61   +01 29.58                           1230400200224 
 1.989  -04 0.085      1.64   +01 29.58                           1230400200225 
 2.030  -04 0.085      1.45   +01 29.58                           1230400200226 
 2.071  -04 0.085      1.20   +01 29.58                           1230400200227 
 2.114  -04 0.085      1.15   +01 29.58                           1230400200228 
 2.158  -04 0.085      1.03   +01 29.58                           1230400200229 
 2.204  -04 0.085      1.51   +01 29.58                           1230400200230 
 2.251  -04 0.085      1.60   +01 29.58                           1230400200231 
 2.299  -04 0.085      1.24   +01 29.58                           1230400200232 
 2.349  -04 0.085      1.17   +01 29.58                           1230400200233 
 2.401  -04 0.085      1.13   +01 29.58                           1230400200234 
 2.454  -04 0.085      1.15   +01 29.58                           1230400200235 
 2.510  -04 0.085      1.37   +01 29.58                           1230400200236 
 2.567  -04 0.085      1.42   +01 29.58                           1230400200237 
 2.626  -04 0.085      1.56   +01 29.58                           1230400200238 
 2.687  -04 0.085      1.45   +01 29.58                           1230400200239 
 2.750  -04 0.085      1.14   +01 29.58                           1230400200240 
 2.816  -04 0.085      1.32   +01 29.58                           1230400200241 
 2.884  -04 0.085      1.41   +01 29.58                           1230400200242 
 2.955  -04 0.085      1.19   +01 29.58                           1230400200243 
 3.028  -04 0.085      1.25   +01 29.58                           1230400200244 
 3.104  -04 0.085      1.29   +01 29.58                           1230400200245 
 3.183  -04 0.085      1.03   +01 29.58                           1230400200246 
 3.264  -04 0.085      1.23   +01 29.58                           1230400200247 
 3.349  -04 0.085      1.56   +01 29.58                           1230400200248 
 3.530  -04 0.085      1.38   +01 29.58                           1230400200249 
 3.625  -04 0.085      1.48   +01 29.58                           1230400200250 
 3.725  -04 0.085      1.69   +01 29.58                           1230400200251 
 3.829  -04 0.085      1.45   +01 29.58                           1230400200252 
 3.937  -04 0.085      1.41   +01 29.58                           1230400200253 
 4.050  -04 0.085      1.38   +01 29.58                           1230400200254 
 4.167  -04 0.085      1.24   +01 29.58                           1230400200255 
 4.290  -04 0.085      1.14   +01 29.58                           1230400200256 
 4.419  -04 0.085      1.10   +01 29.58                           1230400200257 
 4.553  -04 0.085      1.24   +01 29.58                           1230400200258 
 4.694  -04 0.085      1.27   +01 29.58                           1230400200259 
 4.841  -04 0.085      1.38   +01 29.58                           1230400200260 
 4.995  -04 0.085      1.42   +01 29.58                           1230400200261 
 5.156  -04 0.085      1.36   +01 29.58                           1230400200262 
 5.326  -04 0.085      1.26   +01 29.58                           1230400200263 
 5.504  -04 0.085      1.21   +01 29.58                           1230400200264 
 5.691  -04 0.085      1.27   +01 29.58                           1230400200265 
 5.888  -04 0.085      1.25   +01 29.58                           1230400200266 
 6.096  -04 0.085      1.14   +01 29.58                           1230400200267 
 6.314  -04 0.085      1.03   +01 29.58                           1230400200268 
 6.544  -04 0.085      1.15   +01 29.58                           1230400200269 
 6.788  -04 0.085      1.51   +01 29.58                           1230400200270 
 7.045  -04 0.085      1.44   +01 29.58                           1230400200271 
 7.317  -04 0.085      1.34   +01 29.58                           1230400200272 
 7.605  -04 0.085      1.41   +01 29.58                           1230400200273 
 7.910  -04 0.085      1.32   +01 29.58                           1230400200274 
 8.234  -04 0.085      1.46   +01 29.58                           1230400200275 
 8.579  -04 0.085      1.44   +01 29.58                           1230400200276 
 8.945  -04 0.085      1.34   +01 29.58                           1230400200277 
 9.336  -04 0.085      1.30   +01 29.58                           1230400200278 
 9.753  -04 0.085      1.33   +01 29.58                           1230400200279 
 1.020  -03 0.085      1.33   +01 29.58                           1230400200280 
 1.067  -03 0.085      1.33   +01 29.58                           1230400200281 
 1.119  -03 0.085      1.28   +01 29.58                           1230400200282 
 1.173  -03 0.085      1.20   +01 29.58                           1230400200283 
 1.232  -03 0.085      1.21   +01 29.58                           1230400200284 
 1.296  -03 0.085      1.32   +01 29.58                           1230400200285 
 1.364  -03 0.085      1.22   +01 29.58                           1230400200286 
 1.438  -03 0.085      1.26   +01 29.58                           1230400200287 
 1.518  -03 0.085      1.26   +01 29.58                           1230400200288 
 1.606  -03 0.085      1.40   +01 29.58                           1230400200289 
 1.701  -03 0.085      1.52   +01 29.58                           1230400200290 
 1.805  -03 0.085      1.41   +01 29.58                           1230400200291 
 1.918  -03 0.085      1.37   +01 29.58                           1230400200292 
 2.043  -03 0.085      1.38   +01 29.58                           1230400200293 
 2.180  -03 0.085      1.39   +01 29.58                           1230400200294 
 2.331  -03 0.085      1.39   +01 29.58                           1230400200295 
ENDDATA            288          0                                 1230400200296 
ENDSUBENT          295          0                                 1230400299999 
SUBENT        12304003   19780306                             00001230400300001 
BIB                  2          6                                 1230400300002 
REACTION  1(90-TH-232(N,0),,EN)                                   1230400300003 
          2(90-TH-232(N,TOT),,SIG,,RES)                           1230400300004 
          3(90-TH-232(N,TOT),,WID)                                1230400300005 
          4(90-TH-232(N,G),,WID)                                  1230400300006 
          5(90-TH-232(N,EL),,WID)                                 1230400300007 
ASSUMED    (ASSUM,90-TH-232(N,G),,WID)                            1230400300008 
ENDBIB               6          0                                 1230400300009 
NOCOMMON             0          0                                 1230400300010 
DATA                10         13                                 1230400300011 
DATA      1DATA      2DATA-ERR  2DATA      3DATA-ERR  3DATA      41230400300012 
DATA-ERR  4DATA      5DATA-ERR  5ASSUM                            1230400300013 
EV         B          B          MILLI-EV   MILLI-EV   MILLI-EV   1230400300014 
MILLI-EV   MILLI-EV   MILLI-EV   MILLI-EV                         1230400300015 
  21.8      10.0   +03  3.0   +03  28.5        7.        26.1     1230400300016 
   7.        2.4        0.25                                      1230400300017 
  23.5      11.7   +03  5.0   +03  39.        11.        34.8     1230400300018 
  11.        4.2        0.56                                      1230400300019 
  59.6       8.7   +03  3.6   +03  24.5        7.        19.6     1230400300020 
   7.        4.9        0.83                                      1230400300021 
  69.2      16.75  +03  3.7   +03  90.        18.        49.8     1230400300022 
  18.       40.2        3.                                        1230400300023 
 113.        4.9   +03  1.0   +03  34.         5.3                1230400300024 
             7.2        1.0        26.8                           1230400300025 
 122.        8.5   +03  1.0   +03  44.         4.                 1230400300026 
            17.2        1.8        26.8                           1230400300027 
 130.        4.160 +03  0.875 +03  33.8        4.6                1230400300028 
             7.0        1.1        26.8                           1230400300029 
 171.       11.4   +03  1.1   +03 107.         9.5                1230400300030 
            70.2        7.         26.8                           1230400300031 
 195.        4.    +03             54.                            1230400300032 
                                                                  1230400300033 
 200.        2.23  +03             45.                            1230400300034 
                                                                  1230400300035 
 223.        4.4   +03             60.                            1230400300036 
                                                                  1230400300037 
 252.        4.6   +03             69.                            1230400300038 
                                                                  1230400300039 
 263.        3.4   +03             57.5                           1230400300040 
                                                                  1230400300041 
ENDDATA             30          0                                 1230400300042 
ENDSUBENT           41          0                                 1230400399999 
ENDENTRY             3          0                                 1230499999999 
