ENTRY            12329   19841005                             00001232900000001 
SUBENT        12329001   19841005                             00001232900100001 
BIB                  7         10                                 1232900100002 
INSTITUTE  (1USAMTR)                                              1232900100003 
REFERENCE  (J,NSE,7,187,60)                                       1232900100004 
           (R,IDO-16557,5911) TABULATED DATA                      1232900100005 
AUTHOR     (O.D.SIMPSON,M.S.MOORE,F.B.SIMPSON)                    1232900100006 
TITLE      TOTAL NEUTRON CROSS SECTIONS OF U233 AND U235 FROM 0.021232900100007 
            TO 0.08 EV.                                           1232900100008 
FACILITY   (CHOPF) FAST CHOPPER                                   1232900100009 
STATUS     (SCSRS)                                                1232900100010 
HISTORY    (760804T) TRANSLATED FROM SCISRS                       1232900100011 
           (841005A) CONVERTED TO REACTION FORMALISM              1232900100012 
ENDBIB              10          0                                 1232900100013 
NOCOMMON             0          0                                 1232900100014 
ENDSUBENT           13          0                                 1232900199999 
SUBENT        12329002   19841005                             00001232900200001 
BIB                  2          2                                 1232900200002 
REACTION   (92-U-235(N,TOT),,SIG,,RTE)                            1232900200003 
METHOD     (TOF) TIME-OF-FLIGHT                                   1232900200004 
ENDBIB               2          0                                 1232900200005 
COMMON               1          3                                 1232900200006 
EN-RSL                                                            1232900200007 
MICROSEC/M                                                        1232900200008 
 2.0                                                              1232900200009 
ENDCOMMON            3          0                                 1232900200010 
DATA                 2        115                                 1232900200011 
EN         DATA                                                   1232900200012 
EV         B*RT-EV                                                1232900200013 
 20.7   -03 111.1                                                 1232900200014 
 21.2   -03 111.3                                                 1232900200015 
 21.7   -03 111.5                                                 1232900200016 
 22.2   -03 110.4                                                 1232900200017 
 22.7   -03 110.1                                                 1232900200018 
 23.2   -03 110.3                                                 1232900200019 
 23.7   -03 110.3                                                 1232900200020 
 24.2   -03 110.3                                                 1232900200021 
 24.7   -03 110.3                                                 1232900200022 
 25.2   -03 110.3                                                 1232900200023 
 25.7   -03 109.7                                                 1232900200024 
 26.2   -03 109.9                                                 1232900200025 
 26.7   -03 109.5                                                 1232900200026 
 27.2   -03 109.2                                                 1232900200027 
 27.7   -03 108.9                                                 1232900200028 
 28.2   -03 109.2                                                 1232900200029 
 28.7   -03 108.8                                                 1232900200030 
 29.2   -03 108.7                                                 1232900200031 
 29.7   -03 109.1                                                 1232900200032 
 30.2   -03 108.8                                                 1232900200033 
 30.7   -03 108.2                                                 1232900200034 
 31.2   -03 108.6                                                 1232900200035 
 31.7   -03 108.6                                                 1232900200036 
 32.2   -03 108.6                                                 1232900200037 
 32.7   -03 108.                                                  1232900200038 
 33.1   -03 108.8                                                 1232900200039 
 33.7   -03 108.3                                                 1232900200040 
 34.2   -03 107.8                                                 1232900200041 
 34.7   -03 107.7                                                 1232900200042 
 35.2   -03 108.1                                                 1232900200043 
 35.7   -03 107.2                                                 1232900200044 
 36.2   -03 107.1                                                 1232900200045 
 36.7   -03 107.6                                                 1232900200046 
 37.1   -03 107.2                                                 1232900200047 
 37.6   -03 106.6                                                 1232900200048 
 38.2   -03 107.7                                                 1232900200049 
 38.7   -03 106.2                                                 1232900200050 
 39.2   -03 106.8                                                 1232900200051 
 39.8   -03 107.                                                  1232900200052 
 40.2   -03 106.2                                                 1232900200053 
 40.6   -03 106.2                                                 1232900200054 
 41.1   -03 106.1                                                 1232900200055 
 41.7   -03 105.8                                                 1232900200056 
 42.3   -03 105.8                                                 1232900200057 
 42.8   -03 105.6                                                 1232900200058 
 43.3   -03 105.6                                                 1232900200059 
 43.8   -03 106.4                                                 1232900200060 
 44.3   -03 106.1                                                 1232900200061 
 44.8   -03 105.                                                  1232900200062 
 45.2   -03 106.                                                  1232900200063 
 45.6   -03 105.8                                                 1232900200064 
 46.1   -03 105.5                                                 1232900200065 
 46.7   -03 105.7                                                 1232900200066 
 47.2   -03 104.5                                                 1232900200067 
 48.1   -03 104.7                                                 1232900200068 
 48.7   -03 105.                                                  1232900200069 
 49.1   -03 105.                                                  1232900200070 
 49.6   -03 104.3                                                 1232900200071 
 50.2   -03 104.7                                                 1232900200072 
 50.7   -03 104.7                                                 1232900200073 
 51.2   -03 103.5                                                 1232900200074 
 51.7   -03 103.8                                                 1232900200075 
 52.1   -03 103.9                                                 1232900200076 
 52.6   -03 105.                                                  1232900200077 
 53.1   -03 104.                                                  1232900200078 
 53.7   -03 104.7                                                 1232900200079 
 54.2   -03 103.8                                                 1232900200080 
 54.7   -03 104.7                                                 1232900200081 
 55.2   -03 104.                                                  1232900200082 
 55.8   -03 103.5                                                 1232900200083 
 56.1   -03 104.2                                                 1232900200084 
 56.7   -03 103.2                                                 1232900200085 
 57.3   -03 103.5                                                 1232900200086 
 57.6   -03 103.3                                                 1232900200087 
 58.2   -03 103.                                                  1232900200088 
 58.8   -03 103.3                                                 1232900200089 
 59.2   -03 101.9                                                 1232900200090 
 59.6   -03 103.                                                  1232900200091 
 60.2   -03 102.6                                                 1232900200092 
 60.8   -03 102.7                                                 1232900200093 
 61.3   -03 102.3                                                 1232900200094 
 61.7   -03 101.5                                                 1232900200095 
 62.1   -03 102.4                                                 1232900200096 
 62.5   -03 102.2                                                 1232900200097 
 63.2   -03 102.2                                                 1232900200098 
 63.8   -03 102.4                                                 1232900200099 
 64.3   -03 102.2                                                 1232900200100 
 64.8   -03 101.9                                                 1232900200101 
 65.7   -03 102.2                                                 1232900200102 
 66.1   -03 102.2                                                 1232900200103 
 66.6   -03 101.4                                                 1232900200104 
 67.1   -03 102.3                                                 1232900200105 
 67.6   -03 101.3                                                 1232900200106 
 68.1   -03 101.4                                                 1232900200107 
 68.6   -03 101.                                                  1232900200108 
 69.1   -03 101.2                                                 1232900200109 
 69.6   -03 101.7                                                 1232900200110 
 70.1   -03 101.3                                                 1232900200111 
 70.6   -03 101.4                                                 1232900200112 
 71.1   -03 100.7                                                 1232900200113 
 71.6   -03 100.7                                                 1232900200114 
 72.2   -03 100.6                                                 1232900200115 
 73.3   -03 99.9                                                  1232900200116 
 73.8   -03 100.9                                                 1232900200117 
 74.4   -03 100.3                                                 1232900200118 
 74.9   -03 100.1                                                 1232900200119 
 75.5   -03 100.                                                  1232900200120 
 76.1   -03 100.5                                                 1232900200121 
 76.7   -03 99.7                                                  1232900200122 
 77.3   -03 99.7                                                  1232900200123 
 77.8   -03 99.4                                                  1232900200124 
 78.5   -03 99.8                                                  1232900200125 
 79.1   -03 99.2                                                  1232900200126 
 79.7   -03 99.8                                                  1232900200127 
 80.3   -03 99.5                                                  1232900200128 
ENDDATA            117          0                                 1232900200129 
ENDSUBENT          128          0                                 1232900299999 
ENDENTRY             2          0                                 1232999999999 
