ENTRY            12330   20230707                             150712330000    1 
SUBENT        12330001   20230707                             150712330001    1 
BIB                  7         13                                 12330001    2 
INSTITUTE  (1USARPI)                                              12330001    3 
REFERENCE  (J,NSE,9,105,1961)                                     12330001    4 
           #doi:10.13182/NSE61-A15594                             12330001    5 
AUTHOR     (M.L.Yeater,R.W.Hockenbury,R.R.Fullwood)               12330001    6 
TITLE      Eta of U-233 from 1 to 800 eV.                         12330001    7 
FACILITY   (BETAT,1USARPI)                                        12330001    8 
CORRECTION Data were corrected for multiple scattering            12330001    9 
HISTORY    (19760804T) Translated from SCISRS                     12330001   10 
           (19841005A) Converted to REACTION formalism            12330001   11 
           (20230706A) OS. Data units corrected, converted to     12330001   12 
            upper and lower case, STATUS corrected, added         12330001   13 
            FACILITY, CORRECTION, SAMPLE.                         12330001   14 
           (20230706D) Sub.3 deleted (No data)                    12330001   15 
ENDBIB              13          0                                 12330001   16 
NOCOMMON             0          0                                 12330001   17 
ENDSUBENT           16          0                                 1233000199999 
SUBENT        12330002   20230707                             150712330002    1 
BIB                  6          7                                 12330002    2 
REACTION   (92-U-233(N,ABS),,ETA)                                 12330002    3 
SAMPLE     3 samples, thickness 3.81, 11.7, and 5.95 g/cm2.       12330002    4 
           U-233 content between 96.42 and 99.63%                 12330002    5 
METHOD     (TOF)      Time-of-flight                              12330002    6 
DETECTOR   (HORBU) Hornyak button                                 12330002    7 
STATUS     (TABLE,,M.L.Yeater+,J,NSE,9,105,1961) Table IX         12330002    8 
HISTORY    (20230706D) Data units changed to PRT/REAC             12330002    9 
ENDBIB               7          0                                 12330002   10 
NOCOMMON             0          0                                 12330002   11 
DATA                 2        155                                 12330002   12 
EN         DATA                                                   12330002   13 
MEV        PRT/REAC                                               12330002   14 
 9.976  -07 2.27   +00                                            12330002   15 
 1.053  -06 2.26   +00                                            12330002   16 
 1.113  -06 2.41   +00                                            12330002   17 
 1.179  -06 2.28   +00                                            12330002   18 
 1.251  -06 2.38   +00                                            12330002   19 
 1.315  -06 1.95   +00                                            12330002   20 
 1.329  -06 2.15   +00                                            12330002   21 
 1.334  -06 2.07   +00                                            12330002   22 
 1.354  -06 2.18   +00                                            12330002   23 
 1.375  -06 2.24   +00                                            12330002   24 
 1.396  -06 2.38   +00                                            12330002   25 
 1.415  -06 2.38   +00                                            12330002   26 
 1.417  -06 2.29   +00                                            12330002   27 
 1.439  -06 2.12   +00                                            12330002   28 
 1.461  -06 2.06   +00                                            12330002   29 
 1.484  -06 2.15   +00                                            12330002   30 
 1.508  -06 2.35   +00                                            12330002   31 
 1.531  -06 2.34   +00                                            12330002   32 
 1.556  -06 2.19   +00                                            12330002   33 
 1.581  -06 2.03   +00                                            12330002   34 
 1.607  -06 2.11   +00                                            12330002   35 
 1.633  -06 2.29   +00                                            12330002   36 
 1.661  -06 2.31   +00                                            12330002   37 
 1.688  -06 2.32   +00                                            12330002   38 
 1.717  -06 2.29   +00                                            12330002   39 
 1.746  -06 2.37   +00                                            12330002   40 
 1.776  -06 2.42   +00                                            12330002   41 
 1.806  -06 2.41   +00                                            12330002   42 
 1.838  -06 2.21   +00                                            12330002   43 
 1.870  -06 2.23   +00                                            12330002   44 
 1.904  -06 2.34   +00                                            12330002   45 
 1.938  -06 2.34   +00                                            12330002   46 
 1.973  -06 2.14   +00                                            12330002   47 
 2.009  -06 2.04   +00                                            12330002   48 
 2.046  -06 2.09   +00                                            12330002   49 
 2.083  -06 2.08   +00                                            12330002   50 
 2.123  -06 2.00   +00                                            12330002   51 
 2.163  -06 1.82   +00                                            12330002   52 
 2.204  -06 1.68   +00                                            12330002   53 
 2.246  -06 1.59   +00                                            12330002   54 
 2.290  -06 1.57   +00                                            12330002   55 
 2.335  -06 1.32   +00                                            12330002   56 
 2.382  -06 1.28   +00                                            12330002   57 
 2.430  -06 1.20   +00                                            12330002   58 
 2.479  -06 1.27   +00                                            12330002   59 
 2.529  -06 1.50   +00                                            12330002   60 
 2.582  -06 1.66   +00                                            12330002   61 
 2.636  -06 1.80   +00                                            12330002   62 
 2.691  -06 2.03   +00                                            12330002   63 
 2.749  -06 1.91   +00                                            12330002   64 
 2.808  -06 1.47   +00                                            12330002   65 
 2.869  -06 1.46   +00                                            12330002   66 
 2.933  -06 1.83   +00                                            12330002   67 
 2.998  -06 2.06   +00                                            12330002   68 
 3.066  -06 2.10   +00                                            12330002   69 
 3.136  -06 1.99   +00                                            12330002   70 
 3.283  -06 2.11   +00                                            12330002   71 
 3.308  -06 1.93   +00                                            12330002   72 
 3.360  -06 2.14   +00                                            12330002   73 
 3.441  -06 2.18   +00                                            12330002   74 
 3.524  -06 2.03   +00                                            12330002   75 
 3.610  -06 1.96   +00                                            12330002   76 
 3.700  -06 1.98   +00                                            12330002   77 
 3.792  -06 1.97   +00                                            12330002   78 
 3.89   -06 1.98   +00                                            12330002   79 
 3.99   -06 2.13   +00                                            12330002   80 
 4.09   -06 2.10   +00                                            12330002   81 
 4.20   -06 1.96   +00                                            12330002   82 
 4.32   -06 2.09   +00                                            12330002   83 
 4.43   -06 2.02   +00                                            12330002   84 
 4.55   -06 2.17   +00                                            12330002   85 
 4.68   -06 2.10   +00                                            12330002   86 
 4.81   -06 1.98   +00                                            12330002   87 
 4.95   -06 1.94   +00                                            12330002   88 
 5.09   -06 1.74   +00                                            12330002   89 
 5.25   -06 1.86   +00                                            12330002   90 
 5.41   -06 1.86   +00                                            12330002   91 
 5.57   -06 2.02   +00                                            12330002   92 
 5.74   -06 2.15   +00                                            12330002   93 
 5.92   -06 2.23   +00                                            12330002   94 
 6.11   -06 2.18   +00                                            12330002   95 
 6.31   -06 2.20   +00                                            12330002   96 
 6.52   -06 2.08   +00                                            12330002   97 
 6.73   -06 1.97   +00                                            12330002   98 
 6.96   -06 1.80   +00                                            12330002   99 
 7.20   -06 1.65   +00                                            12330002  100 
 7.45   -06 1.70   +00                                            12330002  101 
 7.73   -06 1.98   +00                                            12330002  102 
 8.01   -06 1.99   +00                                            12330002  103 
 8.31   -06 1.81   +00                                            12330002  104 
 8.63   -06 1.94   +00                                            12330002  105 
 8.781  -06 1.88   +00                                            12330002  106 
 9.036  -06 1.74   +00                                            12330002  107 
 9.303  -06 1.83   +00                                            12330002  108 
 9.581  -06 1.92   +00                                            12330002  109 
 9.873  -06 1.95   +00                                            12330002  110 
 1.007  -05 1.99   +00                                            12330002  111 
 1.050  -05 2.07   +00                                            12330002  112 
 1.083  -05 2.14   +00                                            12330002  113 
 1.12   -05 2.02   +00                                            12330002  114 
 1.16   -05 1.97   +00                                            12330002  115 
 1.19   -05 2.04   +00                                            12330002  116 
 1.23   -05 2.19   +00                                            12330002  117 
 1.28   -05 2.07   +00                                            12330002  118 
 1.32   -05 1.96   +00                                            12330002  119 
 1.37   -05 1.99   +00                                            12330002  120 
 1.42   -05 1.85   +00                                            12330002  121 
 1.47   -05 1.43   +00                                            12330002  122 
 1.53   -05 1.69   +00                                            12330002  123 
 1.59   -05 2.02   +00                                            12330002  124 
 1.650  -05 1.83   +00                                            12330002  125 
 1.716  -05 1.50   +00                                            12330002  126 
 1.786  -05 1.56   +00                                            12330002  127 
 1.861  -05 1.86   +00                                            12330002  128 
 1.940  -05 1.78   +00                                            12330002  129 
 2.025  -05 1.80   +00                                            12330002  130 
 2.116  -05 2.12   +00                                            12330002  131 
 2.212  -05 1.93   +00                                            12330002  132 
 2.316  -05 1.85   +00                                            12330002  133 
 2.427  -05 1.97   +00                                            12330002  134 
 2.546  -05 2.10   +00                                            12330002  135 
 2.674  -05 1.81   +00                                            12330002  136 
 2.812  -05 1.93   +00                                            12330002  137 
 2.960  -05 1.80   +00                                            12330002  138 
 3.121  -05 2.01   +00                                            12330002  139 
 3.296  -05 2.12   +00                                            12330002  140 
 3.486  -05 2.01   +00                                            12330002  141 
 3.692  -05 1.93   +00                                            12330002  142 
 3.917  -05 2.14   +00                                            12330002  143 
 4.164  -05 1.96   +00                                            12330002  144 
 4.434  -05 1.59   +00                                            12330002  145 
 4.732  -05 1.96   +00                                            12330002  146 
 5.061  -05 1.91   +00                                            12330002  147 
 5.426  -05 2.24   +00                                            12330002  148 
 5.831  -05 1.90   +00                                            12330002  149 
 6.283  -05 1.69   +00                                            12330002  150 
 6.790  -05 1.89   +00                                            12330002  151 
 7.362  -05 1.69   +00                                            12330002  152 
 8.008  -05 1.77   +00                                            12330002  153 
 8.743  -05 1.68   +00                                            12330002  154 
 9.585  -05 1.54   +00                                            12330002  155 
 1.055  -04 1.62   +00                                            12330002  156 
 1.168  -04 1.75   +00                                            12330002  157 
 1.299  -04 2.02   +00                                            12330002  158 
 1.454  -04 1.72   +00                                            12330002  159 
 1.638  -04 1.62   +00                                            12330002  160 
 1.860  -04 1.77   +00                                            12330002  161 
 2.130  -04 1.85   +00                                            12330002  162 
 2.463  -04 1.76   +00                                            12330002  163 
 2.881  -04 1.50   +00                                            12330002  164 
 3.415  -04 1.81   +00                                            12330002  165 
 4.112  -04 1.87   +00                                            12330002  166 
 5.047  -04 2.08   +00                                            12330002  167 
 6.342  -04 1.75   +00                                            12330002  168 
 8.207  -04 1.90   +00                                            12330002  169 
ENDDATA            157          0                                 12330002  170 
ENDSUBENT          169          0                                 1233000299999 
NOSUBENT      12330003   20230707                             150712330003    1 
ENDENTRY             3          0                                 1233099999999 
