ENTRY            12346   19970624                             00001234600000001 
SUBENT        12346001   19970624                             00001234600100001 
BIB                  8         11                                 1234600100002 
INSTITUTE  (1USAANL)                                              1234600100003 
REFERENCE  (R,ANL-4983,4,5211)                                    1234600100004 
AUTHOR     (L.M.BOLLINGER,S.P.HARRIS)                             1234600100005 
TITLE      Transmission measurements with the fast chopper.       1234600100006 
FACILITY   (CHOPF) Fast chopper                                   1234600100007 
METHOD     (TOF) Time-of-flight                                   1234600100008 
STATUS     Data taken from private communication.                 1234600100009 
HISTORY    (760804T) TRANSLATED FROM SCISRS                       1234600100010 
           (820519A) CONVERTED TO REACTION FORMALISM              1234600100011 
           (970624A) BIB update. Converted to lower case.         1234600100012 
                     Data replaced by data from private comm.     1234600100013 
ENDBIB              11          0                                 1234600100014 
NOCOMMON             0          0                                 1234600100015 
ENDSUBENT           14          0                                 1234600199999 
SUBENT        12346002   19970627                             00001234600200001 
BIB                  2          4                                 1234600200002 
REACTION   (92-U-233(N,TOT),,SIG)                                 1234600200003 
FLAG       (1.) Run 1a.                                           1234600200004 
           (2.) Run 1b.                                           1234600200005 
           (3.) Run 3.                                            1234600200006 
ENDBIB               4          0                                 1234600200007 
NOCOMMON             0          0                                 1234600200008 
DATA                 3        269                                 1234600200009 
EN         DATA       FLAG                                        1234600200010 
EV         B          NO-DIM                                      1234600200011 
   0.0268     652.5      2.                                       1234600200012 
   0.0277     579.2      2.                                       1234600200013 
   0.0288     632.9      2.                                       1234600200014 
   0.0299     562.7      2.                                       1234600200015 
   0.0311     588.       2.                                       1234600200016 
   0.0321     531.5      2.                                       1234600200017 
   0.0333     524.0      2.                                       1234600200018 
   0.0349     539.8      2.                                       1234600200019 
   0.0363     546.0      2.                                       1234600200020 
   0.0379     489.0      2.                                       1234600200021 
   0.0396     489.0      2.                                       1234600200022 
   0.0414     516.9      2.                                       1234600200023 
   0.0429     426.2      2.                                       1234600200024 
   0.0438     462.7      2.                                       1234600200025 
   0.0477     450.3      2.                                       1234600200026 
   0.0497     426.2      2.                                       1234600200027 
   0.0526     450.3      2.                                       1234600200028 
   0.0554     418.0      2.                                       1234600200029 
   0.0584     413.       2.                                       1234600200030 
   0.0621     387.1      2.                                       1234600200031 
   0.0652     367.3      2.                                       1234600200032 
   0.0695     367.3      2.                                       1234600200033 
   0.0738     391.8      2.                                       1234600200034 
   0.0778     347.4      2.                                       1234600200035 
   0.0829     351.8      2.                                       1234600200036 
   0.0892     347.4      2.                                       1234600200037 
   0.0945     337.6      2.                                       1234600200038 
   0.107      311.3      2.                                       1234600200039 
   0.108      328.4      2.                                       1234600200040 
   0.117      320.9      2.                                       1234600200041 
   0.127      285.4      2.                                       1234600200042 
   0.137      285.4      2.                                       1234600200043 
   0.149      261.0      2.                                       1234600200044 
   0.163      285.4      2.                                       1234600200045 
   0.179      293.6      2.                                       1234600200046 
   0.197      238.6      2.                                       1234600200047 
   0.217      238.6      2.                                       1234600200048 
   0.238      261.0      2.                                       1234600200049 
   0.266      217.3      2.                                       1234600200050 
   0.300      246.6      2.                                       1234600200051 
   0.345      238.6      2.                                       1234600200052 
   0.395      176.5      2.                                       1234600200053 
   0.439      190.4      2.                                       1234600200054 
   0.533      187.0      1.                                       1234600200055 
   0.544      171.0      2.                                       1234600200056 
   0.555      190.4      1.                                       1234600200057 
   0.579      173.8      1.                                       1234600200058 
   0.603      155.8      1.                                       1234600200059 
   0.630      155.8      1.                                       1234600200060 
   0.645      171.0      2.                                       1234600200061 
   0.659      180.5      1.                                       1234600200062 
   0.690      191.7      1.                                       1234600200063 
   0.723      190.4      1.                                       1234600200064 
   0.758      197.4      2.                                       1234600200065 
   0.760      190.4      1.                                       1234600200066 
   0.796      161.4      1.                                       1234600200067 
   0.834      173.8      1.                                       1234600200068 
   0.876      187.0      1.                                       1234600200069 
   0.926      173.8      1.                                       1234600200070 
   0.953      217.3      2.                                       1234600200071 
   0.978      199.9      1.                                       1234600200072 
   0.996      187.0      1.                                       1234600200073 
   1.024      203.7      1.                                       1234600200074 
   1.053      207.4      1.                                       1234600200075 
   1.088      190.4      1.                                       1234600200076 
   1.119      220.9      1.                                       1234600200077 
   1.153      261.0      1.                                       1234600200078 
   1.163      238.6      2.                                       1234600200079 
   1.188      250.0      1.                                       1234600200080 
   1.228      281.3      1.                                       1234600200081 
   1.267      269.7      1.                                       1234600200082 
   1.290      301.6      1.                                       1234600200083 
   1.315      320.9      1.                                       1234600200084 
   1.360      337.6      1.                                       1234600200085 
   1.380      367.3      1.                                       1234600200086 
   1.422      347.4      1.                                       1234600200087 
   1.450      377.3      1.                                       1234600200088 
   1.475      357.0      1.                                       1234600200089 
   1.500      456.5      1.                                       1234600200090 
   1.531      495.3      1.                                       1234600200091 
   1.552      530.9      2.                                       1234600200092 
   1.559      495.3      1.                                       1234600200093 
   1.579      539.8      1.                                       1234600200094 
   1.606      588.       1.                                       1234600200095 
   1.62       623.0      1.                                       1234600200096 
   1.665      706.4      1.                                       1234600200097 
   1.695      754.6      1.                                       1234600200098 
   1.73       812.5      1.                                       1234600200099 
   1.73       872.       1.                                       1234600200100 
   1.76       991.1      1.                                       1234600200101 
   1.77       839.4      1.                                       1234600200102 
   1.79       780.7      1.                                       1234600200103 
   1.81       839.4      1.                                       1234600200104 
   1.82       812.5      1.                                       1234600200105 
   1.86       683.6      1.                                       1234600200106 
   1.88       570.8      1.                                       1234600200107 
   1.93       495.3      1.                                       1234600200108 
   1.97       456.5      1.                                       1234600200109 
   2.01       418.0      1.                                       1234600200110 
   2.04       387.1      1.                                       1234600200111 
   2.05       418.0      3.                                       1234600200112 
   2.09       377.3      1.                                       1234600200113 
   2.09       456.5      2.                                       1234600200114 
   2.09       387.1      3.                                       1234600200115 
   2.12       530.9      1.                                       1234600200116 
   2.13       377.1      3.                                       1234600200117 
   2.18       495.3      1.                                       1234600200118 
   2.18       385.       3.                                       1234600200119 
   2.20       588.       1.                                       1234600200120 
   2.22       495.3      3.                                       1234600200121 
   2.22       475.70     3.                                       1234600200122 
   2.25       623.0      1.                                       1234600200123 
   2.27       780.7      3.                                       1234600200124 
   2.29       524.0      1.                                       1234600200125 
   2.31       890.57     3.                                       1234600200126 
   2.34       347.4      1.                                       1234600200127 
   2.36       509.91     3.                                       1234600200128 
   2.39       224.5      1.                                       1234600200129 
   2.41       328.4      3.                                       1234600200130 
   2.45       183.6      1.                                       1234600200131 
   2.47       203.69     3.                                       1234600200132 
   2.51       102.3      1.                                       1234600200133 
   2.52       110.25     3.                                       1234600200134 
   2.56       112.8      1.                                       1234600200135 
   2.58        84.23     3.                                       1234600200136 
   2.61       112.8      1.                                       1234600200137 
   2.64       104.85     3.                                       1234600200138 
   2.67       107.4      1.                                       1234600200139 
   2.70        79.17     3.                                       1234600200140 
   2.76        55.04     3.                                       1234600200141 
   2.82        89.24     3.                                       1234600200142 
   2.824      184.4      2.                                       1234600200143 
   2.89        55.04     3.                                       1234600200144 
   2.96        84.23     3.                                       1234600200145 
   3.03        91.88     3.                                       1234600200146 
   3.11        86.91     3.                                       1234600200147 
   3.18        94.51     3.                                       1234600200148 
   3.26       126.91     3.                                       1234600200149 
   3.35       102.29     3.                                       1234600200150 
   3.43       193.53     3.                                       1234600200151 
   3.52       203.69     3.                                       1234600200152 
   3.71       155.82     3.                                       1234600200153 
   3.81        94.51     3.                                       1234600200154 
   3.92        81.88     3.                                       1234600200155 
   4.03        97.11     3.                                       1234600200156 
   4.14        97.11     3.                                       1234600200157 
   4.26        94.51     3.                                       1234600200158 
   4.262      190.4      2.                                       1234600200159 
   4.39       135.29     3.                                       1234600200160 
   4.52       123.88     3.                                       1234600200161 
   4.65       132.32     3.                                       1234600200162 
   4.79       143.81     3.                                       1234600200163 
   4.94       123.88     3.                                       1234600200164 
   5.10       129.62     3.                                       1234600200165 
   5.26        94.51     3.                                       1234600200166 
   5.43        89.24     3.                                       1234600200167 
   5.61       110.25     3.                                       1234600200168 
   5.80       154.4      3.                                       1234600200169 
   6.00       115.88     3.                                       1234600200170 
   6.21       155.82     3.                                       1234600200171 
   6.43       281.27     3.                                       1234600200172 
   6.62       187.04     3.                                       1234600200173 
   6.66       403.91     3.                                       1234600200174 
   6.90       315.38     3.                                       1234600200175 
   7.16       176.5      2.                                       1234600200176 
   7.16       141.48     3.                                       1234600200177 
   7.43        97.11     3.                                       1234600200178 
   7.72        64.65     3.                                       1234600200179 
   8.03        66.76     3.                                       1234600200180 
   8.35        76.79     3.                                       1234600200181 
   8.70        97.11     3.                                       1234600200182 
   9.06        81.88     3.                                       1234600200183 
   9.45        99.71     3.                                       1234600200184 
   9.87       200.16     3.                                       1234600200185 
  10.31       281.27     3.                                       1234600200186 
  10.79       190.17     3.                                       1234600200187 
  11.29       141.48     3.                                       1234600200188 
  11.84       135.29     3.                                       1234600200189 
  12.42       180.45     3.                                       1234600200190 
  13.05       187.04     3.                                       1234600200191 
  13.73        99.71     3.                                       1234600200192 
  14.46       154.4      2.                                       1234600200193 
  14.46        91.88     3.                                       1234600200194 
  15.25       165.03     3.                                       1234600200195 
  15.25       158.91     3.                                       1234600200196 
  15.59       176.5      3.                                       1234600200197 
  15.94       196.85     3.                                       1234600200198 
  16.29       154.4      3.                                       1234600200199 
  16.67       113.07     3.                                       1234600200200 
  17.05       107.4      3.                                       1234600200201 
  17.44        97.11     3.                                       1234600200202 
  17.86       123.88     3.                                       1234600200203 
  18.28       154.4      3.                                       1234600200204 
  18.72       154.4      3.                                       1234600200205 
  19.18       141.48     3.                                       1234600200206 
  19.65       158.91     3.                                       1234600200207 
  20.14       147.28     3.                                       1234600200208 
  20.65       184.4      3.                                       1234600200209 
  21.18       210.42     3.                                       1234600200210 
  21.73       238.6      3.                                       1234600200211 
  22.30       203.69     3.                                       1234600200212 
  22.90       123.88     3.                                       1234600200213 
  23.52       135.29     3.                                       1234600200214 
  24.16       123.88     3.                                       1234600200215 
  24.83        91.88     3.                                       1234600200216 
  25.53       113.07     3.                                       1234600200217 
  26.26       113.07     3.                                       1234600200218 
  27.0        102.3      3.                                       1234600200219 
  27.8        123.88     3.                                       1234600200220 
  28.6        107.4      3.                                       1234600200221 
  29.5        107.4      3.                                       1234600200222 
  30.4         81.88     3.                                       1234600200223 
  31.4        107.4      3.                                       1234600200224 
  32.4        107.4      3.                                       1234600200225 
  33.4        107.4      3.                                       1234600200226 
  34.5         86.91     3.                                       1234600200227 
  35.7        147.       3.                                       1234600200228 
  36.9         81.88     3.                                       1234600200229 
  38.1         71.63     3.                                       1234600200230 
  39.5         76.79     3.                                       1234600200231 
  40.9         52.51     3.                                       1234600200232 
  42.4         66.76     3.                                       1234600200233 
  43.9         34.34     3.                                       1234600200234 
  45.6         66.76     3.                                       1234600200235 
  47.4         47.71     3.                                       1234600200236 
  49.2         86.91     3.                                       1234600200237 
  51.2         76.79     3.                                       1234600200238 
  53.3         86.91     3.                                       1234600200239 
  55.5        102.31     3.                                       1234600200240 
  59.1         97.11     3.                                       1234600200241 
  60.4         86.91     3.                                       1234600200242 
  63.0         91.88     3.                                       1234600200243 
  65.9         97.11     3.                                       1234600200244 
  69.0         66.76     3.                                       1234600200245 
  72.3        113.07     3.                                       1234600200246 
  75.8         91.88     3.                                       1234600200247 
  79.6        107.41     3.                                       1234600200248 
  83.7         86.91     3.                                       1234600200249 
  92.8        107.4      3.                                       1234600200250 
  98.0         81.88     3.                                       1234600200251 
 104.          97.11     3.                                       1234600200252 
 110.          71.63     3.                                       1234600200253 
 116.         107.4      3.                                       1234600200254 
 124.          71.63     3.                                       1234600200255 
 132.          66.76     3.                                       1234600200256 
 140.          66.76     3.                                       1234600200257 
 150.          62.18     3.                                       1234600200258 
 161.          52.51     3.                                       1234600200259 
 173.          57.19     3.                                       1234600200260 
 186.          71.63     3.                                       1234600200261 
 201.          48.14     3.                                       1234600200262 
 217.          76.79     3.                                       1234600200263 
 236.          81.88     3.                                       1234600200264 
 258.          62.18     3.                                       1234600200265 
 282.          66.76     3.                                       1234600200266 
 311.          62.18     3.                                       1234600200267 
 343.          48.14     3.                                       1234600200268 
 381.          62.18     3.                                       1234600200269 
 426.          57.19     3.                                       1234600200270 
 479.          66.76     3.                                       1234600200271 
 543.          52.51     3.                                       1234600200272 
 621.          57.19     3.                                       1234600200273 
 716.          57.19     3.                                       1234600200274 
 835.          29.39     3.                                       1234600200275 
 987.          57.19     3.                                       1234600200276 
1184.          52.51     3.                                       1234600200277 
1611.          43.34     3.                                       1234600200278 
1807.          43.34     3.                                       1234600200279 
2320.          47.71     3.                                       1234600200280 
ENDDATA            271          0                                 1234600200281 
ENDSUBENT          280          0                                 1234600299999 
SUBENT        12346003   19970627                             00001234600300001 
BIB                  3          6                                 1234600300002 
REACTION   (94-PU-239(N,TOT),,SIG)                                1234600300003 
SAMPLE     2.37 g/cm2 sample.                                     1234600300004 
FLAG       (1.) Run 1                                             1234600300005 
           (2.) Run 2                                             1234600300006 
           (3.) Run 3                                             1234600300007 
           (4.) Run 4                                             1234600300008 
ENDBIB               6          0                                 1234600300009 
NOCOMMON             0          0                                 1234600300010 
DATA                 3        327                                 1234600300011 
EN         DATA       FLAG                                        1234600300012 
EV         B          NO-DIM                                      1234600300013 
   0.410    774.4      4.                                         1234600300014 
   0.417    657.8      4.                                         1234600300015 
   0.42     657.8      4.                                         1234600300016 
   0.431    541.3      4.                                         1234600300017 
   0.437    503.8      4.                                         1234600300018 
   0.447    447.3      4.                                         1234600300019 
   0.457    387.2      4.                                         1234600300020 
   0.466    343.0      4.                                         1234600300021 
   0.47     318.8      4.                                         1234600300022 
   0.482    318.8      4.                                         1234600300023 
   0.493    300.7      4.                                         1234600300024 
   0.502    270.6      4.                                         1234600300025 
   0.513    262.4      4.                                         1234600300026 
   0.520    233.1      4.                                         1234600300027 
   0.532    208.2      4.                                         1234600300028 
   0.543    220.0      4.                                         1234600300029 
   0.55     191.6      4.                                         1234600300030 
   0.566    191.6      4.                                         1234600300031 
   0.577    186.7      4.                                         1234600300032 
   0.59     162.6      4.                                         1234600300033 
   0.603    134.1      4.                                         1234600300034 
   0.610    207.8      3.                                         1234600300035 
   0.615    196.6      3.                                         1234600300036 
   0.615    134.1      4.                                         1234600300037 
   0.624    127.1      3.                                         1234600300038 
   0.630    194.5      3.                                         1234600300039 
   0.63     145.8      4.                                         1234600300040 
   0.637    208.2      3.                                         1234600300041 
   0.64     199.7      3.                                         1234600300042 
   0.64     145.8      4.                                         1234600300043 
   0.650    108.4      3.                                         1234600300044 
   0.658    121.5      3.                                         1234600300045 
   0.66     145.8      4.                                         1234600300046 
   0.666    160.7      3.                                         1234600300047 
   0.67     110.0      3.                                         1234600300048 
   0.67     123.2      4.                                         1234600300049 
   0.680    141.5      3.                                         1234600300050 
   0.687    123.2      3.                                         1234600300051 
   0.697     88.54     3.                                         1234600300052 
   0.705    145.8      3.                                         1234600300053 
   0.713    141.5      3.                                         1234600300054 
   0.720    145.8      3.                                         1234600300055 
   0.730     52.94     3.                                         1234600300056 
   0.740     50.72     3.                                         1234600300057 
   0.746    119.9      3.                                         1234600300058 
   0.75      86.0      3.                                         1234600300059 
   0.764    165.1      3.                                         1234600300060 
   0.774    147.9      3.                                         1234600300061 
   0.784    113.2      3.                                         1234600300062 
   0.800    141.5      3.                                         1234600300063 
   0.804    208.2      3.                                         1234600300064 
   0.812    106.78     3.                                         1234600300065 
   0.833     83.19     3.                                         1234600300066 
   0.845    128.7      3.                                         1234600300067 
   0.860     87.2      3.                                         1234600300068 
   0.868    127.1      3.                                         1234600300069 
   0.881    128.7      3.                                         1234600300070 
   0.893    162.6      3.                                         1234600300071 
   0.903    138.3      3.                                         1234600300072 
   0.913    162.6      3.                                         1234600300073 
   0.930    233.1      3.                                         1234600300074 
   0.940    258.4      3.                                         1234600300075 
   0.953    293.2      3.                                         1234600300076 
   0.967    460.9      3.                                         1234600300077 
   0.995    657.8      3.                                         1234600300078 
   1.002    473.4      3.                                         1234600300079 
   1.062    891.0      3.                                         1234600300080 
   1.10     387.2      3.                                         1234600300081 
   1.110    300.7      3.                                         1234600300082 
   1.132    236.4      3.                                         1234600300083 
   1.162    119.9      3.                                         1234600300084 
   1.172    152.1      3.                                         1234600300085 
   1.185    114.9      3.                                         1234600300086 
   1.203    105.26     3.                                         1234600300087 
   1.220     72.61     3.                                         1234600300088 
   1.23      44.12     3.                                         1234600300089 
   1.250     87.24     3.                                         1234600300090 
   1.272     45.28     3.                                         1234600300091 
   1.297     79.04     3.                                         1234600300092 
   1.315     46.05     3.                                         1234600300093 
   1.340     50.72     3.                                         1234600300094 
   1.360     46.05     3.                                         1234600300095 
   1.380     47.20     3.                                         1234600300096 
   1.405     61.32     3.                                         1234600300097 
   1.433     52.94     3.                                         1234600300098 
   1.450     50.72     3.                                         1234600300099 
   1.475     54.16     3.                                         1234600300100 
   1.495     27.41     3.                                         1234600300101 
   1.529     34.44     3.                                         1234600300102 
   1.560     41.77     3.                                         1234600300103 
   1.582     48.33     3.                                         1234600300104 
   1.61      36.17     3.                                         1234600300105 
   1.632     45.3      3.                                         1234600300106 
   1.665     37.5      3.                                         1234600300107 
   1.695     27.41     3.                                         1234600300108 
   1.720     44.12     3.                                         1234600300109 
   1.760     78.8      3.                                         1234600300110 
   1.790     37.5      3.                                         1234600300111 
   1.825     37.5      3.                                         1234600300112 
   1.865     39.80     3.                                         1234600300113 
   1.892     18.76     3.                                         1234600300114 
   1.935     29.25     3.                                         1234600300115 
   1.970     31.36     3.                                         1234600300116 
   2.02      27.41     3.                                         1234600300117 
   2.06      29.25     3.                                         1234600300118 
   2.08      48.33     3.                                         1234600300119 
   2.13      35.49     3.                                         1234600300120 
   2.18      31.36     3.                                         1234600300121 
   2.22      31.36     3.                                         1234600300122 
   2.31      19.51     3.                                         1234600300123 
   2.37      34.44     3.                                         1234600300124 
   2.41      29.25     3.                                         1234600300125 
   2.48      28.54     3.                                         1234600300126 
   2.53      25.68     3.                                         1234600300127 
   2.58      24.23     3.                                         1234600300128 
   2.67      29.25     3.                                         1234600300129 
   2.74      29.25     2.                                         1234600300130 
   2.76      32.10     3.                                         1234600300131 
   2.77      24.23     2.                                         1234600300132 
   2.83      35.49     3.                                         1234600300133 
   2.84      34.44     2.                                         1234600300134 
   2.89      34.54     2.                                         1234600300135 
   2.96      47.20     2.                                         1234600300136 
   3.02      24.23     2.                                         1234600300137 
   3.08      36.17     2.                                         1234600300138 
   3.16      24.23     2.                                         1234600300139 
   3.21      22.48     2.                                         1234600300140 
   3.30      18.76     2.                                         1234600300141 
   3.36      24.23     2.                                         1234600300142 
   3.42      34.54     2.                                         1234600300143 
   3.47      26.40     2.                                         1234600300144 
   3.58      26.40     2.                                         1234600300145 
   3.64      25.68     2.                                         1234600300146 
   3.72      32.1      2.                                         1234600300147 
   3.74      37.50     2.                                         1234600300148 
   3.80      34.44     2.                                         1234600300149 
   3.82      47.20     2.                                         1234600300150 
   3.86      25.49     2.                                         1234600300151 
   3.86      39.53     2.                                         1234600300152 
   3.89      21.30     2.                                         1234600300153 
   3.92      37.50     2.                                         1234600300154 
   3.95      30.38     2.                                         1234600300155 
   3.98      25.68     2.                                         1234600300156 
   4.00      51.70     2.                                         1234600300157 
   4.07      29.25     2.                                         1234600300158 
   4.07      51.70     2.                                         1234600300159 
   4.08      27.41     2.                                         1234600300160 
   4.12      36.17     2.                                         1234600300161 
   4.16      33.44     2.                                         1234600300162 
   4.22      39.80     2.                                         1234600300163 
   4.30      41.77     2.                                         1234600300164 
   4.34      25.68     2.                                         1234600300165 
   4.38      28.54     2.                                         1234600300166 
   4.41      19.51     2.                                         1234600300167 
   4.48       8.68     2.                                         1234600300168 
   4.53      19.51     2.                                         1234600300169 
   4.57      21.41     2.                                         1234600300170 
   4.67      28.54     2.                                         1234600300171 
   4.70      10.43     2.                                         1234600300172 
   4.76      19.36     2.                                         1234600300173 
   4.81       6.59     2.                                         1234600300174 
   4.86      23.50     2.                                         1234600300175 
   4.94       5.78     2.                                         1234600300176 
   5.00      19.51     2.                                         1234600300177 
   5.05      10.16     2.                                         1234600300178 
   5.15      28.54     2.                                         1234600300179 
   5.17      29.25     2.                                         1234600300180 
   5.26       4.97     2.                                         1234600300181 
   5.32      15.36     2.                                         1234600300182 
   5.41      37.5      2.                                         1234600300183 
   5.45      21.30     2.                                         1234600300184 
   5.54      10.16     2.                                         1234600300185 
   5.60      29.25     2.                                         1234600300186 
   5.66      35.49     2.                                         1234600300187 
   5.75      10.59     2.                                         1234600300188 
   5.78      36.44     2.                                         1234600300189 
   5.86       8.68     2.                                         1234600300190 
   5.98       6.59     2.                                         1234600300191 
   6.06      24.23     2.                                         1234600300192 
   6.17      30.38     2.                                         1234600300193 
   6.24      27.41     2.                                         1234600300194 
   6.38      21.30     2.                                         1234600300195 
   6.42       4.97     2.                                         1234600300196 
   6.45      27.41     2.                                         1234600300197 
   6.55      19.36     2.                                         1234600300198 
   6.65      19.36     2.                                         1234600300199 
   6.75       8.68     2.                                         1234600300200 
   6.84      10.43     2.                                         1234600300201 
   6.95      12.94     2.                                         1234600300202 
   7.05      58.97     2.                                         1234600300203 
   7.22      48.33     2.                                         1234600300204 
   7.32      77.5      2.                                         1234600300205 
   7.43     138.2      2.                                         1234600300206 
   7.51     171.9      2.                                         1234600300207 
   7.66     233.1      2.                                         1234600300208 
   7.76     197.5      2.                                         1234600300209 
   7.90     118.2      2.                                         1234600300210 
   8.03      83.19     2.                                         1234600300211 
   8.13      44.12     2.                                         1234600300212 
   8.26      32.06     2.                                         1234600300213 
   8.41      20.55     2.                                         1234600300214 
   8.52      17.5      2.                                         1234600300215 
   8.68      16.49     2.                                         1234600300216 
   8.84      10.16     2.                                         1234600300217 
   8.96      41.77     2.                                         1234600300218 
   9.14      37.50     2.                                         1234600300219 
   9.30      31.36     2.                                         1234600300220 
   9.44      18.76     2.                                         1234600300221 
   9.60      12.00     2.                                         1234600300222 
   9.73      34.44     2.                                         1234600300223 
   9.95      32.1      2.                                         1234600300224 
  10.12      74.8      2.                                         1234600300225 
  10.3       93.1      2.                                         1234600300226 
  10.47     194.5      2.                                         1234600300227 
  10.67     239.7      2.                                         1234600300228 
  10.87     300.7      2.                                         1234600300229 
  11.05     239.7      2.                                         1234600300230 
  11.3      211.1      2.                                         1234600300231 
  11.51     208.2      2.                                         1234600300232 
  11.71     138.2      2.                                         1234600300233 
  11.95      97.62     2.                                         1234600300234 
  12.17      63.63     2.                                         1234600300235 
  12.40      51.95     2.                                         1234600300236 
  12.67      35.49     2.                                         1234600300237 
  12.78      24.23     2.                                         1234600300238 
  13.15      57.78     2.                                         1234600300239 
  13.52      64.79     2.                                         1234600300240 
  13.70     108.4      2.                                         1234600300241 
  14.02     147.9      2.                                         1234600300242 
  14.28     226.3      2.                                         1234600300243 
  14.62     194.5      2.                                         1234600300244 
  14.93     167.21     2.                                         1234600300245 
  15.00     145.8      1.                                         1234600300246 
  15.26     106.78     2.                                         1234600300247 
  15.32      87.24     1.                                         1234600300248 
  15.42      91.49     2.                                         1234600300249 
  15.55      83.19     1.                                         1234600300250 
  15.94      69.85     2.                                         1234600300251 
  16.10      55.37     1.                                         1234600300252 
  16.29      37.5      2.                                         1234600300253 
  16.45      60.15     1.                                         1234600300254 
  16.67      41.77     2.                                         1234600300255 
  16.70       7.3      1.                                         1234600300256 
  17.05      83.19     2.                                         1234600300257 
  17.10     100.7      1.                                         1234600300258 
  17.50      81.64     1.                                         1234600300259 
  18.05      29.25     1.                                         1234600300260 
  18.45      18.76     1.                                         1234600300261 
  18.90      29.25     1.                                         1234600300262 
  19.35      16.79     1.                                         1234600300263 
  19.9       25.68     1.                                         1234600300264 
  20.4       37.52     1.                                         1234600300265 
  20.8       44.12     1.                                         1234600300266 
  21.3       71.51     1.                                         1234600300267 
  22.0       80.60     1.                                         1234600300268 
  22.4       57.78     1.                                         1234600300269 
  23.2       39.80     1.                                         1234600300270 
  23.6       33.30     1.                                         1234600300271 
  24.5       35.49     1.                                         1234600300272 
  25.2       42.82     1.                                         1234600300273 
  25.6       55.37     1.                                         1234600300274 
  26.6       41.77     1.                                         1234600300275 
  27.4       22.48     1.                                         1234600300276 
  28.2       17.70     1.                                         1234600300277 
  29.0       10.16     1.                                         1234600300278 
  29.9        8.68     1.                                         1234600300279 
  30.8       12.16     1.                                         1234600300280 
  31.8       10.59     1.                                         1234600300281 
  32.6       23.5      1.                                         1234600300282 
  33.8       21.30     1.                                         1234600300283 
  35.0       17.70     1.                                         1234600300284 
  36.2       23.5      1.                                         1234600300285 
  37.4       23.5      1.                                         1234600300286 
  39.0       31.36     1.                                         1234600300287 
  40.3       46.05     1.                                         1234600300288 
  41.7       55.37     1.                                         1234600300289 
  43.4       48.33     1.                                         1234600300290 
  44.7       55.37     1.                                         1234600300291 
  46.5       57.78     1.                                         1234600300292 
  48.7       62.48     1.                                         1234600300293 
  50.6       62.48     1.                                         1234600300294 
  52.2       72.61     1.                                         1234600300295 
  54.7       76.39     1.                                         1234600300296 
  56.5       79.04     1.                                         1234600300297 
  59.0       85.72     1.                                         1234600300298 
  61.6       67.40     1.                                         1234600300299 
  64.4       46.05     1.                                         1234600300300 
  67.3       41.77     1.                                         1234600300301 
  70.6       44.12     1.                                         1234600300302 
  74.0       41.77     1.                                         1234600300303 
  78.5       46.05     1.                                         1234600300304 
  81.4       68.74     1.                                         1234600300305 
  86.7       68.74     1.                                         1234600300306 
  90.3       56.58     1.                                         1234600300307 
  96.5       41.77     1.                                         1234600300308 
 102.        46.05     1.                                         1234600300309 
 109.2       51.95     1.                                         1234600300310 
 113.0       41.77     1.                                         1234600300311 
 119.5       51.70     1.                                         1234600300312 
 129.0       33.44     1.                                         1234600300313 
 137.8       33.44     1.                                         1234600300314 
 145.        44.12     1.                                         1234600300315 
 155.2       27.41     1.                                         1234600300316 
 167.5       27.41     1.                                         1234600300317 
 179.        34.44     1.                                         1234600300318 
 193.        25.68     1.                                         1234600300319 
 208.        25.68     1.                                         1234600300320 
 226.        35.49     1.                                         1234600300321 
 247.        37.5      1.                                         1234600300322 
 269.        33.44     1.                                         1234600300323 
 301.        31.36     1.                                         1234600300324 
 326.        23.50     1.                                         1234600300325 
 381.        24.23     1.                                         1234600300326 
 414.        23.50     1.                                         1234600300327 
 449.        16.03     1.                                         1234600300328 
 492.         8.68     1.                                         1234600300329 
 600.        16.03     1.                                         1234600300330 
 666.        11.38     1.                                         1234600300331 
 723.         8.68     1.                                         1234600300332 
 905.         8.68     1.                                         1234600300333 
1155.        10.43     1.                                         1234600300334 
1345.        16.03     1.                                         1234600300335 
1705.        15.26     1.                                         1234600300336 
2175.        20.55     1.                                         1234600300337 
2860.        17.5      1.                                         1234600300338 
3950.        23.5      1.                                         1234600300339 
5780.        10.59     1.                                         1234600300340 
ENDDATA            329          0                                 1234600300341 
ENDSUBENT          340          0                                 1234600399999 
ENDENTRY             3          0                                 1234699999999 
