ENTRY            12344   19860407                             00001234400000001 
SUBENT        12344001   19860407                             00001234400100001 
BIB                  6         11                                 1234400100002 
INSTITUTE  (1USADAV,1USALRL)                                      1234400100003 
REFERENCE  (J,PR,174,1413,6810)                                   1234400100004 
           (C,68WASH,1,541(D10),6803)                             1234400100005 
AUTHOR     (G.D.SAUTER,C.D.BOWMAN)                                1234400100006 
TITLE      NEUTRON SCATTERING CROSS SECTIONS OF U-233, U-235, AND 1234400100007 
            PU-241 FROM 1 TO 30 EV.                               1234400100008 
STATUS     (SCSRS)                                                1234400100009 
           DATA TAKEN FROM PRIVATE COMM., SAUTER, 68/6.           1234400100010 
HISTORY    (760804T) TRANSLATED FROM SCISRS                       1234400100011 
           (820519A) CONVERTED TO REACTION FORMALISM              1234400100012 
           (860407A) BIB UPDATE, DATA POINTS CORRECTED.           1234400100013 
ENDBIB              11          0                                 1234400100014 
NOCOMMON             0          0                                 1234400100015 
ENDSUBENT           14          0                                 1234400199999 
SUBENT        12344002   19820519                             00001234400200001 
BIB                  4          4                                 1234400200002 
REACTION   (92-U-233(N,EL)92-U-233,,SIG)                          1234400200003 
METHOD     4PI NEUTRON SOURCE TECHNIQUE.                          1234400200004 
SAMPLE     SAMPLE 97.3 PER CENT U233.                             1234400200005 
CORRECTION NOT CORRECTED FOR PRESENCE OF U234 AND U238.           1234400200006 
ENDBIB               4          0                                 1234400200007 
NOCOMMON             0          0                                 1234400200008 
DATA                 2        192                                 1234400200009 
EN         DATA                                                   1234400200010 
MEV        B                                                      1234400200011 
 1.02   -06 1.24   +01                                            1234400200012 
 1.04   -06 1.22   +01                                            1234400200013 
 1.06   -06 1.22   +01                                            1234400200014 
 1.09   -06 1.24   +01                                            1234400200015 
 1.12   -06 1.22   +01                                            1234400200016 
 1.15   -06 1.24   +01                                            1234400200017 
 1.18   -06 1.24   +01                                            1234400200018 
 1.21   -06 1.20   +01                                            1234400200019 
 1.24   -06 1.24   +01                                            1234400200020 
 1.28   -06 1.22   +01                                            1234400200021 
 1.31   -06 1.24   +01                                            1234400200022 
 1.35   -06 1.24   +01                                            1234400200023 
 1.39   -06 1.26   +01                                            1234400200024 
 1.43   -06 1.23   +01                                            1234400200025 
 1.47   -06 1.25   +01                                            1234400200026 
 1.52   -06 1.22   +01                                            1234400200027 
 1.56   -06 1.28   +01                                            1234400200028 
 1.61   -06 1.29   +01                                            1234400200029 
 1.66   -06 1.24   +01                                            1234400200030 
 1.70   -06 1.47   +01                                            1234400200031 
 1.73   -06 1.60   +01                                            1234400200032 
 1.77   -06 1.61   +01                                            1234400200033 
 1.81   -06 1.88   +01                                            1234400200034 
 1.84   -06 1.74   +01                                            1234400200035 
 1.87   -06 1.84   +01                                            1234400200036 
 1.90   -06 1.75   +01                                            1234400200037 
 1.93   -06 1.75   +01                                            1234400200038 
 1.96   -06 1.73   +01                                            1234400200039 
 1.99   -06 1.62   +01                                            1234400200040 
 2.02   -06 1.51   +01                                            1234400200041 
 2.06   -06 1.55   +01                                            1234400200042 
 2.10   -06 1.50   +01                                            1234400200043 
 2.14   -06 1.44   +01                                            1234400200044 
 2.17   -06 1.45   +01                                            1234400200045 
 2.21   -06 1.51   +01                                            1234400200046 
 2.25   -06 1.64   +01                                            1234400200047 
 2.29   -06 1.71   +01                                            1234400200048 
 2.34   -06 2.28   +01                                            1234400200049 
 2.36   -06 2.24   +01                                            1234400200050 
 2.40   -06 1.98   +01                                            1234400200051 
 2.42   -06 1.87   +01                                            1234400200052 
 2.47   -06 1.78   +01                                            1234400200053 
 2.52   -06 1.78   +01                                            1234400200054 
 2.57   -06 1.66   +01                                            1234400200055 
 2.62   -06 1.66   +01                                            1234400200056 
 2.67   -06 1.62   +01                                            1234400200057 
 2.72   -06 1.59   +01                                            1234400200058 
 2.77   -06 1.56   +01                                            1234400200059 
 2.83   -06 1.54   +01                                            1234400200060 
 2.89   -06 1.51   +01                                            1234400200061 
 2.96   -06 1.54   +01                                            1234400200062 
 3.02   -06 1.52   +01                                            1234400200063 
 3.09   -06 1.42   +01                                            1234400200064 
 3.15   -06 1.47   +01                                            1234400200065 
 3.22   -06 1.36   +01                                            1234400200066 
 3.29   -06 1.37   +01                                            1234400200067 
 3.36   -06 1.34   +01                                            1234400200068 
 3.43   -06 1.36   +01                                            1234400200069 
 3.50   -06 1.37   +01                                            1234400200070 
 3.55   -06 1.34   +01                                            1234400200071 
 3.59   -06 1.39   +01                                            1234400200072 
 3.63   -06 1.42   +01                                            1234400200073 
 3.68   -06 1.43   +01                                            1234400200074 
 3.72   -06 1.57   +01                                            1234400200075 
 3.76   -06 1.52   +01                                            1234400200076 
 3.81   -06 1.50   +01                                            1234400200077 
 3.86   -06 1.44   +01                                            1234400200078 
 3.90   -06 1.50   +01                                            1234400200079 
 3.95   -06 1.49   +01                                            1234400200080 
 4.00   -06 1.40   +01                                            1234400200081 
 4.05   -06 1.37   +01                                            1234400200082 
 4.10   -06 1.36   +01                                            1234400200083 
 4.15   -06 1.36   +01                                            1234400200084 
 4.20   -06 1.32   +01                                            1234400200085 
 4.25   -06 1.29   +01                                            1234400200086 
 4.30   -06 1.31   +01                                            1234400200087 
 4.36   -06 1.29   +01                                            1234400200088 
 4.42   -06 1.29   +01                                            1234400200089 
 4.47   -06 1.33   +01                                            1234400200090 
 4.53   -06 1.26   +01                                            1234400200091 
 4.59   -06 1.36   +01                                            1234400200092 
 4.65   -06 1.40   +01                                            1234400200093 
 4.71   -06 1.31   +01                                            1234400200094 
 4.77   -06 1.36   +01                                            1234400200095 
 4.83   -06 1.32   +01                                            1234400200096 
 5.47   -06 1.41   +01                                            1234400200097 
 5.62   -06 1.32   +01                                            1234400200098 
 5.75   -06 1.28   +01                                            1234400200099 
 5.79   -06 1.32   +01                                            1234400200100 
 5.92   -06 1.29   +01                                            1234400200101 
 5.97   -06 1.33   +01                                            1234400200102 
 6.10   -06 1.24   +01                                            1234400200103 
 6.15   -06 1.23   +01                                            1234400200104 
 6.29   -06 1.15   +01                                            1234400200105 
 6.38   -06 1.10   +01                                            1234400200106 
 6.48   -06 1.11   +01                                            1234400200107 
 7.36   -06 1.35   +01                                            1234400200108 
 7.48   -06 1.42   +01                                            1234400200109 
 7.61   -06 1.37   +01                                            1234400200110 
 7.74   -06 1.46   +01                                            1234400200111 
 7.81   -06 1.20   +01                                            1234400200112 
 7.88   -06 1.46   +01                                            1234400200113 
 8.01   -06 1.25   +01                                            1234400200114 
 8.15   -06 1.34   +01                                            1234400200115 
 8.29   -06 1.25   +01                                            1234400200116 
 8.44   -06 1.28   +01                                            1234400200117 
 8.58   -06 1.20   +01                                            1234400200118 
 8.74   -06 1.24   +01                                            1234400200119 
 8.90   -06 1.24   +01                                            1234400200120 
 9.06   -06 1.10   +01                                            1234400200121 
 9.23   -06 1.15   +01                                            1234400200122 
 9.40   -06 1.10   +01                                            1234400200123 
 9.58   -06 1.04   +01                                            1234400200124 
 9.76   -06 9.90   +00                                            1234400200125 
 9.94   -06 9.30   +00                                            1234400200126 
 1.01   -05 1.04   +01                                            1234400200127 
 1.02   -05 1.37   +01                                            1234400200128 
 1.03   -05 1.63   +01                                            1234400200129 
 1.04   -05 2.01   +01                                            1234400200130 
 1.05   -05 1.90   +01                                            1234400200131 
 1.07   -05 1.68   +01                                            1234400200132 
 1.09   -05 1.36   +01                                            1234400200133 
 1.11   -05 1.44   +01                                            1234400200134 
 1.13   -05 1.33   +01                                            1234400200135 
 1.15   -05 1.27   +01                                            1234400200136 
 1.18   -05 1.19   +01                                            1234400200137 
 1.20   -05 1.23   +01                                            1234400200138 
 1.23   -05 1.04   +01                                            1234400200139 
 1.26   -05 1.41   +01                                            1234400200140 
 1.28   -05 1.82   +01                                            1234400200141 
 1.28   -05 1.74   +01                                            1234400200142 
 1.29   -05 1.82   +01                                            1234400200143 
 1.31   -05 1.46   +01                                            1234400200144 
 1.33   -05 1.44   +01                                            1234400200145 
 1.34   -05 1.29   +01                                            1234400200146 
 1.36   -05 1.44   +01                                            1234400200147 
 1.37   -05 1.58   +01                                            1234400200148 
 1.38   -05 1.62   +01                                            1234400200149 
 1.40   -05 1.40   +01                                            1234400200150 
 1.43   -05 1.24   +01                                            1234400200151 
 1.47   -05 1.08   +01                                            1234400200152 
 1.49   -05 1.16   +01                                            1234400200153 
 1.51   -05 1.26   +01                                            1234400200154 
 1.55   -05 1.60   +01                                            1234400200155 
 1.55   -05 1.46   +01                                            1234400200156 
 1.57   -05 1.28   +01                                            1234400200157 
 1.59   -05 1.35   +01                                            1234400200158 
 1.61   -05 1.37   +01                                            1234400200159 
 1.63   -05 1.32   +01                                            1234400200160 
 1.65   -05 1.38   +01                                            1234400200161 
 1.67   -05 1.60   +01                                            1234400200162 
 1.69   -05 1.43   +01                                            1234400200163 
 1.71   -05 1.24   +01                                            1234400200164 
 1.74   -05 1.20   +01                                            1234400200165 
 1.76   -05 1.28   +01                                            1234400200166 
 1.78   -05 1.28   +01                                            1234400200167 
 1.80   -05 1.12   +01                                            1234400200168 
 1.83   -05 1.18   +01                                            1234400200169 
 1.85   -05 1.17   +01                                            1234400200170 
 1.87   -05 1.29   +01                                            1234400200171 
 1.90   -05 1.56   +01                                            1234400200172 
 1.92   -05 1.57   +01                                            1234400200173 
 1.95   -05 1.49   +01                                            1234400200174 
 1.98   -05 1.42   +01                                            1234400200175 
 2.00   -05 1.20   +01                                            1234400200176 
 2.16   -05 1.42   +01                                            1234400200177 
 2.19   -05 1.53   +01                                            1234400200178 
 2.22   -05 1.87   +01                                            1234400200179 
 2.26   -05 2.11   +01                                            1234400200180 
 2.29   -05 1.98   +01                                            1234400200181 
 2.32   -05 1.98   +01                                            1234400200182 
 2.36   -05 1.78   +01                                            1234400200183 
 2.39   -05 1.67   +01                                            1234400200184 
 2.43   -05 1.72   +01                                            1234400200185 
 2.46   -05 1.72   +01                                            1234400200186 
 2.50   -05 1.54   +01                                            1234400200187 
 2.53   -05 1.57   +01                                            1234400200188 
 2.55   -05 1.83   +01                                            1234400200189 
 2.57   -05 1.87   +01                                            1234400200190 
 2.59   -05 1.76   +01                                            1234400200191 
 2.62   -05 1.50   +01                                            1234400200192 
 2.66   -05 1.43   +01                                            1234400200193 
 2.70   -05 1.64   +01                                            1234400200194 
 2.74   -05 1.58   +01                                            1234400200195 
 2.79   -05 1.54   +01                                            1234400200196 
 2.83   -05 1.48   +01                                            1234400200197 
 2.88   -05 1.68   +01                                            1234400200198 
 2.92   -05 1.61   +01                                            1234400200199 
 2.93   -05 1.78   +01                                            1234400200200 
 3.03   -05 1.54   +01                                            1234400200201 
 3.08   -05 1.88   +01                                            1234400200202 
 3.13   -05 1.85   +01                                            1234400200203 
ENDDATA            194          0                                 1234400200204 
ENDSUBENT          203          0                                 1234400299999 
SUBENT        12344003   19860407                             00001234400300001 
BIB                  4          4                                 1234400300002 
REACTION   (92-U-235(N,EL)92-U-235,,SIG)                          1234400300003 
METHOD             4 PI NEUTRON SOURCE TECHNIQUE                  1234400300004 
SAMPLE     93.0 PER-CENT U-235.                                   1234400300005 
CORRECTION NOT CORRECTED FOR PRESENCE OF U-234 AND U-238.         1234400300006 
ENDBIB               4          0                                 1234400300007 
NOCOMMON             0          0                                 1234400300008 
DATA                 2        234                                 1234400300009 
EN         DATA                                                   1234400300010 
MEV        B                                                      1234400300011 
 1.030  -06 1.410  +01                                            1234400300012 
 1.060  -06 1.550  +01                                            1234400300013 
 1.150  -06 1.430  +01                                            1234400300014 
 1.180  -06 1.590  +01                                            1234400300015 
 1.270  -06 1.450  +01                                            1234400300016 
 1.310  -06 1.570  +01                                            1234400300017 
 1.430  -06 1.440  +01                                            1234400300018 
 1.470  -06 1.460  +01                                            1234400300019 
 1.580  -06 1.360  +01                                            1234400300020 
 1.610  -06 1.520  +01                                            1234400300021 
 1.690  -06 1.460  +01                                            1234400300022 
 1.720  -06 1.430  +01                                            1234400300023 
 1.800  -06 1.260  +01                                            1234400300024 
 1.830  -06 1.490  +01                                            1234400300025 
 1.920  -06 1.370  +01                                            1234400300026 
 1.950  -06 1.420  +01                                            1234400300027 
 2.060  -06 1.360  +01                                            1234400300028 
 2.100  -06 1.450  +01                                            1234400300029 
 2.210  -06 1.380  +01                                            1234400300030 
 2.250  -06 1.350  +01                                            1234400300031 
 2.380  -06 1.370  +01                                            1234400300032 
 2.430  -06 1.430  +01                                            1234400300033 
 2.570  -06 1.310  +01                                            1234400300034 
 2.620  -06 1.320  +01                                            1234400300035 
 2.780  -06 1.290  +01                                            1234400300036 
 2.840  -06 1.310  +01                                            1234400300037 
 3.000  -06 1.270  +01                                            1234400300038 
 3.020  -06 1.300  +01                                            1234400300039 
 3.120  -06 1.400  +01                                            1234400300040 
 3.150  -06 1.260  +01                                            1234400300041 
 3.260  -06 1.350  +01                                            1234400300042 
 3.290  -06 1.350  +01                                            1234400300043 
 3.410  -06 1.180  +01                                            1234400300044 
 3.440  -06 1.330  +01                                            1234400300045 
 3.560  -06 1.280  +01                                            1234400300046 
 3.600  -06 1.400  +01                                            1234400300047 
 3.730  -06 1.490  +01                                            1234400300048 
 3.780  -06 1.400  +01                                            1234400300049 
 3.920  -06 1.230  +01                                            1234400300050 
 3.960  -06 1.280  +01                                            1234400300051 
 4.110  -06 1.200  +01                                            1234400300052 
 4.160  -06 1.230  +01                                            1234400300053 
 4.320  -06 1.150  +01                                            1234400300054 
 4.380  -06 1.220  +01                                            1234400300055 
 4.550  -06 1.210  +01                                            1234400300056 
 4.610  -06 1.290  +01                                            1234400300057 
 4.800  -06 1.130  +01                                            1234400300058 
 4.860  -06 1.250  +01                                            1234400300059 
 5.590  -06 1.111  +01                                            1234400300060 
 5.630  -06 1.140  +01                                            1234400300061 
 5.750  -06 1.120  +01                                            1234400300062 
 5.790  -06 1.050  +01                                            1234400300063 
 5.920  -06 1.040  +01                                            1234400300064 
 5.970  -06 1.050  +01                                            1234400300065 
 6.100  -06 1.000  +01                                            1234400300066 
 6.150  -06 1.110  +01                                            1234400300067 
 6.290  -06 1.050  +01                                            1234400300068 
 6.960  -06 9.600  +00                                            1234400300069 
 7.020  -06 1.190  +01                                            1234400300070 
 7.070  -06 1.230  +01                                            1234400300071 
 7.130  -06 1.370  +01                                            1234400300072 
 7.180  -06 1.300  +01                                            1234400300073 
 7.250  -06 1.150  +01                                            1234400300074 
 7.310  -06 1.090  +01                                            1234400300075 
 7.370  -06 1.010  +01                                            1234400300076 
 7.430  -06 1.040  +01                                            1234400300077 
 7.490  -06 1.030  +01                                            1234400300078 
 7.550  -06 1.050  +01                                            1234400300079 
 7.620  -06 1.080  +01                                            1234400300080 
 7.690  -06 1.080  +01                                            1234400300081 
 7.760  -06 1.030  +01                                            1234400300082 
 7.820  -06 1.010  +01                                            1234400300083 
 7.880  -06 1.030  +01                                            1234400300084 
 7.950  -06 9.300  +00                                            1234400300085 
 8.020  -06 9.700  +00                                            1234400300086 
 8.090  -06 9.500  +00                                            1234400300087 
 8.160  -06 9.700  +00                                            1234400300088 
 8.230  -06 8.700  +00                                            1234400300089 
 8.300  -06 8.400  +00                                            1234400300090 
 8.380  -06 8.200  +00                                            1234400300091 
 8.450  -06 8.800  +00                                            1234400300092 
 8.530  -06 7.900  +00                                            1234400300093 
 8.600  -06 8.500  +00                                            1234400300094 
 8.680  -06 1.070  +01                                            1234400300095 
 8.710  -06 1.260  +01                                            1234400300096 
 8.790  -06 2.060  +01                                            1234400300097 
 8.880  -06 2.050  +01                                            1234400300098 
 8.960  -06 1.620  +01                                            1234400300099 
 8.960  -06 1.640  +01                                            1234400300100 
 9.040  -06 1.300  +01                                            1234400300101 
 9.040  -06 1.250  +01                                            1234400300102 
 9.130  -06 1.160  +01                                            1234400300103 
 9.130  -06 1.170  +01                                            1234400300104 
 9.210  -06 1.320  +01                                            1234400300105 
 9.210  -06 1.340  +01                                            1234400300106 
 9.290  -06 1.150  +01                                            1234400300107 
 9.290  -06 1.440  +01                                            1234400300108 
 9.380  -06 1.220  +01                                            1234400300109 
 9.380  -06 1.230  +01                                            1234400300110 
 9.480  -06 1.210  +01                                            1234400300111 
 9.530  -06 1.110  +01                                            1234400300112 
 9.620  -06 1.170  +01                                            1234400300113 
 9.700  -06 1.120  +01                                            1234400300114 
 9.790  -06 1.090  +01                                            1234400300115 
 9.880  -06 1.090  +01                                            1234400300116 
 9.970  -06 1.130  +01                                            1234400300117 
 1.006  -05 1.040  +01                                            1234400300118 
 1.015  -05 1.170  +01                                            1234400300119 
 1.024  -05 1.090  +01                                            1234400300120 
 1.034  -05 1.190  +01                                            1234400300121 
 1.044  -05 1.040  +01                                            1234400300122 
 1.054  -05 1.110  +01                                            1234400300123 
 1.064  -05 9.600  +00                                            1234400300124 
 1.074  -05 8.500  +00                                            1234400300125 
 1.079  -05 1.010  +01                                            1234400300126 
 1.104  -05 1.020  +01                                            1234400300127 
 1.114  -05 9.100  +00                                            1234400300128 
 1.124  -05 8.500  +00                                            1234400300129 
 1.135  -05 8.700  +00                                            1234400300130 
 1.145  -05 8.100  +00                                            1234400300131 
 1.155  -05 9.100  +00                                            1234400300132 
 1.170  -05 1.310  +01                                            1234400300133 
 1.185  -05 1.210  +01                                            1234400300134 
 1.195  -05 1.000  +01                                            1234400300135 
 1.205  -05 8.800  +00                                            1234400300136 
 1.220  -05 1.390  +01                                            1234400300137 
 1.235  -05 1.680  +01                                            1234400300138 
 1.246  -05 2.270  +01                                            1234400300139 
 1.250  -05 2.000  +01                                            1234400300140 
 1.261  -05 1.640  +01                                            1234400300141 
 1.276  -05 1.240  +01                                            1234400300142 
 1.286  -05 1.030  +01                                            1234400300143 
 1.301  -05 1.170  +01                                            1234400300144 
 1.316  -05 1.000  +01                                            1234400300145 
 1.331  -05 1.120  +01                                            1234400300146 
 1.346  -05 1.030  +01                                            1234400300147 
 1.362  -05 1.070  +01                                            1234400300148 
 1.377  -05 1.040  +01                                            1234400300149 
 1.392  -05 1.070  +01                                            1234400300150 
 1.412  -05 1.170  +01                                            1234400300151 
 1.427  -05 1.140  +01                                            1234400300152 
 1.442  -05 9.900  +00                                            1234400300153 
 1.457  -05 1.180  +01                                            1234400300154 
 1.472  -05 9.200  +00                                            1234400300155 
 1.493  -05 1.090  +01                                            1234400300156 
 1.513  -05 9.300  +00                                            1234400300157 
 1.533  -05 1.070  +01                                            1234400300158 
 1.548  -05 1.070  +01                                            1234400300159 
 1.563  -05 1.270  +01                                            1234400300160 
 1.578  -05 1.030  +01                                            1234400300161 
 1.588  -05 9.800  +00                                            1234400300162 
 1.598  -05 8.700  +00                                            1234400300163 
 1.609  -05 9.800  +00                                            1234400300164 
 1.619  -05 1.120  +01                                            1234400300165 
 1.624  -05 1.290  +01                                            1234400300166 
 1.639  -05 1.010  +01                                            1234400300167 
 1.649  -05 1.000  +01                                            1234400300168 
 1.659  -05 9.300  +00                                            1234400300169 
 1.669  -05 1.060  +01                                            1234400300170 
 1.679  -05 9.900  +00                                            1234400300171 
 1.689  -05 9.400  +00                                            1234400300172 
 1.704  -05 9.000  +00                                            1234400300173 
 1.720  -05 1.080  +01                                            1234400300174 
 1.730  -05 1.040  +01                                            1234400300175 
 1.740  -05 8.700  +00                                            1234400300176 
 1.750  -05 8.900  +00                                            1234400300177 
 1.760  -05 9.200  +00                                            1234400300178 
 1.770  -05 8.200  +00                                            1234400300179 
 1.780  -05 8.500  +00                                            1234400300180 
 1.790  -05 7.700  +00                                            1234400300181 
 1.805  -05 9.600  +00                                            1234400300182 
 1.820  -05 8.100  +00                                            1234400300183 
 1.830  -05 9.000  +00                                            1234400300184 
 1.841  -05 7.900  +00                                            1234400300185 
 1.851  -05 9.400  +00                                            1234400300186 
 1.861  -05 7.200  +00                                            1234400300187 
 1.876  -05 9.800  +00                                            1234400300188 
 1.891  -05 9.300  +00                                            1234400300189 
 1.901  -05 9.300  +00                                            1234400300190 
 1.911  -05 1.300  +01                                            1234400300191 
 1.916  -05 1.800  +01                                            1234400300192 
 1.936  -05 2.630  +01                                            1234400300193 
 1.936  -05 2.720  +01                                            1234400300194 
 1.946  -05 2.360  +01                                            1234400300195 
 1.946  -05 2.780  +01                                            1234400300196 
 1.957  -05 1.740  +01                                            1234400300197 
 1.957  -05 1.710  +01                                            1234400300198 
 1.977  -05 1.590  +01                                            1234400300199 
 1.982  -05 1.400  +01                                            1234400300200 
 1.992  -05 1.210  +01                                            1234400300201 
 2.007  -05 1.460  +01                                            1234400300202 
 2.168  -05 1.220  +01                                            1234400300203 
 2.183  -05 1.320  +01                                            1234400300204 
 2.199  -05 1.250  +01                                            1234400300205 
 2.214  -05 1.200  +01                                            1234400300206 
 2.229  -05 1.170  +01                                            1234400300207 
 2.244  -05 1.080  +01                                            1234400300208 
 2.259  -05 1.030  +01                                            1234400300209 
 2.279  -05 9.400  +00                                            1234400300210 
 2.294  -05 9.300  +00                                            1234400300211 
 2.310  -05 1.030  +01                                            1234400300212 
 2.330  -05 1.110  +01                                            1234400300213 
 2.345  -05 1.230  +01                                            1234400300214 
 2.360  -05 1.240  +01                                            1234400300215 
 2.380  -05 1.330  +01                                            1234400300216 
 2.400  -05 9.600  +00                                            1234400300217 
 2.415  -05 1.210  +01                                            1234400300218 
 2.430  -05 1.010  +01                                            1234400300219 
 2.451  -05 1.240  +01                                            1234400300220 
 2.471  -05 9.500  +00                                            1234400300221 
 2.491  -05 1.100  +01                                            1234400300222 
 2.511  -05 1.100  +01                                            1234400300223 
 2.531  -05 1.170  +01                                            1234400300224 
 2.551  -05 1.030  +01                                            1234400300225 
 2.572  -05 1.240  +01                                            1234400300226 
 2.592  -05 1.110  +01                                            1234400300227 
 2.612  -05 1.170  +01                                            1234400300228 
 2.632  -05 1.040  +01                                            1234400300229 
 2.652  -05 1.050  +01                                            1234400300230 
 2.673  -05 1.030  +01                                            1234400300231 
 2.693  -05 1.300  +01                                            1234400300232 
 2.713  -05 8.400  +00                                            1234400300233 
 2.733  -05 1.000  +01                                            1234400300234 
 2.753  -05 8.000  +00                                            1234400300235 
 2.778  -05 1.290  +01                                            1234400300236 
 2.804  -05 9.000  +00                                            1234400300237 
 2.824  -05 1.160  +01                                            1234400300238 
 2.844  -05 1.060  +01                                            1234400300239 
 2.869  -05 9.800  +00                                            1234400300240 
 2.894  -05 1.060  +01                                            1234400300241 
 2.915  -05 9.000  +00                                            1234400300242 
 2.940  -05 1.010  +01                                            1234400300243 
 2.965  -05 1.060  +01                                            1234400300244 
 2.990  -05 9.300  +00                                            1234400300245 
ENDDATA            236          0                                 1234400300246 
ENDSUBENT          245          0                                 1234400399999 
SUBENT        12344004   19820519                             00001234400400001 
BIB                  3          3                                 1234400400002 
REACTION   (94-PU-241(N,EL)94-PU-241,,SIG)                        1234400400003 
SAMPLE     SAMPLE 85.7PERCENT PU241.                              1234400400004 
CORRECTION NOT CORRECTED FOR PRESENCE OF OTHER ISOTOPES.          1234400400005 
ENDBIB               3          0                                 1234400400006 
NOCOMMON             0          0                                 1234400400007 
DATA                 2        299                                 1234400400008 
EN         DATA                                                   1234400400009 
MEV        B                                                      1234400400010 
 3.04   -06 1.41   +01                                            1234400400011 
 3.07   -06 1.43   +01                                            1234400400012 
 3.10   -06 1.41   +01                                            1234400400013 
 3.14   -06 1.36   +01                                            1234400400014 
 3.17   -06 1.35   +01                                            1234400400015 
 3.20   -06 1.32   +01                                            1234400400016 
 3.24   -06 1.26   +01                                            1234400400017 
 3.27   -06 1.39   +01                                            1234400400018 
 3.31   -06 1.32   +01                                            1234400400019 
 3.35   -06 1.35   +01                                            1234400400020 
 3.38   -06 1.30   +01                                            1234400400021 
 3.42   -06 1.38   +01                                            1234400400022 
 3.46   -06 1.34   +01                                            1234400400023 
 3.50   -06 1.28   +01                                            1234400400024 
 3.54   -06 1.34   +01                                            1234400400025 
 3.58   -06 1.26   +01                                            1234400400026 
 3.62   -06 1.22   +01                                            1234400400027 
 3.66   -06 1.33   +01                                            1234400400028 
 3.70   -06 1.24   +01                                            1234400400029 
 3.75   -06 1.17   +01                                            1234400400030 
 3.79   -06 1.23   +01                                            1234400400031 
 3.84   -06 1.21   +01                                            1234400400032 
 3.88   -06 1.09   +01                                            1234400400033 
 3.93   -06 1.18   +01                                            1234400400034 
 3.97   -06 1.10   +01                                            1234400400035 
 4.02   -06 1.20   +01                                            1234400400036 
 4.06   -06 1.14   +01                                            1234400400037 
 4.08   -06 1.15   +01                                            1234400400038 
 4.11   -06 1.25   +01                                            1234400400039 
 4.14   -06 1.21   +01                                            1234400400040 
 4.16   -06 1.31   +01                                            1234400400041 
 4.18   -06 1.30   +01                                            1234400400042 
 4.21   -06 1.52   +01                                            1234400400043 
 4.24   -06 1.90   +01                                            1234400400044 
 4.27   -06 2.41   +01                                            1234400400045 
 4.29   -06 1.69   +01                                            1234400400046 
 4.30   -06 2.61   +01                                            1234400400047 
 4.33   -06 2.81   +01                                            1234400400048 
 4.35   -06 2.61   +01                                            1234400400049 
 4.38   -06 2.51   +01                                            1234400400050 
 4.41   -06 2.25   +01                                            1234400400051 
 4.44   -06 2.02   +01                                            1234400400052 
 4.46   -06 1.98   +01                                            1234400400053 
 4.49   -06 2.19   +01                                            1234400400054 
 4.52   -06 1.83   +01                                            1234400400055 
 4.55   -06 1.95   +01                                            1234400400056 
 4.58   -06 1.98   +01                                            1234400400057 
 4.61   -06 1.95   +01                                            1234400400058 
 4.64   -06 1.85   +01                                            1234400400059 
 4.67   -06 1.86   +01                                            1234400400060 
 4.70   -06 1.72   +01                                            1234400400061 
 4.73   -06 1.78   +01                                            1234400400062 
 4.76   -06 1.66   +01                                            1234400400063 
 4.82   -06 1.61   +01                                            1234400400064 
 4.86   -06 1.52   +01                                            1234400400065 
 4.89   -06 1.46   +01                                            1234400400066 
 4.92   -06 1.70   +01                                            1234400400067 
 4.95   -06 1.43   +01                                            1234400400068 
 4.99   -06 1.57   +01                                            1234400400069 
 5.03   -06 1.42   +01                                            1234400400070 
 5.06   -06 1.33   +01                                            1234400400071 
 5.09   -06 1.48   +01                                            1234400400072 
 5.12   -06 1.33   +01                                            1234400400073 
 5.16   -06 1.41   +01                                            1234400400074 
 5.20   -06 1.40   +01                                            1234400400075 
 5.23   -06 1.42   +01                                            1234400400076 
 5.62   -06 1.32   +01                                            1234400400077 
 5.66   -06 1.28   +01                                            1234400400078 
 5.70   -06 1.55   +01                                            1234400400079 
 5.74   -06 1.22   +01                                            1234400400080 
 5.78   -06 1.44   +01                                            1234400400081 
 5.83   -06 1.35   +01                                            1234400400082 
 5.87   -06 1.53   +01                                            1234400400083 
 5.91   -06 1.30   +01                                            1234400400084 
 5.95   -06 1.31   +01                                            1234400400085 
 6.00   -06 1.47   +01                                            1234400400086 
 6.04   -06 1.42   +01                                            1234400400087 
 6.09   -06 1.52   +01                                            1234400400088 
 6.13   -06 1.52   +01                                            1234400400089 
 6.18   -06 1.51   +01                                            1234400400090 
 6.22   -06 1.49   +01                                            1234400400091 
 6.27   -06 1.50   +01                                            1234400400092 
 6.32   -06 1.51   +01                                            1234400400093 
 6.37   -06 1.45   +01                                            1234400400094 
 6.42   -06 1.66   +01                                            1234400400095 
 6.46   -06 1.42   +01                                            1234400400096 
 6.51   -06 1.40   +01                                            1234400400097 
 6.56   -06 1.49   +01                                            1234400400098 
 6.62   -06 1.51   +01                                            1234400400099 
 6.67   -06 1.39   +01                                            1234400400100 
 6.73   -06 1.38   +01                                            1234400400101 
 6.78   -06 1.42   +01                                            1234400400102 
 6.83   -06 1.60   +01                                            1234400400103 
 6.89   -06 1.66   +01                                            1234400400104 
 6.94   -06 1.78   +01                                            1234400400105 
 7.00   -06 1.82   +01                                            1234400400106 
 7.05   -06 2.00   +01                                            1234400400107 
 7.11   -06 1.98   +01                                            1234400400108 
 7.17   -06 1.88   +01                                            1234400400109 
 7.23   -06 1.86   +01                                            1234400400110 
 7.28   -06 1.74   +01                                            1234400400111 
 7.34   -06 1.71   +01                                            1234400400112 
 7.40   -06 1.71   +01                                            1234400400113 
 7.47   -06 1.65   +01                                            1234400400114 
 7.53   -06 1.57   +01                                            1234400400115 
 7.59   -06 1.44   +01                                            1234400400116 
 7.67   -06 1.57   +01                                            1234400400117 
 7.72   -06 1.46   +01                                            1234400400118 
 7.78   -06 1.45   +01                                            1234400400119 
 7.85   -06 1.49   +01                                            1234400400120 
 7.92   -06 1.37   +01                                            1234400400121 
 7.99   -06 1.36   +01                                            1234400400122 
 8.06   -06 1.38   +01                                            1234400400123 
 8.13   -06 1.33   +01                                            1234400400124 
 8.20   -06 1.44   +01                                            1234400400125 
 8.27   -06 1.32   +01                                            1234400400126 
 8.34   -06 1.33   +01                                            1234400400127 
 8.41   -06 1.21   +01                                            1234400400128 
 8.49   -06 1.37   +01                                            1234400400129 
 8.56   -06 1.86   +01                                            1234400400130 
 8.64   -06 2.10   +01                                            1234400400131 
 8.71   -06 2.05   +01                                            1234400400132 
 8.79   -06 1.77   +01                                            1234400400133 
 8.87   -06 1.80   +01                                            1234400400134 
 8.95   -06 1.63   +01                                            1234400400135 
 9.03   -06 1.52   +01                                            1234400400136 
 9.12   -06 1.67   +01                                            1234400400137 
 9.21   -06 1.63   +01                                            1234400400138 
 9.29   -06 1.35   +01                                            1234400400139 
 9.38   -06 1.56   +01                                            1234400400140 
 9.46   -06 1.52   +01                                            1234400400141 
 9.55   -06 1.44   +01                                            1234400400142 
 9.64   -06 1.45   +01                                            1234400400143 
 9.73   -06 1.44   +01                                            1234400400144 
 1.00   -05 1.56   +01                                            1234400400145 
 1.01   -05 1.55   +01                                            1234400400146 
 1.02   -05 1.69   +01                                            1234400400147 
 1.03   -05 1.62   +01                                            1234400400148 
 1.04   -05 1.57   +01                                            1234400400149 
 1.05   -05 1.64   +01                                            1234400400150 
 1.06   -05 1.63   +01                                            1234400400151 
 1.07   -05 1.52   +01                                            1234400400152 
 1.08   -05 1.35   +01                                            1234400400153 
 1.09   -05 1.45   +01                                            1234400400154 
 1.11   -05 1.57   +01                                            1234400400155 
 1.12   -05 1.42   +01                                            1234400400156 
 1.13   -05 1.43   +01                                            1234400400157 
 1.14   -05 1.42   +01                                            1234400400158 
 1.15   -05 1.42   +01                                            1234400400159 
 1.16   -05 1.19   +01                                            1234400400160 
 1.18   -05 1.19   +01                                            1234400400161 
 1.19   -05 1.33   +01                                            1234400400162 
 1.20   -05 1.25   +01                                            1234400400163 
 1.21   -05 1.13   +01                                            1234400400164 
 1.23   -05 1.06   +01                                            1234400400165 
 1.24   -05 1.13   +01                                            1234400400166 
 1.25   -05 1.12   +01                                            1234400400167 
 1.26   -05 1.00   +01                                            1234400400168 
 1.28   -05 1.11   +01                                            1234400400169 
 1.29   -05 1.20   +01                                            1234400400170 
 1.30   -05 1.26   +01                                            1234400400171 
 1.31   -05 1.54   +01                                            1234400400172 
 1.32   -05 1.91   +01                                            1234400400173 
 1.33   -05 4.11   +01                                            1234400400174 
 1.33   -05 2.76   +01                                            1234400400175 
 1.34   -05 5.41   +01                                            1234400400176 
 1.35   -05 3.10   +01                                            1234400400177 
 1.35   -05 4.71   +01                                            1234400400178 
 1.36   -05 2.36   +01                                            1234400400179 
 1.37   -05 1.63   +01                                            1234400400180 
 1.38   -05 1.36   +01                                            1234400400181 
 1.39   -05 1.32   +01                                            1234400400182 
 1.42   -05 1.16   +01                                            1234400400183 
 1.43   -05 1.12   +01                                            1234400400184 
 1.44   -05 1.58   +01                                            1234400400185 
 1.44   -05 1.22   +01                                            1234400400186 
 1.45   -05 2.13   +01                                            1234400400187 
 1.46   -05 3.32   +01                                            1234400400188 
 1.47   -05 6.97   +01                                            1234400400189 
 1.47   -05 6.31   +01                                            1234400400190 
 1.48   -05 6.90   +01                                            1234400400191 
 1.48   -05 7.07   +01                                            1234400400192 
 1.48   -05 8.05   +01                                            1234400400193 
 1.49   -05 5.27   +01                                            1234400400194 
 1.49   -05 6.25   +01                                            1234400400195 
 1.50   -05 3.40   +01                                            1234400400196 
 1.51   -05 2.67   +01                                            1234400400197 
 1.52   -05 2.41   +01                                            1234400400198 
 1.53   -05 2.30   +01                                            1234400400199 
 1.54   -05 2.21   +01                                            1234400400200 
 1.55   -05 2.05   +01                                            1234400400201 
 1.56   -05 1.93   +01                                            1234400400202 
 1.57   -05 1.88   +01                                            1234400400203 
 1.58   -05 1.77   +01                                            1234400400204 
 1.59   -05 2.10   +01                                            1234400400205 
 1.60   -05 1.88   +01                                            1234400400206 
 1.61   -05 1.90   +01                                            1234400400207 
 1.62   -05 1.88   +01                                            1234400400208 
 1.62   -05 1.97   +01                                            1234400400209 
 1.63   -05 1.92   +01                                            1234400400210 
 1.65   -05 1.95   +01                                            1234400400211 
 1.66   -05 2.09   +01                                            1234400400212 
 1.67   -05 1.86   +01                                            1234400400213 
 1.68   -05 2.01   +01                                            1234400400214 
 1.69   -05 1.93   +01                                            1234400400215 
 1.70   -05 2.11   +01                                            1234400400216 
 1.71   -05 1.80   +01                                            1234400400217 
 1.72   -05 1.63   +01                                            1234400400218 
 1.73   -05 1.66   +01                                            1234400400219 
 1.74   -05 1.59   +01                                            1234400400220 
 1.75   -05 1.90   +01                                            1234400400221 
 1.76   -05 2.66   +01                                            1234400400222 
 1.77   -05 3.93   +01                                            1234400400223 
 1.78   -05 6.12   +01                                            1234400400224 
 1.78   -05 4.40   +01                                            1234400400225 
 1.79   -05 5.55   +01                                            1234400400226 
 1.80   -05 4.94   +01                                            1234400400227 
 1.80   -05 5.54   +01                                            1234400400228 
 1.81   -05 2.79   +01                                            1234400400229 
 1.82   -05 2.52   +01                                            1234400400230 
 1.83   -05 2.45   +01                                            1234400400231 
 1.84   -05 2.14   +01                                            1234400400232 
 1.86   -05 2.11   +01                                            1234400400233 
 1.87   -05 1.89   +01                                            1234400400234 
 1.88   -05 1.85   +01                                            1234400400235 
 1.89   -05 1.88   +01                                            1234400400236 
 1.90   -05 1.85   +01                                            1234400400237 
 1.92   -05 1.83   +01                                            1234400400238 
 1.93   -05 1.59   +01                                            1234400400239 
 1.94   -05 1.63   +01                                            1234400400240 
 1.96   -05 1.66   +01                                            1234400400241 
 1.97   -05 1.68   +01                                            1234400400242 
 1.98   -05 1.73   +01                                            1234400400243 
 2.00   -05 1.69   +01                                            1234400400244 
 2.01   -05 1.66   +01                                            1234400400245 
 2.02   -05 1.74   +01                                            1234400400246 
 2.04   -05 1.75   +01                                            1234400400247 
 2.05   -05 1.69   +01                                            1234400400248 
 2.07   -05 1.77   +01                                            1234400400249 
 2.08   -05 1.80   +01                                            1234400400250 
 2.09   -05 1.72   +01                                            1234400400251 
 2.10   -05 1.64   +01                                            1234400400252 
 2.12   -05 1.65   +01                                            1234400400253 
 2.14   -05 1.65   +01                                            1234400400254 
 2.15   -05 1.51   +01                                            1234400400255 
 2.17   -05 1.57   +01                                            1234400400256 
 2.18   -05 1.61   +01                                            1234400400257 
 2.20   -05 1.63   +01                                            1234400400258 
 2.21   -05 1.40   +01                                            1234400400259 
 2.23   -05 1.51   +01                                            1234400400260 
 2.25   -05 1.38   +01                                            1234400400261 
 2.26   -05 1.42   +01                                            1234400400262 
 2.28   -05 1.55   +01                                            1234400400263 
 2.30   -05 1.57   +01                                            1234400400264 
 2.31   -05 1.65   +01                                            1234400400265 
 2.33   -05 1.52   +01                                            1234400400266 
 2.35   -05 1.47   +01                                            1234400400267 
 2.36   -05 1.48   +01                                            1234400400268 
 2.38   -05 1.67   +01                                            1234400400269 
 2.40   -05 1.94   +01                                            1234400400270 
 2.42   -05 2.04   +01                                            1234400400271 
 2.43   -05 1.79   +01                                            1234400400272 
 2.45   -05 1.84   +01                                            1234400400273 
 2.47   -05 1.63   +01                                            1234400400274 
 2.49   -05 1.68   +01                                            1234400400275 
 2.51   -05 1.45   +01                                            1234400400276 
 2.53   -05 1.39   +01                                            1234400400277 
 2.55   -05 1.37   +01                                            1234400400278 
 2.57   -05 1.38   +01                                            1234400400279 
 2.59   -05 1.27   +01                                            1234400400280 
 2.61   -05 1.49   +01                                            1234400400281 
 2.63   -05 2.13   +01                                            1234400400282 
 2.65   -05 2.35   +01                                            1234400400283 
 2.67   -05 2.19   +01                                            1234400400284 
 2.69   -05 1.99   +01                                            1234400400285 
 2.71   -05 1.85   +01                                            1234400400286 
 2.73   -05 1.81   +01                                            1234400400287 
 2.75   -05 1.76   +01                                            1234400400288 
 2.78   -05 1.58   +01                                            1234400400289 
 2.80   -05 1.62   +01                                            1234400400290 
 2.82   -05 1.55   +01                                            1234400400291 
 2.84   -05 1.52   +01                                            1234400400292 
 2.87   -05 1.79   +01                                            1234400400293 
 2.89   -05 1.98   +01                                            1234400400294 
 2.91   -05 2.20   +01                                            1234400400295 
 2.94   -05 2.11   +01                                            1234400400296 
 2.96   -05 2.10   +01                                            1234400400297 
 2.99   -05 1.95   +01                                            1234400400298 
 3.01   -05 1.75   +01                                            1234400400299 
 3.04   -05 1.68   +01                                            1234400400300 
 3.06   -05 1.67   +01                                            1234400400301 
 3.09   -05 2.07   +01                                            1234400400302 
 3.11   -05 2.15   +01                                            1234400400303 
 3.14   -05 1.98   +01                                            1234400400304 
 3.17   -05 2.06   +01                                            1234400400305 
 3.19   -05 1.82   +01                                            1234400400306 
 3.22   -05 1.72   +01                                            1234400400307 
 3.25   -05 1.67   +01                                            1234400400308 
 3.28   -05 1.64   +01                                            1234400400309 
ENDDATA            301          0                                 1234400400310 
ENDSUBENT          309          0                                 1234400499999 
SUBENT        12344005   19820519                             00001234400500001 
BIB                  2          6                                 1234400500002 
REACTION  1(92-U-233(N,0),,EN)                                    1234400500003 
          2(92-U-233(N,TOT),,WID,,RM)                             1234400500004 
          3((92-U-233(N,EL),,WID,,RM/G)*                          1234400500005 
           (92-U-233(N,G),,WID,,RM))                              1234400500006 
          4(92-U-233(N,EL),,WID,,RM/SQ/G)                         1234400500007 
ANALYSIS   (MLA) MULTILEVEL ANALYSIS                              1234400500008 
ENDBIB               6          0                                 1234400500009 
NOCOMMON             0          0                                 1234400500010 
DATA                 4         30                                 1234400500011 
DATA      1DATA      2DATA      3DATA      4                      1234400500012 
EV         MILLI-EV   EV-SQ      EV-SQ                            1234400500013 
  1.59       645.        3.9  -06 0.0051 -06                      1234400500014 
  1.74       255.        6.6  -06 0.15   -06                      1234400500015 
  2.29        95.        4.1  -06 0.063  -06                      1234400500016 
  3.61       180.        2.8  -06 0.046  -06                      1234400500017 
  4.72       995.        8.7  -06 0.31   -06                      1234400500018 
  5.77       300.        1.1  -06                                 1234400500019 
  6.77       210.       28.1  -06                                 1234400500020 
  7.46       135.        0.3  -06                                 1234400500021 
  8.67       745.        4.7  -06                                 1234400500022 
  9.17       240.        1.6  -06                                 1234400500023 
 10.30       280.       33.1  -06                                 1234400500024 
 11.30       220.        1.5  -06                                 1234400500025 
 11.81       200.        6.9  -06                                 1234400500026 
 12.74       295.       23.2  -06                                 1234400500027 
 13.54       345.        9.2  -06                                 1234400500028 
 15.28       260.       40.3  -06                                 1234400500029 
 16.14       395.       14.5  -06                                 1234400500030 
 16.49       225.       13.8  -06                                 1234400500031 
 17.91       160.        2.9  -06                                 1234400500032 
 18.41       160.        1.9  -06                                 1234400500033 
 18.90       325.       43.0  -06                                 1234400500034 
 20.57       615.       46.0  -06                                 1234400500035 
 21.81       225.       25.2  -06                                 1234400500036 
 22.35       390.       71.5  -06                                 1234400500037 
 23.62       945.       31.6  -06                                 1234400500038 
 25.20       270.       15.6  -06                                 1234400500039 
 25.72        75.        0.2  -06                                 1234400500040 
 26.53       250.       10.1  -06                                 1234400500041 
 28.76       505.       31.1  -06                                 1234400500042 
 30.76       445.       28.8  -06                                 1234400500043 
ENDDATA             32          0                                 1234400500044 
ENDSUBENT           43          0                                 1234400599999 
SUBENT        12344006   19820519                             00001234400600001 
BIB                  2          6                                 1234400600002 
REACTION  1(94-PU-241(N,0),,EN)                                   1234400600003 
          2(94-PU-241(N,0),,J)                                    1234400600004 
          3(94-PU-241(N,G),,WID,,RM)                              1234400600005 
          4(94-PU-241(N,EL),,WID,,RM)                             1234400600006 
          5(94-PU-241(N,F),1,WID,,RM)                             1234400600007 
ANALYSIS   (MLA) ONE FISSION CHANNEL MULTILEVEL ANALYSIS          1234400600008 
ENDBIB               6          0                                 1234400600009 
NOCOMMON             0          0                                 1234400600010 
DATA                 5         20                                 1234400600011 
DATA      1DATA      2DATA      3DATA      4DATA      5           1234400600012 
EV         NO-DIM     MILLI-EV   MILLI-EV   MILLI-EV              1234400600013 
  4.27        3.        39.        0.58        32.                1234400600014 
  4.57        2.        25.        0.47      -142.                1234400600015 
  5.92        2.        40.        2.87     -1330.                1234400600016 
  6.91        3.        40.        0.58      -105.                1234400600017 
  8.57        3.        30.        0.61        85.                1234400600018 
  9.50        3.        25.        0.155     -120.                1234400600019 
 10.20        2.        35.        1.85       990.                1234400600020 
 12.74        3.        40.        0.65      -250.                1234400600021 
 13.39        2.        57.        3.15       -36.                1234400600022 
 14.70        3.        35.        4.98       145.                1234400600023 
 15.98        3.        40.        1.32      -475.                1234400600024 
 16.68        2.        35.        1.63       350.                1234400600025 
 17.86        2.        80.        4.35        37.                1234400600026 
 20.63        3.        34.        0.29        59.                1234400600027 
 22.88        3.        60.        1.10      -335.                1234400600028 
 23.97        3.        60.        1.42       185.                1234400600029 
 26.30        3.        30.        3.60      -315.                1234400600030 
 28.77        2.        60.        6.40       690.                1234400600031 
 29.33        3.        35.        0.49        70.                1234400600032 
 30.90        3.        40.        2.32       320.                1234400600033 
ENDDATA             22          0                                 1234400600034 
ENDSUBENT           33          0                                 1234400699999 
ENDENTRY             6          0                                 1234499999999 
