ENTRY            12368   19820519                             00001236800000001 
SUBENT        12368001   19820519                             00001236800100001 
BIB                  6          9                                 1236800100002 
INSTITUTE  (1USAANL)                                              1236800100003 
REFERENCE  (R,ANL-7110,15,65)                                     1236800100004 
           (W,SMITH,6411) TABULATED DATA.                         1236800100005 
AUTHOR     (J.F.WHALEN,A.B.SMITH,J.W.MEADOWS)                     1236800100006 
TITLE      PRECISION DETERMINATION OF FAST NEUTRON TOTAL CROSS    1236800100007 
           SECTIONS IN THE HEAVY ELEMENTS.                        1236800100008 
STATUS     (SCSRS)                                                1236800100009 
HISTORY    (760804T) TRANSLATED FROM SCISRS                       1236800100010 
           (820519A) CONVERTED TO REACTION FORMALISM              1236800100011 
ENDBIB               9          0                                 1236800100012 
NOCOMMON             0          0                                 1236800100013 
ENDSUBENT           12          0                                 1236800199999 
SUBENT        12368002   19820519                             00001236800200001 
BIB                  1          1                                 1236800200002 
REACTION   (92-U-235(N,TOT),,SIG)                                 1236800200003 
ENDBIB               1          0                                 1236800200004 
NOCOMMON             0          0                                 1236800200005 
DATA                 2         69                                 1236800200006 
EN         DATA                                                   1236800200007 
MEV        B                                                      1236800200008 
 8.063  -01 7.280  +00                                            1236800200009 
 8.173  -01 7.070  +00                                            1236800200010 
 8.283  -01 7.215  +00                                            1236800200011 
 8.375  -01 6.810  +00                                            1236800200012 
 8.443  -01 7.370  +00                                            1236800200013 
 8.553  -01 6.745  +00                                            1236800200014 
 8.663  -01 6.570  +00                                            1236800200015 
 8.773  -01 6.900  +00                                            1236800200016 
 8.883  -01 6.905  +00                                            1236800200017 
 9.043  -01 6.745  +00                                            1236800200018 
 9.153  -01 6.595  +00                                            1236800200019 
 9.263  -01 6.765  +00                                            1236800200020 
 9.373  -01 7.210  +00                                            1236800200021 
 9.483  -01 6.940  +00                                            1236800200022 
 9.575  -01 7.050  +00                                            1236800200023 
 9.643  -01 6.525  +00                                            1236800200024 
 9.753  -01 6.825  +00                                            1236800200025 
 9.863  -01 6.665  +00                                            1236800200026 
 9.970  -01 7.120  +00                                            1236800200027 
 1.008  +00 6.770  +00                                            1236800200028 
 1.018  +00 7.170  +00                                            1236800200029 
 1.024  +00 6.870  +00                                            1236800200030 
 1.035  +00 6.520  +00                                            1236800200031 
 1.046  +00 6.710  +00                                            1236800200032 
 1.057  +00 6.715  +00                                            1236800200033 
 1.068  +00 6.870  +00                                            1236800200034 
 1.078  +00 6.190  +00                                            1236800200035 
 1.084  +00 6.325  +00                                            1236800200036 
 1.095  +00 6.740  +00                                            1236800200037 
 1.106  +00 6.415  +00                                            1236800200038 
 1.117  +00 6.215  +00                                            1236800200039 
 1.128  +00 6.805  +00                                            1236800200040 
 1.138  +00 6.200  +00                                            1236800200041 
 1.144  +00 6.510  +00                                            1236800200042 
 1.155  +00 6.460  +00                                            1236800200043 
 1.166  +00 6.730  +00                                            1236800200044 
 1.177  +00 6.590  +00                                            1236800200045 
 1.188  +00 6.970  +00                                            1236800200046 
 1.198  +00 6.460  +00                                            1236800200047 
 1.204  +00 6.775  +00                                            1236800200048 
 1.215  +00 6.345  +00                                            1236800200049 
 1.226  +00 6.760  +00                                            1236800200050 
 1.237  +00 6.260  +00                                            1236800200051 
 1.248  +00 6.380  +00                                            1236800200052 
 1.258  +00 6.920  +00                                            1236800200053 
 1.264  +00 6.095  +00                                            1236800200054 
 1.275  +00 6.595  +00                                            1236800200055 
 1.286  +00 6.690  +00                                            1236800200056 
 1.297  +00 6.675  +00                                            1236800200057 
 1.308  +00 6.475  +00                                            1236800200058 
 1.318  +00 6.500  +00                                            1236800200059 
 1.324  +00 6.765  +00                                            1236800200060 
 1.335  +00 6.545  +00                                            1236800200061 
 1.345  +00 7.010  +00                                            1236800200062 
 1.356  +00 6.405  +00                                            1236800200063 
 1.367  +00 6.295  +00                                            1236800200064 
 1.378  +00 6.870  +00                                            1236800200065 
 1.386  +00 6.570  +00                                            1236800200066 
 1.397  +00 6.610  +00                                            1236800200067 
 1.408  +00 6.685  +00                                            1236800200068 
 1.416  +00 6.820  +00                                            1236800200069 
 1.427  +00 6.503  +00                                            1236800200070 
 1.438  +00 6.520  +00                                            1236800200071 
 1.446  +00 6.600  +00                                            1236800200072 
 1.457  +00 6.507  +00                                            1236800200073 
 1.468  +00 6.580  +00                                            1236800200074 
 1.478  +00 6.678  +00                                            1236800200075 
 1.487  +00 6.740  +00                                            1236800200076 
 1.497  +00 6.443  +00                                            1236800200077 
ENDDATA             71          0                                 1236800200078 
ENDSUBENT           77          0                                 1236800299999 
ENDENTRY             2          0                                 1236899999999 
