ENTRY            12389   19820519                             00001238900000001 
SUBENT        12389001   19820519                             00001238900100001 
BIB                  7          9                                 1238900100002 
INSTITUTE  (1USABNL)                                              1238900100003 
REFERENCE  (R,BNL-222,5302)                                       1238900100004 
AUTHOR     (H.PALEVSKY,R.S.CARTER,D.J.HUGHES)                     1238900100005 
TITLE      THE ABSORPTION CROSS SECTIONS OF U235 AND U238 FOR     1238900100006 
           THERMAL AND COLD NEUTRONS.                             1238900100007 
FACILITY   (CHOPS) SLOW CHOPPER.                                  1238900100008 
STATUS     (SCSRS)                                                1238900100009 
HISTORY    (760804T) TRANSLATED FROM SCISRS                       1238900100010 
           (820519A) CONVERTED TO REACTION FORMALISM              1238900100011 
ENDBIB               9          0                                 1238900100012 
NOCOMMON             0          0                                 1238900100013 
ENDSUBENT           12          0                                 1238900199999 
SUBENT        12389002   19820519                             00001238900200001 
BIB                  3          3                                 1238900200002 
REACTION   (92-U-235(N,TOT),,SIG)                                 1238900200003 
SAMPLE     93.73 PERCENT U-235 BY WEIGHT. THICKNESS 0.002 IN.     1238900200004 
STATUS     (CURVE) READ FROM CURVE                                1238900200005 
ENDBIB               3          0                                 1238900200006 
NOCOMMON             0          0                                 1238900200007 
DATA                 3         24                                 1238900200008 
EN         DATA       DATA-ERR                                    1238900200009 
KEV        B          B                                           1238900200010 
 1.17   -06 3.370  +03 7.0    +01                                 1238900200011 
 1.26   -06 3.210  +03 7.0    +01                                 1238900200012 
 1.34   -06 3.150  +03 5.0    +01                                 1238900200013 
 1.43   -06 3.010  +03 5.0    +01                                 1238900200014 
 1.56   -06 2.910  +03 5.0    +01                                 1238900200015 
 1.67   -06 2.810  +03 4.0    +01                                 1238900200016 
 1.83   -06 2.770  +03 4.0    +01                                 1238900200017 
 1.975  -06 2.630  +03 3.0    +01                                 1238900200018 
 2.12   -06 2.450  +03 3.0    +01                                 1238900200019 
 2.34   -06 2.380  +03 2.0    +01                                 1238900200020 
 2.55   -06 2.190  +03 2.0    +01                                 1238900200021 
 2.70   -06 2.270  +03 3.0    +01                                 1238900200022 
 2.79   -06 2.130  +03 2.0    +01                                 1238900200023 
 2.84   -06 2.150  +03 2.0    +01                                 1238900200024 
 2.97   -06 2.070  +03 3.0    +01                                 1238900200025 
 3.07   -06 2.090  +03 2.0    +01                                 1238900200026 
 3.19   -06 1.990  +03 2.0    +01                                 1238900200027 
 3.38   -06 1.950  +03 2.0    +01                                 1238900200028 
 3.50   -06 1.900  +03 2.0    +01                                 1238900200029 
 3.70   -06 1.855  +03 2.0    +01                                 1238900200030 
 3.85   -06 1.850  +03 2.0    +01                                 1238900200031 
 4.02   -06 1.790  +03 2.0    +01                                 1238900200032 
 4.30   -06 1.695  +03 2.0    +01                                 1238900200033 
 4.51   -06 1.695  +03 2.0    +01                                 1238900200034 
ENDDATA             26          0                                 1238900200035 
ENDSUBENT           34          0                                 1238900299999 
SUBENT        12389003   19820519                             00001238900300001 
BIB                  3          3                                 1238900300002 
REACTION   (92-U-235(N,TOT),,SIG)                                 1238900300003 
SAMPLE     93.73 PERCENT U-235 BY WEIGHT. THICKNESS 0.007 IN.     1238900300004 
STATUS     (CURVE) READ FROM CURVE                                1238900300005 
ENDBIB               3          0                                 1238900300006 
NOCOMMON             0          0                                 1238900300007 
DATA                 3         52                                 1238900300008 
EN         DATA       DATA-ERR                                    1238900300009 
KEV        B          B                                           1238900300010 
 2.15   -06 2.470  +03 2.0    +01                                 1238900300011 
 2.29   -06 2.390  +03 1.2    +01                                 1238900300012 
 2.45   -06 2.345  +03 1.5    +01                                 1238900300013 
 2.57   -06 2.278  +03 1.0    +01                                 1238900300014 
 2.74   -06 2.190  +03 1.0    +01                                 1238900300015 
 2.93   -06 2.145  +03 1.0    +01                                 1238900300016 
 3.14   -06 2.070  +03 1.0    +01                                 1238900300017 
 3.21   -06 2.055  +03 1.0    +01                                 1238900300018 
 3.39   -06 2.010  +03 1.0    +01                                 1238900300019 
 3.54   -06 1.990  +03 1.0    +01                                 1238900300020 
 3.70   -06 1.925  +03 1.0    +01                                 1238900300021 
 3.91   -06 1.880  +03 1.0    +01                                 1238900300022 
 4.06   -06 1.830  +03 1.0    +01                                 1238900300023 
 4.31   -06 1.778  +03 8.     +01                                 1238900300024 
 4.52   -06 1.720  +03 8.     +00                                 1238900300025 
 4.81   -06 1.675  +03 5.     +00                                 1238900300026 
 5.11   -06 1.615  +03 5.     +00                                 1238900300027 
 5.41   -06 1.568  +03 5.     +00                                 1238900300028 
 5.74   -06 1.521  +03 5.     +00                                 1238900300029 
 6.28   -06 1.436  +03                                            1238900300030 
 6.58   -06 1.435  +03                                            1238900300031 
 6.75   -06 1.370  +03                                            1238900300032 
 7.11   -06 1.365  +03                                            1238900300033 
 7.3    -06 1.345  +03                                            1238900300034 
 7.5    -06 1.315  +03                                            1238900300035 
 7.85   -06 1.295  +03                                            1238900300036 
 8.16   -06 1.270  +03                                            1238900300037 
 8.39   -06 1.252  +03                                            1238900300038 
 8.5    -06 1.235  +03                                            1238900300039 
 8.98   -06 1.210  +03                                            1238900300040 
 9.32   -06 1.170  +03                                            1238900300041 
 9.71   -06 1.135  +03                                            1238900300042 
 1.002  -05 1.130  +03                                            1238900300043 
 1.045  -05 1.120  +03                                            1238900300044 
 1.102  -05 1.082  +03                                            1238900300045 
 1.135  -05 1.062  +03                                            1238900300046 
 1.181  -05 1.032  +03                                            1238900300047 
 1.248  -05 9.83   +02                                            1238900300048 
 1.307  -05 9.82   +02                                            1238900300049 
 1.358  -05 9.60   +02                                            1238900300050 
 1.365  -05 9.68   +02                                            1238900300051 
 1.438  -05 9.32   +02                                            1238900300052 
 1.512  -05 9.00   +02                                            1238900300053 
 1.605  -05 8.82   +02                                            1238900300054 
 1.68   -05 8.68   +02                                            1238900300055 
 1.765  -05 8.40   +02                                            1238900300056 
 1.88   -05 8.10   +02                                            1238900300057 
 1.985  -05 7.82   +02                                            1238900300058 
 2.08   -05 7.62   +02                                            1238900300059 
 2.26   -05 7.30   +02                                            1238900300060 
 2.39   -05 7.17   +02                                            1238900300061 
 2.52   -05 6.90   +02                                            1238900300062 
ENDDATA             54          0                                 1238900300063 
ENDSUBENT           62          0                                 1238900399999 
ENDENTRY             3          0                                 1238999999999 
