ENTRY            12403   19760804                             00001240300000001 
SUBENT        12403001   19760804                             00001240300100001 
BIB                  6          8                                 1240300100002 
INSTITUTE  (1USACOL)                                              1240300100003 
REFERENCE  (J,NSE,3,435,58)                                       1240300100004 
AUTHOR     (E.MELKONIAN,V.PEREZ-MENDEZ,M.L.MELKONIAN,             1240300100005 
           W.W.HAVENS JR,L.J.RAINWATER)                           1240300100006 
TITLE      SLOW NEUTRON VELOCITY SPECTROMETER STUDIES OF THE TOTAL1240300100007 
           AND FISSION CROSS SECTIONS OF U235.                    1240300100008 
STATUS     (SCSRS)                                                1240300100009 
HISTORY    (760804T) TRANSLATED FROM SCISRS                       1240300100010 
ENDBIB               8          0                                 1240300100011 
NOCOMMON             0          0                                 1240300100012 
ENDSUBENT           11          0                                 1240300199999 
SUBENT        12403002   19860829                             00001240300200001 
BIB                  3          3                                 1240300200002 
REACTION   (92-U-235(N,TOT),,SIG)                                 1240300200003 
METHOD     (TOF) TIME-OF-FLIGHT                                   1240300200004 
HISTORY    (860828A) DATA POINT CORRECTED.                        1240300200005 
ENDBIB               3          0                                 1240300200006 
NOCOMMON             0          0                                 1240300200007 
DATA                 3        223                                 1240300200008 
EN         DATA       DATA-ERR                                    1240300200009 
MEV        B          B                                           1240300200010 
 1.19   -08 1.085  +03 1.8    +01                                 1240300200011 
 1.28   -08 1.032  +03 1.7    +01                                 1240300200012 
 1.38   -08 1.000  +03 1.7    +01                                 1240300200013 
 1.49   -08 9.22   +02 1.4    +01                                 1240300200014 
 1.61   -08 9.00   +02 1.2    +01                                 1240300200015 
 1.75   -08 8.74   +02 1.2    +01                                 1240300200016 
 1.90   -08 8.31   +02 1.1    +01                                 1240300200017 
 2.08   -08 7.84   +02 1.1    +01                                 1240300200018 
 2.28   -08 7.49   +02 1.0    +01                                 1240300200019 
 2.82   -08 6.54   +02 7.     +00                                 1240300200020 
 3.14   -08 6.11   +02 7.     +00                                 1240300200021 
 3.52   -08 5.90   +02 7.     +00                                 1240300200022 
 3.98   -08 5.45   +02 7.     +00                                 1240300200023 
 4.55   -08 4.94   +02 6.     +00                                 1240300200024 
 5.24   -08 4.65   +02 6.     +00                                 1240300200025 
 6.08   -08 4.12   +02 6.     +00                                 1240300200026 
 7.11   -08 3.68   +02 5.     +00                                 1240300200027 
 8.43   -08 3.37   +02 5.     +00                                 1240300200028 
 1.015  -07 3.10   +02 5.     +00                                 1240300200029 
 1.127  -07 2.83   +02 5.     +00                                 1240300200030 
 1.26   -07 2.68   +02 5.     +00                                 1240300200031 
 1.87   -07 2.37   +02 5.     +00                                 1240300200032 
 1.92   -07 2.38   +02 5.     +00                                 1240300200033 
 1.98   -07 2.29   +02 4.     +00                                 1240300200034 
 2.04   -07 2.27   +02 6.     +00                                 1240300200035 
 2.05   -07 2.30   +02 4.     +00                                 1240300200036 
 2.12   -07 2.38   +02 4.     +00                                 1240300200037 
 2.20   -07 2.32   +02 4.     +00                                 1240300200038 
 2.27   -07 2.36   +02 4.     +00                                 1240300200039 
 2.36   -07 2.32   +02 4.     +00                                 1240300200040 
 2.45   -07 2.40   +02 4.     +00                                 1240300200041 
 2.54   -07 2.44   +02 3.     +00                                 1240300200042 
 2.63   -07 2.49   +02 3.     +00                                 1240300200043 
 2.74   -07 2.54   +02 4.     +00                                 1240300200044 
 2.79   -07 2.35   +02 6.     +00                                 1240300200045 
 2.85   -07 2.54   +02 4.     +00                                 1240300200046 
 2.96   -07 2.46   +02 3.     +00                                 1240300200047 
 3.09   -07 2.42   +02 3.     +00                                 1240300200048 
 3.32   -07 2.23   +02 4.     +00                                 1240300200049 
 3.36   -07 2.12   +02 3.5    +00                                 1240300200050 
 3.50   -07 1.988  +02 3.3    +00                                 1240300200051 
 3.67   -07 1.718  +02 2.9    +00                                 1240300200052 
 3.84   -07 1.672  +02 5.0    +00                                 1240300200053 
 4.02   -07 1.450  +02 2.6    +00                                 1240300200054 
 4.04   -07 1.731  +02 5.3    +00                                 1240300200055 
 4.22   -07 1.318  +02 2.8    +00                                 1240300200056 
 4.43   -07 1.250  +02 2.6    +00                                 1240300200057 
 4.65   -07 1.149  +02 3.8    +00                                 1240300200058 
 4.90   -07 1.132  +02 2.6    +00                                 1240300200059 
 5.16   -07 1.048  +02 2.4    +00                                 1240300200060 
 5.45   -07 9.40   +01 2.4    +00                                 1240300200061 
 5.76   -07 9.43   +01 2.4    +00                                 1240300200062 
 6.04   -07 7.50   +01 3.3    +00                                 1240300200063 
 6.10   -07 8.47   +01 2.2    +00                                 1240300200064 
 6.21   -07 9.00   +01 3.3    +00                                 1240300200065 
 6.35   -07 1.052  +02 5.9    +00                                 1240300200066 
 6.40   -07 9.09   +01 3.2    +00                                 1240300200067 
 6.46   -07 8.28   +01 2.2    +00                                 1240300200068 
 6.60   -07 8.51   +01 3.3    +00                                 1240300200069 
 6.80   -07 8.61   +01 3.3    +00                                 1240300200070 
 6.88   -07 7.86   +01 2.4    +00                                 1240300200071 
 7.00   -07 8.23   +01 3.7    +00                                 1240300200072 
 7.23   -07 8.51   +01 3.1    +00                                 1240300200073 
 7.32   -07 7.77   +01 2.3    +00                                 1240300200074 
 7.45   -07 7.89   +01 2.9    +00                                 1240300200075 
 7.71   -07 7.65   +01 2.8    +00                                 1240300200076 
 7.96   -07 7.96   +01 2.7    +00                                 1240300200077 
 8.23   -07 7.48   +01 2.5    +00                                 1240300200078 
 8.52   -07 7.63   +01 2.6    +00                                 1240300200079 
 8.81   -07 7.58   +01 2.5    +00                                 1240300200080 
 9.11   -07 8.06   +01 2.7    +00                                 1240300200081 
 9.45   -07 8.41   +01 2.5    +00                                 1240300200082 
 9.80   -07 8.63   +01 2.5    +00                                 1240300200083 
 1.000  -06 9.34   +01 3.8    +00                                 1240300200084 
 1.015  -06 9.03   +01 3.9    +00                                 1240300200085 
 1.035  -06 1.003  +02 4.0    +00                                 1240300200086 
 1.055  -06 1.189  +02 4.3    +00                                 1240300200087 
 1.075  -06 1.306  +02 4.5    +00                                 1240300200088 
 1.10   -06 1.469  +02 4.0    +00                                 1240300200089 
 1.12   -06 1.476  +02 4.1    +00                                 1240300200090 
 1.14   -06 1.381  +02 4.5    +00                                 1240300200091 
 1.140  -06 6.99   +01 5.6    +00                                 1240300200092 
 1.165  -06 1.343  +02 4.0    +00                                 1240300200093 
 1.19   -06 1.072  +02 3.9    +00                                 1240300200094 
 1.21   -06 9.07   +01 3.7    +00                                 1240300200095 
 1.24   -06 6.32   +01 3.5    +00                                 1240300200096 
 1.26   -06 5.98   +01 3.4    +00                                 1240300200097 
 1.29   -06 4.78   +01 3.5    +00                                 1240300200098 
 1.32   -06 4.59   +01 3.3    +00                                 1240300200099 
 1.345  -06 4.63   +01 3.3    +00                                 1240300200100 
 1.37   -06 3.96   +01 3.2    +00                                 1240300200101 
 1.40   -06 3.96   +01 3.2    +00                                 1240300200102 
 1.43   -06 3.89   +01 3.1    +00                                 1240300200103 
 1.46   -06 3.02   +01 3.1    +00                                 1240300200104 
 1.50   -06 3.05   +01 3.2    +00                                 1240300200105 
 1.54   -06 3.74   +01 3.1    +00                                 1240300200106 
 1.57   -06 3.71   +01 3.1    +00                                 1240300200107 
 1.61   -06 3.09   +01 3.1    +00                                 1240300200108 
 1.64   -06 2.85   +01 3.1    +00                                 1240300200109 
 1.68   -06 2.37   +01 3.0    +00                                 1240300200110 
 1.73   -06 2.99   +01 3.0    +00                                 1240300200111 
 1.77   -06 2.99   +01 3.0    +00                                 1240300200112 
 1.81   -06 2.82   +01 3.0    +00                                 1240300200113 
 1.86   -06 3.71   +01 3.0    +00                                 1240300200114 
 1.91   -06 3.45   +01 3.1    +00                                 1240300200115 
 1.96   -06 4.37   +01 3.1    +00                                 1240300200116 
 2.01   -06 6.02   +01 3.1    +00                                 1240300200117 
 2.06   -06 7.02   +01 3.3    +00                                 1240300200118 
 2.12   -06 4.65   +01 3.0    +00                                 1240300200119 
 2.18   -06 3.61   +01 3.1    +00                                 1240300200120 
 2.24   -06 3.30   +01 3.2    +00                                 1240300200121 
 2.30   -06 3.19   +01 3.1    +00                                 1240300200122 
 2.36   -06 2.64   +01 2.9    +00                                 1240300200123 
 2.43   -06 2.76   +01 3.1    +00                                 1240300200124 
 2.51   -06 2.70   +01 3.0    +00                                 1240300200125 
 2.58   -06 2.65   +01 2.8    +00                                 1240300200126 
 2.625  -06 4.15   +01 4.6    +00                                 1240300200127 
 2.66   -06 3.01   +01 2.8    +00                                 1240300200128 
 2.74   -06 2.85   +01 2.8    +00                                 1240300200129 
 2.825  -06 3.31   +01 2.9    +00                                 1240300200130 
 2.915  -06 3.71   +01 2.9    +00                                 1240300200131 
 3.01   -06 4.74   +01 3.1    +00                                 1240300200132 
 3.11   -06 6.38   +01 3.2    +00                                 1240300200133 
 3.21   -06 6.89   +01 3.1    +00                                 1240300200134 
 3.32   -06 4.86   +01 3.1    +00                                 1240300200135 
 3.44   -06 4.66   +01 3.1    +00                                 1240300200136 
 3.55   -06 7.29   +01 3.7    +00                                 1240300200137 
 3.68   -06 8.31   +01 3.4    +00                                 1240300200138 
 3.82   -06 3.89   +01 2.8    +00                                 1240300200139 
 3.96   -06 1.84   +01 2.8    +00                                 1240300200140 
 4.11   -06 1.97   +01 2.9    +00                                 1240300200141 
 4.26   -06 1.99   +01 2.8    +00                                 1240300200142 
 4.43   -06 1.81   +01 2.8    +00                                 1240300200143 
 4.61   -06 2.50   +01 2.7    +00                                 1240300200144 
 4.80   -06 4.97   +01 2.9    +00                                 1240300200145 
 4.99   -06 7.67   +01 3.1    +00                                 1240300200146 
 5.21   -06 7.03   +01 3.2    +00                                 1240300200147 
 5.43   -06 4.40   +01 2.8    +00                                 1240300200148 
 5.68   -06 2.80   +01 4.1    +00                                 1240300200149 
 5.79   -06 4.47   +01 4.0    +00                                 1240300200150 
 5.93   -06 5.77   +01 4.3    +00                                 1240300200151 
 6.06   -06 1.06   +01 4.8    +00                                 1240300200152 
 6.20   -06 1.66   +01 5.9    +00                                 1240300200153 
 6.35   -06 1.70   +01 5.8    +00                                 1240300200154 
 6.50   -06 1.285  +02 4.9    +00                                 1240300200155 
 6.66   -06 8.86   +01 4.5    +00                                 1240300200156 
 6.82   -06 8.81   +01 4.5    +00                                 1240300200157 
 6.99   -06 7.60   +01 4.4    +00                                 1240300200158 
 7.16   -06 3.96   +01 4.0    +00                                 1240300200159 
 7.35   -06 1.67   +01 3.8    +00                                 1240300200160 
 7.53   -06 1.82   +01 3.9    +00                                 1240300200161 
 7.72   -06 2.68   +01 3.9    +00                                 1240300200162 
 7.93   -06 3.62   +01 3.9    +00                                 1240300200163 
 8.14   -06 5.71   +01 6.1    +00                                 1240300200164 
 8.36   -06 1.102  +02 4.5    +00                                 1240300200165 
 8.60   -06 2.121  +02 5.9    +00                                 1240300200166 
 8.83   -06 1.956  +02 5.7    +00                                 1240300200167 
 9.09   -06 1.226  +02 4.7    +00                                 1240300200168 
 9.34   -06 7.95   +01 4.2    +00                                 1240300200169 
 9.60   -06 5.68   +01 3.9    +00                                 1240300200170 
 9.89   -06 4.21   +01 3.8    +00                                 1240300200171 
 1.019  -05 3.64   +01 3.7    +00                                 1240300200172 
 1.050  -05 3.53   +01 3.6    +00                                 1240300200173 
 1.082  -05 3.51   +01 3.7    +00                                 1240300200174 
 1.115  -05 7.16   +01 3.9    +00                                 1240300200175 
 1.152  -05 1.075  +02 4.3    +00                                 1240300200176 
 1.190  -05 1.150  +02 4.5    +00                                 1240300200177 
 1.228  -05 1.211  +02 4.4    +00                                 1240300200178 
 1.268  -05 6.82   +02 3.9    +00                                 1240300200179 
 1.312  -05 5.66   +02 4.2    +00                                 1240300200180 
 1.358  -05 7.82   +02 5.3    +00                                 1240300200181 
 1.406  -05 6.89   +02 5.2    +00                                 1240300200182 
 1.455  -05 4.97   +02 5.0    +00                                 1240300200183 
 1.509  -05 5.87   +02 5.0    +00                                 1240300200184 
 1.562  -05 5.47   +02 5.2    +00                                 1240300200185 
 1.622  -05 6.57   +02 5.2    +00                                 1240300200186 
 1.685  -05 4.70   +02 4.8    +00                                 1240300200187 
 1.75   -05 4.63   +02 4.9    +00                                 1240300200188 
 1.82   -05 8.45   +02 5.4    +00                                 1240300200189 
 1.90   -05 1.150  +02 5.7    +00                                 1240300200190 
 1.98   -05 9.39   +01 5.4    +00                                 1240300200191 
 2.06   -05 8.86   +01 5.2    +00                                 1240300200192 
 2.15   -05 6.12   +01 5.1    +00                                 1240300200193 
 2.25   -05 6.31   +01 5.0    +00                                 1240300200194 
 2.35   -05 9.26   +01 5.3    +00                                 1240300200195 
 2.46   -05 7.77   +01 5.6    +00                                 1240300200196 
 2.57   -05 5.36   +01 5.1    +00                                 1240300200197 
 2.70   -05 4.91   +01 5.3    +00                                 1240300200198 
 2.83   -05 3.80   +01 5.1    +00                                 1240300200199 
 2.98   -05 5.01   +01 4.9    +00                                 1240300200200 
 3.14   -05 5.20   +01 5.0    +00                                 1240300200201 
 3.30   -05 6.91   +01 7.7    +00                                 1240300200202 
 3.48   -05 1.211  +02 5.4    +00                                 1240300200203 
 3.68   -05 8.00   +01 5.1    +00                                 1240300200204 
 3.90   -05 6.94   +01 7.2    +00                                 1240300200205 
 4.14   -05 5.96   +01 4.9    +00                                 1240300200206 
 4.40   -05 6.06   +01 4.9    +00                                 1240300200207 
 4.68   -05 5.87   +01 4.7    +00                                 1240300200208 
 5.00   -05 8.36   +01 5.0    +00                                 1240300200209 
 5.33   -05 8.22   +01 4.9    +00                                 1240300200210 
 5.72   -05 7.39   +01 4.8    +00                                 1240300200211 
 6.14   -05 5.07   +01 5.1    +00                                 1240300200212 
 6.61   -05 5.33   +01 4.3    +00                                 1240300200213 
 7.14   -05 4.28   +01 4.1    +00                                 1240300200214 
 7.73   -05 4.33   +01 4.3    +00                                 1240300200215 
 8.41   -05 6.45   +01 4.6    +00                                 1240300200216 
 9.17   -05 4.78   +01 4.5    +00                                 1240300200217 
 1.00   -04 4.59   +01 4.3    +00                                 1240300200218 
 1.10   -04 4.47   +01 4.1    +00                                 1240300200219 
 1.22   -04 5.40   +01 4.3    +00                                 1240300200220 
 1.36   -04 3.98   +01 4.0    +00                                 1240300200221 
 1.52   -04 3.86   +01 4.0    +00                                 1240300200222 
 1.70   -04 4.12   +01 3.9    +00                                 1240300200223 
 1.93   -04 4.42   +01 3.9    +00                                 1240300200224 
 2.21   -04 4.23   +01 3.9    +00                                 1240300200225 
 2.55   -04 3.78   +01 3.9    +00                                 1240300200226 
 2.97   -04 3.99   +01 3.9    +00                                 1240300200227 
 3.51   -04 3.53   +01 5.0    +00                                 1240300200228 
 5.81   -04 3.57   +01 3.5    +00                                 1240300200229 
 9.64   -04 2.93   +01 3.5    +00                                 1240300200230 
 1.875  -03 2.02   +01 3.5    +00                                 1240300200231 
 5.230  -03 1.47   +01 3.1    +00                                 1240300200232 
 4.800  -02 1.58   +01 3.2    +00                                 1240300200233 
ENDDATA            225          0                                 1240300200234 
ENDSUBENT          233          0                                 1240300299999 
SUBENT        12403003   19841018                             00001240300300001 
BIB                  5          5                                 1240300300002 
REACTION   (92-U-235(N,F),,SIG)                                   1240300300003 
METHOD     (TOF) TIME-OF-FLIGHT                                   1240300300004 
DETECTOR   (FISCH) IONIZATION CHAMBER                             1240300300005 
MONITOR    (92-U-235(N,F),,SIG) NORMALIZED TO 580 B AT THERMAL.   1240300300006 
HISTORY    (841018A) DATA HEADING CORRECTED.                      1240300300007 
ENDBIB               5          0                                 1240300300008 
COMMON               2          3                                 1240300300009 
EN-NRM     MONIT                                                  1240300300010 
EV         B                                                      1240300300011 
 0.0253     580.                                                  1240300300012 
ENDCOMMON            3          0                                 1240300300013 
DATA                 3        336                                 1240300300014 
EN         DATA       DATA-ERR                                    1240300300015 
MEV        B          B                                           1240300300016 
 1.11   -08 9.54   +02 3.5    +01                                 1240300300017 
 1.11   -08 8.65   +02 9.     +00                                 1240300300018 
 1.15   -08 9.51   +02 3.3    +01                                 1240300300019 
 1.19   -08 9.54   +02 3.2    +01                                 1240300300020 
 1.19   -08 8.81   +02 8.     +00                                 1240300300021 
 1.23   -08 8.50   +02 2.8    +01                                 1240300300022 
 1.28   -08 8.66   +02 2.7    +01                                 1240300300023 
 1.28   -08 8.07   +02 7.     +00                                 1240300300024 
 1.43   -08 7.78   +02 2.3    +01                                 1240300300025 
 1.48   -08 8.39   +02 2.4    +01                                 1240300300026 
 1.55   -08 7.91   +02 2.2    +01                                 1240300300027 
 1.61   -08 7.62   +02 2.0    +01                                 1240300300028 
 1.61   -08 7.25   +02 6.     +00                                 1240300300029 
 1.67   -08 7.42   +02 1.9    +01                                 1240300300030 
 1.75   -08 7.10   +02 5.     +00                                 1240300300031 
 1.82   -08 7.33   +02 1.8    +01                                 1240300300032 
 1.90   -08 6.89   +02 5.     +00                                 1240300300033 
 1.99   -08 6.83   +02 1.5    +01                                 1240300300034 
 2.08   -08 6.61   +02 1.4    +01                                 1240300300035 
 2.08   -08 6.41   +02 4.     +00                                 1240300300036 
 2.18   -08 6.19   +02 1.3    +01                                 1240300300037 
 2.28   -08 6.11   +02 4.     +00                                 1240300300038 
 2.29   -08 6.09   +02 1.2    +01                                 1240300300039 
 2.41   -08 6.02   +02 1.2    +01                                 1240300300040 
 2.53   -08 5.74   +02 1.1    +01                                 1240300300041 
 2.54   -08 5.84   +02 3.     +00                                 1240300300042 
 2.66   -08 5.48   +02 1.0    +01                                 1240300300043 
 2.80   -08 5.44   +02 1.0    +01                                 1240300300044 
 2.82   -08 5.46   +02 3.     +00                                 1240300300045 
 2.96   -08 5.42   +02 1.0    +01                                 1240300300046 
 3.14   -08 5.13   +02 3.     +00                                 1240300300047 
 3.32   -08 4.92   +02 8.     +00                                 1240300300048 
 3.52   -08 4.67   +02 7.     +00                                 1240300300049 
 3.52   -08 4.78   +02 2.     +00                                 1240300300050 
 3.74   -08 4.43   +02 8.     +00                                 1240300300051 
 3.98   -08 4.45   +02 7.     +00                                 1240300300052 
 3.98   -08 4.55   +02 2.     +00                                 1240300300053 
 4.2    -08 4.26   +02 4.     +00                                 1240300300054 
 4.55   -08 4.12   +02 2.     +00                                 1240300300055 
 4.6    -08 4.11   +02 4.     +00                                 1240300300056 
 4.9    -08 3.98   +02 4.     +00                                 1240300300057 
 5.2    -08 3.76   +02 4.     +00                                 1240300300058 
 5.24   -08 3.77   +02 2.     +00                                 1240300300059 
 6.08   -08 3.44   +02 1.     +00                                 1240300300060 
 6.6    -08 3.26   +02 3.     +00                                 1240300300061 
 7.1    -08 3.10   +02 3.     +00                                 1240300300062 
 7.11   -08 3.10   +02 1.     +00                                 1240300300063 
 8.43   -08 2.81   +02 1.     +00                                 1240300300064 
 9.3    -08 2.58   +02 2.     +00                                 1240300300065 
 1.02   -07 2.45   +02 2.     +00                                 1240300300066 
 1.13   -07 2.32   +02 2.     +00                                 1240300300067 
 1.25   -07 2.18   +02 2.     +00                                 1240300300068 
 1.26   -07 2.17   +02 1.     +00                                 1240300300069 
 1.58   -07 1.80   +02 1.     +00                                 1240300300070 
 1.78   -07 1.80   +02 2.     +00                                 1240300300071 
 1.84   -07 1.745  +02 6.0    +00                                 1240300300072 
 1.91   -07 1.873  +02 6.3    +00                                 1240300300073 
 1.97   -07 1.726  +02 5.6    +00                                 1240300300074 
 2.04   -07 1.704  +02 5.4    +00                                 1240300300075 
 2.04   -07 1.71   +02 2.     +00                                 1240300300076 
 2.04   -07 1.80   +02 1.     +00                                 1240300300077 
 2.20   -07 1.619  +02 4.8    +00                                 1240300300078 
 2.28   -07 1.740  +02 4.9    +00                                 1240300300079 
 2.38   -07 1.808  +02 4.9    +00                                 1240300300080 
 2.38   -07 1.81   +02 2.     +00                                 1240300300081 
 2.47   -07 1.834  +02 4.9    +00                                 1240300300082 
 2.68   -07 1.921  +02 4.8    +00                                 1240300300083 
 2.79   -07 1.867  +02 4.4    +00                                 1240300300084 
 2.80   -07 1.87   +02 2.     +00                                 1240300300085 
 2.91   -07 1.956  +02 4.7    +00                                 1240300300086 
 3.04   -07 1.851  +02 4.4    +00                                 1240300300087 
 3.18   -07 1.714  +02 4.1    +00                                 1240300300088 
 3.33   -07 1.752  +02 4.2    +00                                 1240300300089 
 3.34   -07 1.62   +02 2.     +00                                 1240300300090 
 3.49   -07 1.485  +02 3.7    +00                                 1240300300091 
 3.66   -07 1.446  +02 3.6    +00                                 1240300300092 
 3.84   -07 1.170  +02 3.1    +00                                 1240300300093 
 4.03   -07 1.195  +02 3.1    +00                                 1240300300094 
 4.04   -07 1.21   +02 1.6    +00                                 1240300300095 
 4.04   -07 1.213  +02 6.     -01                                 1240300300096 
 4.25   -07 1.050  +02 2.8    +00                                 1240300300097 
 4.48   -07 9.94   +01 3.9    +00                                 1240300300098 
 4.74   -07 8.97   +01 2.5    +00                                 1240300300099 
 4.97   -07 8.35   +01 2.4    +00                                 1240300300100 
 5.01   -07 8.60   +01 1.2    +00                                 1240300300101 
 5.29   -07 7.58   +01 2.2    +00                                 1240300300102 
 5.61   -07 6.93   +01 2.0    +00                                 1240300300103 
 5.97   -07 6.95   +01 2.0    +00                                 1240300300104 
 6.35   -07 6.16   +01 1.8    +00                                 1240300300105 
 6.35   -07 6.68   +01 1.0    +00                                 1240300300106 
 6.35   -07 6.91   +01 4.     -01                                 1240300300107 
 6.77   -07 6.53   +01 1.9    +00                                 1240300300108 
 7.25   -07 6.03   +01 1.7    +00                                 1240300300109 
 7.94   -07 5.85   +01 1.7    +00                                 1240300300110 
 8.34   -07 5.78   +01 8.     +00                                 1240300300111 
 8.45   -07 6.45   +01 5.0    +00                                 1240300300112 
 8.53   -07 5.48   +01 4.4    +00                                 1240300300113 
 8.57   -07 5.977  +01 3.77   +00                                 1240300300114 
 8.61   -07 6.10   +01 4.8    +00                                 1240300300115 
 8.70   -07 5.74   +01 4.6    +00                                 1240300300116 
 8.74   -07 6.105  +01 3.85   +00                                 1240300300117 
 8.77   -07 6.58   +01 4.9    +00                                 1240300300118 
 8.85   -07 5.99   +01 4.7    +00                                 1240300300119 
 8.90   -07 5.877  +01 3.71   +00                                 1240300300120 
 8.94   -07 6.70   +01 4.9    +00                                 1240300300121 
 9.06   -07 6.613  +01 4.17   +00                                 1240300300122 
 9.24   -07 6.418  +01 4.05   +00                                 1240300300123 
 9.43   -07 6.403  +01 4.04   +00                                 1240300300124 
 9.61   -07 6.433  +01 4.06   +00                                 1240300300125 
 9.79   -07 6.679  +01 4.22   +00                                 1240300300126 
 1.000  -06 6.288  +01 3.97   +00                                 1240300300127 
 1.003  -06 6.30   +01 4.4    -01                                 1240300300128 
 1.012  -06 7.76   +01 5.1    -01                                 1240300300129 
 1.022  -06 7.00   +01 4.7    -01                                 1240300300130 
 1.033  -06 6.96   +01 4.8    -01                                 1240300300131 
 1.040  -06 7.906  +01 4.16   +00                                 1240300300132 
 1.046  -06 8.09   +01 5.0    -01                                 1240300300133 
 1.057  -06 7.88   +01 5.0    -01                                 1240300300134 
 1.060  -06 8.882  +01 4.68   +00                                 1240300300135 
 1.067  -06 8.74   +01 5.4    -01                                 1240300300136 
 1.078  -06 8.21   +01 5.1    -01                                 1240300300137 
 1.082  -06 9.244  +01 4.87   +00                                 1240300300138 
 1.089  -06 8.81   +01 5.2    -01                                 1240300300139 
 1.100  -06 1.078  +02 6.1    -01                                 1240300300140 
 1.108  -06 1.021  +02 5.4    +00                                 1240300300141 
 1.112  -06 9.71   +01 5.5    -01                                 1240300300142 
 1.123  -06 1.016  +02 5.7    -01                                 1240300300143 
 1.129  -06 9.671  +01 5.09   +00                                 1240300300144 
 1.136  -06 1.130  +02 6.1    -01                                 1240300300145 
 1.14   -06 6.31   +01 8.     +00                                 1240300300146 
 1.152  -06 1.034  +02 5.4    +00                                 1240300300147 
 1.160  -06 9.444  +01 5.5    -01                                 1240300300148 
 1.173  -06 9.522  +01 5.6    -01                                 1240300300149 
 1.179  -06 8.023  +01 4.02   +00                                 1240300300150 
 1.186  -06 8.002  +01 5.0    -01                                 1240300300151 
 1.199  -06 7.121  +01 4.4    -01                                 1240300300152 
 1.203  -06 6.959  +01 3.66   +00                                 1240300300153 
 1.211  -06 6.272  +01 4.3    -01                                 1240300300154 
 1.227  -06 6.649  +01 4.5    -01                                 1240300300155 
 1.232  -06 5.619  +01 3.55   +00                                 1240300300156 
 1.240  -06 5.015  +01 3.7    -01                                 1240300300157 
 1.252  -06 5.113  +01 3.8    -01                                 1240300300158 
 1.260  -06 4.395  +01 2.78   +00                                 1240300300159 
 1.27   -06 3.268  +01 2.9    -01                                 1240300300160 
 1.289  -06 3.480  +01 2.57   +00                                 1240300300161 
 1.30   -06 3.154  +01 2.8    -01                                 1240300300162 
 1.31   -06 3.367  +01 2.8    -01                                 1240300300163 
 1.319  -06 3.056  +01 2.25   +00                                 1240300300164 
 1.33   -06 3.138  +01 2.8    -01                                 1240300300165 
 1.34   -06 2.697  +01 2.2    -01                                 1240300300166 
 1.348  -06 2.795  +01 2.06   +00                                 1240300300167 
 1.36   -06 3.007  +01 2.6    -01                                 1240300300168 
 1.37   -06 3.137  +01 2.7    -01                                 1240300300169 
 1.381  -06 2.304  +01 1.94   +00                                 1240300300170 
 1.39   -06 2.762  +01 2.2    -01                                 1240300300171 
 1.41   -06 2.663  +01 2.1    -01                                 1240300300172 
 1.412  -06 2.386  +01 2.01   +00                                 1240300300173 
 1.42   -06 2.745  +01 2.2    -01                                 1240300300174 
 1.44   -06 1.814  +01 2.0    -01                                 1240300300175 
 1.448  -06 2.027  +01 1.71   +00                                 1240300300176 
 1.46   -06 2.059  +01 2.1    -01                                 1240300300177 
 1.47   -06 2.304  +01 2.3    -01                                 1240300300178 
 1.482  -06 2.027  +01 1.71   +00                                 1240300300179 
 1.49   -06 2.582  +01 2.4    -01                                 1240300300180 
 1.51   -06 1.929  +01 2.1    -01                                 1240300300181 
 1.52   -06 2.352  +01 1.74   +00                                 1240300300182 
 1.53   -06 2.091  +01 2.0    -01                                 1240300300183 
 1.55   -06 2.174  +01 2.2    -01                                 1240300300184 
 1.56   -06 2.011  +01 1.70   +00                                 1240300300185 
 1.57   -06 1.683  +01 1.8    -01                                 1240300300186 
 1.59   -06 1.846  +01 2.0    -01                                 1240300300187 
 1.60   -06 1.797  +01 1.52   +00                                 1240300300188 
 1.61   -06 1.863  +01 2.0    -01                                 1240300300189 
 1.63   -06 2.533  +01 2.0    -01                                 1240300300190 
 1.64   -06 1.831  +01 1.54   +00                                 1240300300191 
 1.65   -06 2.305  +01 1.9    -01                                 1240300300192 
 1.66   -06 2.26   +01 4.     +00                                 1240300300193 
 1.74   -06 1.844  +01 9.8    -01                                 1240300300194 
 1.76   -06 1.841  +01 1.00   +00                                 1240300300195 
 1.81   -06 1.875  +01 9.8    -01                                 1240300300196 
 1.83   -06 1.878  +01 9.9    -01                                 1240300300197 
 1.86   -06 1.813  +01 9.5    -01                                 1240300300198 
 1.88   -06 2.029  +01 1.03   +00                                 1240300300199 
 1.94   -06 1.875  +01 9.5    -01                                 1240300300200 
 1.96   -06 1.946  +01 9.6    -01                                 1240300300201 
 1.99   -06 2.012  +01 1.00   +00                                 1240300300202 
 2.02   -06 2.298  +01 1.07   +00                                 1240300300203 
 2.05   -06 2.570  +01 1.15   +00                                 1240300300204 
 2.08   -06 2.517  +01 1.10   +00                                 1240300300205 
 2.11   -06 2.245  +01 1.02   +00                                 1240300300206 
 2.14   -06 2.062  +01 9.8    -01                                 1240300300207 
 2.17   -06 1.751  +01 9.0    -01                                 1240300300208 
 2.20   -06 1.760  +01 9.1    -01                                 1240300300209 
 2.24   -06 1.653  +01 8.7    -01                                 1240300300210 
 2.27   -06 1.646  +01 8.6    -01                                 1240300300211 
 2.30   -06 1.585  +01 8.3    -01                                 1240300300212 
 2.34   -06 1.684  +01 8.5    -01                                 1240300300213 
 2.37   -06 1.586  +01 8.3    -01                                 1240300300214 
 2.41   -06 1.572  +01 8.3    -01                                 1240300300215 
 2.45   -06 1.601  +01 8.3    -01                                 1240300300216 
 2.49   -06 1.420  +01 7.7    -01                                 1240300300217 
 2.52   -06 1.403  +01 7.6    -01                                 1240300300218 
 2.57   -06 1.416  +01 7.6    -01                                 1240300300219 
 2.61   -06 1.449  +01 7.5    -01                                 1240300300220 
 2.68   -06 1.30   +01 1.4    +00                                 1240300300221 
 2.72   -06 1.54   +01 1.5    +00                                 1240300300222 
 2.76   -06 1.88   +01 1.6    +00                                 1240300300223 
 2.82   -06 2.08   +01 1.7    +00                                 1240300300224 
 2.86   -06 2.41   +01 1.9    +00                                 1240300300225 
 2.91   -06 2.33   +01 1.8    +00                                 1240300300226 
 2.96   -06 2.49   +01 1.9    +00                                 1240300300227 
 3.02   -06 2.78   +01 2.0    +00                                 1240300300228 
 3.07   -06 2.96   +01 2.0    +00                                 1240300300229 
 3.18   -06 3.41   +01 2.1    +00                                 1240300300230 
 3.24   -06 4.06   +01 2.4    +00                                 1240300300231 
 3.30   -06 2.90   +01 2.0    +00                                 1240300300232 
 3.36   -06 2.57   +01 1.8    +00                                 1240300300233 
 3.42   -06 3.16   +01 2.1    +00                                 1240300300234 
 3.48   -06 3.23   +01 2.1    +00                                 1240300300235 
 3.55   -06 4.07   +01 2.4    +00                                 1240300300236 
 3.61   -06 4.865  +01 2.56   +00                                 1240300300237 
 3.68   -06 5.489  +01 2.74   +00                                 1240300300238 
 3.75   -06 3.442  +01 2.11   +00                                 1240300300239 
 3.82   -06 2.201  +01 1.61   +00                                 1240300300240 
 3.90   -06 1.191  +01 1.15   +00                                 1240300300241 
 3.98   -06 9.52   +00 1.03   +00                                 1240300300242 
 4.06   -06 6.87   +00 8.6    -01                                 1240300300243 
 4.14   -06 8.83   +00 9.8    -01                                 1240300300244 
 4.23   -06 9.50   +00 9.9    -01                                 1240300300245 
 4.32   -06 9.75   +00 1.01   +00                                 1240300300246 
 4.41   -06 7.30   +00 8.7    -01                                 1240300300247 
 4.51   -06 1.048  +01 1.00   +00                                 1240300300248 
 4.61   -06 8.13   +00 9.2    -01                                 1240300300249 
 4.70   -06 1.031  +01 1.01   +00                                 1240300300250 
 4.78   -06 2.61   +01 3.     +00                                 1240300300251 
 4.81   -06 9.17   +00 9.9    -01                                 1240300300252 
 4.96   -06 1.44   +01 1.4    +00                                 1240300300253 
 5.09   -06 1.53   +01 1.4    +00                                 1240300300254 
 5.20   -06 1.32   +01 1.3    +00                                 1240300300255 
 5.31   -06 1.55   +01 1.4    +00                                 1240300300256 
 5.44   -06 1.88   +01 1.5    +00                                 1240300300257 
 5.57   -06 1.83   +01 1.5    +00                                 1240300300258 
 5.71   -06 2.47   +01 1.9    +00                                 1240300300259 
 5.84   -06 2.43   +01 1.8    +00                                 1240300300260 
 5.99   -06 2.76   +01 1.9    +00                                 1240300300261 
 6.14   -06 3.77   +01 2.3    +00                                 1240300300262 
 6.29   -06 5.50   +01 2.8    +00                                 1240300300263 
 6.46   -06 6.05   +01 3.0    +00                                 1240300300264 
 6.62   -06 4.30   +01 2.4    +00                                 1240300300265 
 6.78   -06 2.47   +01 1.7    +00                                 1240300300266 
 6.96   -06 3.09   +01 2.0    +00                                 1240300300267 
 7.15   -06 3.68   +01 2.2    +00                                 1240300300268 
 7.35   -06 2.90   +01 1.9    +00                                 1240300300269 
 7.55   -06 2.00   +01 1.5    +00                                 1240300300270 
 7.76   -06 1.38   +01 1.2    +00                                 1240300300271 
 7.98   -06 1.80   +01 1.0    +00                                 1240300300272 
 8.21   -06 3.62   +01 2.1    +00                                 1240300300273 
 8.46   -06 8.26   +01 3.7    +00                                 1240300300274 
 8.71   -06 1.513  +02 5.5    +00                                 1240300300275 
 8.96   -06 2.253  +02 7.5    +00                                 1240300300276 
 9.25   -06 1.564  +02 5.6    +00                                 1240300300277 
 9.52   -06 7.73   +01 3.2    +00                                 1240300300278 
 9.84   -06 4.93   +01 2.4    +00                                 1240300300279 
 1.014  -05 3.78   +01 2.0    +00                                 1240300300280 
 1.047  -05 2.77   +01 1.6    +00                                 1240300300281 
 1.082  -05 2.55   +01 1.6    +00                                 1240300300282 
 1.118  -05 2.56   +01 1.5    +00                                 1240300300283 
 1.158  -05 3.53   +01 2.0    +00                                 1240300300284 
 1.20   -05 6.45   +01 6.4    +00                                 1240300300285 
 1.24   -05 8.05   +01 7.2    +00                                 1240300300286 
 1.29   -05 1.078  +02 9.5    +00                                 1240300300287 
 1.33   -05 6.78   +01 6.9    +00                                 1240300300288 
 1.38   -05 4.66   +01 5.1    +00                                 1240300300289 
 1.43   -05 6.64   +01 6.7    +00                                 1240300300290 
 1.49   -05 4.73   +01 5.0    +00                                 1240300300291 
 1.55   -05 4.18   +01 4.6    +00                                 1240300300292 
 1.61   -05 3.42   +01 3.7    +00                                 1240300300293 
 1.68   -05 3.60   +01 4.2    +00                                 1240300300294 
 1.75   -05 4.08   +01 4.1    +00                                 1240300300295 
 1.82   -05 4.94   +01 4.6    +00                                 1240300300296 
 1.90   -05 8.70   +01 6.9    +00                                 1240300300297 
 1.99   -05 1.097  +02 8.4    +00                                 1240300300298 
 2.08   -05 7.61   +01 6.4    +00                                 1240300300299 
 2.18   -05 6.79   +01 5.9    +00                                 1240300300300 
 2.28   -05 5.04   +01 4.8    +00                                 1240300300301 
 2.39   -05 5.19   +01 4.8    +00                                 1240300300302 
 2.52   -05 5.62   +01 5.1    +00                                 1240300300303 
 2.64   -05 5.04   +01 4.7    +00                                 1240300300304 
 2.79   -05 4.06   +01 3.8    +00                                 1240300300305 
 2.94   -05 2.77   +01 3.0    +00                                 1240300300306 
 3.10   -05 3.10   +01 3.1    +00                                 1240300300307 
 3.28   -05 6.04   +01 5.2    +00                                 1240300300308 
 3.48   -05 7.52   +01 5.8    +00                                 1240300300309 
 3.70   -05 6.45   +01 5.0    +00                                 1240300300310 
 3.93   -05 5.52   +01 4.5    +00                                 1240300300311 
 4.19   -05 4.28   +01 3.6    +00                                 1240300300312 
 4.47   -05 3.23   +01 2.8    +00                                 1240300300313 
 4.79   -05 5.19   +01 4.5    +00                                 1240300300314 
 5.14   -05 6.12   +01 4.9    +00                                 1240300300315 
 5.52   -05 5.85   +01 4.6    +00                                 1240300300316 
 6.0    -05 4.34   +01 2.6    +00                                 1240300300317 
 6.4    -05 2.92   +01 2.0    +00                                 1240300300318 
 7.0    -05 2.75   +01 1.9    +00                                 1240300300319 
 7.7    -05 3.03   +01 2.1    +00                                 1240300300320 
 8.3    -05 2.52   +01 1.7    +00                                 1240300300321 
 903.   -07 6.25   +01 4.6    -01                                 1240300300322 
 9.1    -05 2.47   +01 1.7    +00                                 1240300300323 
 911.   -07 5.83   +01 4.4    -01                                 1240300300324 
 927.   -07 5.98   +01 4.5    -01                                 1240300300325 
 936.   -07 6.51   +01 4.7    -01                                 1240300300326 
 946.   -07 7.02   +01 4.9    -01                                 1240300300327 
 956.   -07 6.08   +01 4.5    -01                                 1240300300328 
 965.   -07 6.51   +01 4.6    -01                                 1240300300329 
 975.   -07 7.09   +01 4.8    -01                                 1240300300330 
 984.   -07 6.36   +01 4.4    -01                                 1240300300331 
 995.   -07 6.42   +01 4.5    -01                                 1240300300332 
 1.01   -04 2.05   +01 1.5    +00                                 1240300300333 
 1.11   -04 2.21   +01 1.5    +00                                 1240300300334 
 1.24   -04 2.55   +01 1.6    +00                                 1240300300335 
 1.39   -04 2.402  +01 1.5    +00                                 1240300300336 
 1.57   -04 2.033  +01 1.3    +00                                 1240300300337 
 1.79   -04 1.896  +01 1.2    +00                                 1240300300338 
 2.05   -04 1.855  +01 1.1    +00                                 1240300300339 
 2.38   -04 1.951  +01 1.2    +00                                 1240300300340 
 2.80   -04 1.792  +01 1.1    +00                                 1240300300341 
 3.33   -04 1.482  +01 1.00   +00                                 1240300300342 
 4.02   -04 1.240  +01 9.0    -02                                 1240300300343 
 4.97   -04 1.149  +01 7.3    -02                                 1240300300344 
 6.28   -04 1.056  +01 6.4    -02                                 1240300300345 
 8.14   -04 9.88   +00 5.8    -02                                 1240300300346 
 1.118  -03 7.83   +00 4.6    -02                                 1240300300347 
 1.610  -03 6.44   +00 3.8    -02                                 1240300300348 
 2.520  -03 5.44   +00 3.3    -02                                 1240300300349 
 4.460  -03 4.35   +00 2.5    -02                                 1240300300350 
 1.007  -02 3.31   +00 1.6    -02                                 1240300300351 
 4.020  -02 2.10   +00 9.     -02                                 1240300300352 
ENDDATA            338          0                                 1240300300353 
ENDSUBENT          352          0                                 1240300399999 
SUBENT        12403004   19780312                             00001240300400001 
BIB                  2          7                                 1240300400002 
REACTION  1(92-U-235(N,0),,EN)                                    1240300400003 
          2(92-U-235(N,G),,WID)                                   1240300400004 
          3(92-U-235(N,F),,WID)                                   1240300400005 
          4(92-U-235(N,EL),,WID)                                  1240300400006 
          5(92-U-235(N,TOT),,WID)                                 1240300400007 
          6(92-U-235(N,EL),,WID/RED)                              1240300400008 
ASSUMED    (ASSUM,92-U-235(N,G),,WID)                             1240300400009 
ENDBIB               7          0                                 1240300400010 
COMMON               1          3                                 1240300400011 
MOMENTUM L                                                        1240300400012 
NO-DIM                                                            1240300400013 
 0.                                                               1240300400014 
ENDCOMMON            3          0                                 1240300400015 
DATA                13          6                                 1240300400016 
DATA      1DATA-ERR  1DATA      2DATA-ERR  2DATA      3DATA-ERR  31240300400017 
DATA      4DATA-ERR  4DATA      5DATA-ERR  5DATA      6DATA-ERR  61240300400018 
ASSUM                                                             1240300400019 
EV         EV         MILLI-EV   MILLI-EV   MILLI-EV   MILLI-EV   1240300400020 
MILLI-EV   MILLI-EV   MILLI-EV   MILLI-EV   MILLI-EV   MILLI-EV   1240300400021 
EV                                                                1240300400022 
  0.290      .005       31.        26.       116.        18.      1240300400023 
  0.0040     .0004     147.        20.        0.0074     0.0007   1240300400024 
                                                                  1240300400025 
  1.10       .01        16.        30.       148.        22.      1240300400026 
  0.0165     .0015     164.        24.        0.0157     0.0014   1240300400027 
                                                                  1240300400028 
  2.05       .02                              18.        12.      1240300400029 
  0.0094     .0009      53.        12.        0.0066     0.0007   1240300400030 
 0.35                                                             1240300400031 
  3.20       .05                              36.        13.      1240300400032 
  0.032      .005       71.        13.        0.018      0.003    1240300400033 
 0.35                                                             1240300400034 
  3.66       .05                              97.        50.      1240300400035 
  0.042      .005      132.        50.        0.022      0.003    1240300400036 
 0.35                                                             1240300400037 
  8.95       .15                              80.        34.      1240300400038 
  1.66       .60       115.        34.        0.56       0.20     1240300400039 
 0.35                                                             1240300400040 
ENDDATA             24          0                                 1240300400041 
ENDSUBENT           40          0                                 1240300499999 
SUBENT        12403005   19780312                             00001240300500001 
BIB                  1          3                                 1240300500002 
REACTION  1(92-U-235(N,TOT),,WID,,S0)                             1240300500003 
          2(92-U-235(N,TOT),,WID,,SQ/S0)                          1240300500004 
          3(92-U-235(N,F),,WID,,S0)                               1240300500005 
ENDBIB               3          0                                 1240300500006 
NOCOMMON             0          0                                 1240300500007 
DATA                 7          6                                 1240300500008 
EN-RES     DATA      1DATA-ERR  1DATA      2DATA-ERR  2DATA      31240300500009 
DATA-ERR  3                                                       1240300500010 
EV         B*EV       B*EV       B*EV-SQ    B*EV-SQ    B*EV       1240300500011 
B*EV                                                              1240300500012 
 0.290      17.8        1.5                              14.0     1240300500013 
   1.5                                                            1240300500014 
 1.10       19.7        1.5                              17.7     1240300500015 
   1.5                                                            1240300500016 
 2.05        6.0        0.6        0.32        .06                1240300500017 
                                                                  1240300500018 
 3.20       13.         2.                                6.6     1240300500019 
   0.7                                                            1240300500020 
 3.66       15.         2.                               11.      1240300500021 
   1.                                                             1240300500022 
 8.95                             28.         6.        170.      1240300500023 
  20.                                                             1240300500024 
ENDDATA             16          0                                 1240300500025 
ENDSUBENT           24          0                                 1240300599999 
SUBENT        12403006   19780312                             00001240300600001 
BIB                  1          4                                 1240300600002 
REACTION  1(92-U-235(N,0),,EN)                                    1240300600003 
          2(92-U-235(N,F),,WID,,S0)                               1240300600004 
          3(92-U-235(N,EL),,WID)                                  1240300600005 
          4(92-U-235(N,EL),,WID/RED)                              1240300600006 
ENDBIB               4          0                                 1240300600007 
COMMON               1          3                                 1240300600008 
MOMENTUM L                                                        1240300600009 
NO-DIM                                                            1240300600010 
 0.                                                               1240300600011 
ENDCOMMON            3          0                                 1240300600012 
DATA                 6          2                                 1240300600013 
DATA      1DATA-ERR  1DATA      2DATA-ERR  2DATA-MIN  3DATA-MIN  41240300600014 
EV         EV         B*EV       B*EV       MILLI-EV   MILLI-EV   1240300600015 
   6.44       0.09       22.        2.         0.11       0.042   1240300600016 
  7.16       0.10       14.        2.         0.08       0.03     1240300600017 
ENDDATA              4          0                                 1240300600018 
ENDSUBENT           17          0                                 1240300699999 
SUBENT        12403007   19780312                             00001240300700001 
BIB                  1          1                                 1240300700002 
REACTION   (92-U-235(N,EL),,STF)                                  1240300700003 
ENDBIB               1          0                                 1240300700004 
NOCOMMON             0          0                                 1240300700005 
DATA                 4          1                                 1240300700006 
EN-MIN     EN-MAX     DATA       MOMENTUM L                       1240300700007 
EV         EV         NO-DIM     NO-DIM                           1240300700008 
 100.       4000.      1.09   -04 0.                              1240300700009 
ENDDATA              3          0                                 1240300700010 
ENDSUBENT            9          0                                 1240300799999 
SUBENT        12403008   19780312                             00001240300800001 
BIB                  2          2                                 1240300800002 
REACTION   (92-U-235(N,ABS),,ALF,,AV)                             1240300800003 
ANALYSIS   FIT TO HIGH ENERGY AVERAGE CROSS SECTIONS              1240300800004 
ENDBIB               2          0                                 1240300800005 
NOCOMMON             0          0                                 1240300800006 
DATA                 3          1                                 1240300800007 
EN-MIN     EN-MAX     DATA                                        1240300800008 
EV         EV         NO-DIM                                      1240300800009 
 100.       4000.      0.64                                       1240300800010 
ENDDATA              3          0                                 1240300800011 
ENDSUBENT           10          0                                 1240300899999 
ENDENTRY             8          0                                 1240399999999 
