ENTRY            12407   19820519                             00001240700000001 
SUBENT        12407001   19820519                             00001240700100001 
BIB                  6          8                                 1240700100002 
INSTITUTE  (1USAORL)                                              1240700100003 
REFERENCE  (J,NSE,20,80,64)                                       1240700100004 
AUTHOR     (L.W.WESTON,G.DE SAUSSURE,R.GWIN)                      1240700100005 
TITLE      RATIO OF CAPTURE TO FISSION IN U235 AT KEV NEUTRON     1240700100006 
           ENERGIES.                                              1240700100007 
STATUS     (SCSRS)                                                1240700100008 
HISTORY    (760804T) TRANSLATED FROM SCISRS                       1240700100009 
           (820519A) CONVERTED TO REACTION FORMALISM              1240700100010 
ENDBIB               8          0                                 1240700100011 
NOCOMMON             0          0                                 1240700100012 
ENDSUBENT           11          0                                 1240700199999 
SUBENT        12407002   19820519                             00001240700200001 
BIB                  3          3                                 1240700200002 
REACTION   (92-U-235(N,ABS),,ALF)                                 1240700200003 
METHOD     (TOF)      TIME-OF-FLIGHT                              1240700200004 
DETECTOR   (STANK) LARGE LIQUID SCINTILLATOR                      1240700200005 
ENDBIB               3          0                                 1240700200006 
NOCOMMON             0          0                                 1240700200007 
DATA                 4         26                                 1240700200008 
EN         EN-RSL     DATA       DATA-ERR                         1240700200009 
MEV        MEV        NO-DIM     NO-DIM                           1240700200010 
 1.23   -02 8.     -04 3.68   -01 4.0    -02                      1240700200011 
 1.40   -02 9.     -04 3.64   -01 4.0    -02                      1240700200012 
 1.75   -02 1.2    -03 3.54   -01 4.0    -02                      1240700200013 
 2.05   -02 1.5    -03 3.47   -01 3.1    -02                      1240700200014 
 2.55   -02 2.0    -03 3.47   -01 3.1    -02                      1240700200015 
 2.94   -02 1.00   -02 3.48   -01 3.9    -02                      1240700200016 
 3.00   -02 1.00   -02 3.72   -01 2.6    -02                      1240700200017 
 3.25   -02 2.7    -03 3.39   -01 3.0    -02                      1240700200018 
 4.20   -02 3.7    -03 3.52   -01 3.0    -02                      1240700200019 
 5.60   -02 5.5    -03 3.33   -01 3.0    -02                      1240700200020 
 6.40   -02 1.50   -02 3.15   -01 6.0    -02                      1240700200021 
 7.00   -02 7.8    -03 3.13   -01 2.5    -02                      1240700200022 
 9.60   -02 1.00   -02 3.04   -01 2.5    -02                      1240700200023 
 1.150  -01 1.15   -02 2.64   -01 3.0    -02                      1240700200024 
 1.360  -01 1.05   -02 2.51   -01 3.0    -02                      1240700200025 
 1.600  -01 1.00   -02 2.26   -01 2.3    -02                      1240700200026 
 1.850  -01 9.7    -03 1.89   -01 2.8    -02                      1240700200027 
 2.050  -01 9.5    -03 1.82   -01 2.5    -02                      1240700200028 
 2.400  -01 9.3    -03 1.86   -01 2.3    -02                      1240700200029 
 2.950  -01 9.1    -03 1.75   -01 2.3    -02                      1240700200030 
 3.500  -01 9.0    -03 1.39   -01 2.2    -02                      1240700200031 
 3.900  -01 8.8    -03 1.36   -01 2.1    -02                      1240700200032 
 4.500  -01 8.7    -03 1.32   -01 1.9    -02                      1240700200033 
 5.400  -01 8.6    -03 1.22   -01 1.8    -02                      1240700200034 
 6.000  -01 8.5    -03 8.7    -02 1.8    -02                      1240700200035 
 6.900  -01 8.4    -03 9.7    -02 1.8    -02                      1240700200036 
ENDDATA             28          0                                 1240700200037 
ENDSUBENT           36          0                                 1240700299999 
ENDENTRY             2          0                                 1240799999999 
