ENTRY            12415   19820519                             00001241500000001 
SUBENT        12415001   19820519                             00001241500100001 
BIB                  6          7                                 1241500100002 
INSTITUTE  (1USALAS)                                              1241500100003 
REFERENCE  (J,PR,105,1350,57)                                     1241500100004 
AUTHOR     (B.C.DIVEN)                                            1241500100005 
TITLE      FISSION CROSS SECTIONS OF U235 FOR FAST NEUTRONS.      1241500100006 
STATUS     (SCSRS)                                                1241500100007 
HISTORY    (760804T) TRANSLATED FROM SCISRS                       1241500100008 
           (820519A) CONVERTED TO REACTION FORMALISM              1241500100009 
ENDBIB               7          0                                 1241500100010 
NOCOMMON             0          0                                 1241500100011 
ENDSUBENT           10          0                                 1241500199999 
SUBENT        12415002   19820519                             00001241500200001 
BIB                  3          4                                 1241500200002 
REACTION   (92-U-235(N,F),,SIG)                                   1241500200003 
DETECTOR   (FISCH) BACK-TO-BACK FISSION CHAMBER                   1241500200004 
MONITOR    (1-H-1(N,EL)1-H-1,,SIG)                                1241500200005 
            NORMALIZED AT 1.272 MEV TO N-P SCATTERING.            1241500200006 
ENDBIB               4          0                                 1241500200007 
NOCOMMON             0          0                                 1241500200008 
DATA                 5         14                                 1241500200009 
EN         EN-RSL     DATA       DATA-ERR   MONIT                 1241500200010 
MEV        MEV        B          B          B                     1241500200011 
 4.03   -01 3.9    -02 1.28   +00 8.     -02 6.886                1241500200012 
 5.13   -01 3.9    -02 1.24   +00 7.     -02 6.060                1241500200013 
 5.62   -01 3.9    -02 1.27   +00 7.     -02 5.778                1241500200014 
 6.73   -01 4.1    -02 1.17   +00 6.     -02 5.272                1241500200015 
 7.70   -01 4.0    -02 1.19   +00 6.     -02 4.906                1241500200016 
 8.65   -01 3.9    -02 1.23   +00 6.     -02 4.601                1241500200017 
 9.44   -01 3.9    -02 1.27   +00 5.     -02 4.391                1241500200018 
 1.025  +00 3.9    -02 1.26   +00 5.     -02 4.200                1241500200019 
 1.095  +00 3.9    -02 1.27   +00 4.     -02 4.053                1241500200020 
 1.171  +00 3.7    -02 1.27   +00 4.     -02 3.980                1241500200021 
 1.272  +00 3.5    -02 1.27   +00 4.4    -02 3.737                1241500200022 
 1.424  +00 3.5    -02 1.27   +00 4.     -02 3.514                1241500200023 
 1.545  +00 3.2    -02 1.30   +00 5.     -02 3.306                1241500200024 
 1.620  +00 3.0    -02 1.31   +00 5.     -02 3.271                1241500200025 
ENDDATA             16          0                                 1241500200026 
ENDSUBENT           25          0                                 1241500299999 
ENDENTRY             2          0                                 1241599999999 
