ENTRY            12452   19830809                             00001245200000001 
SUBENT        12452001   19830809                             00001245200100001 
BIB                  6         10                                 1245200100002 
INSTITUTE  (1USALAS)                                              1245200100003 
REFERENCE  (C,68WASH,1,627(D19),6803)                             1245200100004 
           (R,LA-DC-9205,6803)                                    1245200100005 
           (C,66WASH,1,623,6603)                                  1245200100006 
AUTHOR     (W.E.STEIN,R.K.SMITH,H.L.SMITH)                        1245200100007 
TITLE      RELATIVE FISSION CROSS SECTIONS OF U236, U238, NP237   1245200100008 
           AND U235.                                              1245200100009 
STATUS     (SCSRS)                                                1245200100010 
HISTORY    (760804T) TRANSLATED FROM SCISRS                       1245200100011 
           (830809A) CONVERTED TO REACTION FORMALISM              1245200100012 
ENDBIB              10          0                                 1245200100013 
NOCOMMON             0          0                                 1245200100014 
ENDSUBENT           13          0                                 1245200199999 
SUBENT        12452002   19830809                             00001245200200001 
BIB                  3          5                                 1245200200002 
REACTION   ((92-U-236(N,F),,SIG)/                                 1245200200003 
           (92-U-235(N,F),,SIG))                                  1245200200004 
METHOD     (TOF)      TIME-OF-FLIGHT                              1245200200005 
ERR-ANALYS RELATIVE ERRORS IN DATA TABLE. ABSOLUTE ERROR          1245200200006 
            ESTIMATED 2.2 PERCENT.                                1245200200007 
ENDBIB               5          0                                 1245200200008 
NOCOMMON             0          0                                 1245200200009 
DATA                 3         16                                 1245200200010 
EN         DATA       DATA-ERR                                    1245200200011 
MEV        NO-DIM     NO-DIM                                      1245200200012 
 1.00   +00 2.71   -01 5.     -03                                 1245200200013 
 1.25   +00 4.65   -01 7.     -03                                 1245200200014 
 1.50   +00 5.27   -01 5.     -03                                 1245200200015 
 2.00   +00 5.96   -01 5.     -03                                 1245200200016 
 2.25   +00 6.39   -01 6.     -03                                 1245200200017 
 2.50   +00 6.66   -01 6.     -03                                 1245200200018 
 2.75   +00 6.66   -01 6.     -03                                 1245200200019 
 3.00   +00 6.81   -01 6.     -03                                 1245200200020 
 3.25   +00 6.96   -01 6.     -03                                 1245200200021 
 3.50   +00 7.17   -01 6.     -03                                 1245200200022 
 3.75   +00 7.29   -01 7.     -03                                 1245200200023 
 4.00   +00 7.35   -01 7.     -03                                 1245200200024 
 4.25   +00 7.43   -01 6.     -03                                 1245200200025 
 4.50   +00 7.59   -01 7.     -03                                 1245200200026 
 4.75   +00 7.50   -01 7.     -03                                 1245200200027 
 5.00   +00 7.50   -01 7.     -03                                 1245200200028 
ENDDATA             18          0                                 1245200200029 
ENDSUBENT           28          0                                 1245200299999 
SUBENT        12452003   19830809                             00001245200300001 
BIB                  3          5                                 1245200300002 
REACTION   ((92-U-238(N,F),,SIG)/                                 1245200300003 
           (92-U-235(N,F),,SIG))                                  1245200300004 
METHOD     (TOF)  TIME-OF-FLIGHT                                  1245200300005 
ERR-ANALYS DATA ERROR GIVEN IS RELATIVE ERROR. ABSOLUTE ERROR     1245200300006 
            ESTIMATED 2.2 PERCENT.                                1245200300007 
ENDBIB               5          0                                 1245200300008 
NOCOMMON             0          0                                 1245200300009 
DATA                 3         14                                 1245200300010 
EN         DATA       DATA-ERR                                    1245200300011 
MEV        NO-DIM     NO-DIM                                      1245200300012 
 1.50   +00 2.20   -01 3.     -03                                 1245200300013 
 2.00   +00 4.03   -01 4.     -03                                 1245200300014 
 2.25   +00 4.15   -01 4.     -03                                 1245200300015 
 2.50   +00 4.17   -01 4.     -03                                 1245200300016 
 2.75   +00 4.18   -01 4.     -03                                 1245200300017 
 3.00   +00 4.22   -01 4.     -03                                 1245200300018 
 3.25   +00 4.32   -01 5.     -03                                 1245200300019 
 3.50   +00 4.52   -01 5.     -03                                 1245200300020 
 3.75   +00 4.65   -01 5.     -03                                 1245200300021 
 4.00   +00 4.74   -01 4.     -03                                 1245200300022 
 4.25   +00 4.78   -01 5.     -03                                 1245200300023 
 4.50   +00 4.89   -01 6.     -03                                 1245200300024 
 4.75   +00 4.87   -01 5.     -03                                 1245200300025 
 5.00   +00 4.81   -01 5.     -03                                 1245200300026 
ENDDATA             16          0                                 1245200300027 
ENDSUBENT           26          0                                 1245200399999 
SUBENT        12452004   19840801                             00001245200400001 
BIB                  4          6                                 1245200400002 
REACTION   ((93-NP-237(N,F),,SIG)/                                1245200400003 
           (92-U-235(N,F),,SIG))                                  1245200400004 
METHOD     (TOF)      TIME-OF-FLIGHT                              1245200400005 
ERR-ANALYS (DATA-ERR1) RELATIVE ERRORS                            1245200400006 
           (DATA-ERR2) ESTIMATED ABSOLUTE ERRORS                  1245200400007 
HISTORY    (840801A) BIB CORRECTION.                              1245200400008 
ENDBIB               6          0                                 1245200400009 
COMMON               2          3                                 1245200400010 
DATA-ERR1  DATA-ERR2                                              1245200400011 
NO-DIM     PER-CENT                                               1245200400012 
 0.01       2.6                                                   1245200400013 
ENDCOMMON            3          0                                 1245200400014 
DATA                 2         12                                 1245200400015 
EN         DATA                                                   1245200400016 
MEV        NO-DIM                                                 1245200400017 
 1.00   +00 1.21   +00                                            1245200400018 
 1.50   +00 1.28   +00                                            1245200400019 
 1.75   +00 1.30   +00                                            1245200400020 
 2.00   +00 1.31   +00                                            1245200400021 
 2.25   +00 1.32   +00                                            1245200400022 
 2.50   +00 1.33   +00                                            1245200400023 
 2.75   +00 1.35   +00                                            1245200400024 
 3.00   +00 1.35   +00                                            1245200400025 
 3.25   +00 1.36   +00                                            1245200400026 
 3.50   +00 1.36   +00                                            1245200400027 
 4.00   +00 1.35   +00                                            1245200400028 
 4.50   +00 1.38   +00                                            1245200400029 
ENDDATA             14          0                                 1245200400030 
ENDSUBENT           29          0                                 1245200499999 
ENDENTRY             4          0                                 1245299999999 
