ENTRY            12469   19830809                             00001246900000001 
SUBENT        12469001   19830809                             00001246900100001 
BIB                  5          6                                 1246900100002 
INSTITUTE  (1USAKAP)                                              1246900100003 
REFERENCE  (W,YEATER,5610)                                        1246900100004 
AUTHOR     (M.L.YEATER)                                           1246900100005 
STATUS     (SCSRS)                                                1246900100006 
HISTORY    (760804T) TRANSLATED FROM SCISRS                       1246900100007 
           (830809A) CONVERTED TO REACTION FORMALISM              1246900100008 
ENDBIB               6          0                                 1246900100009 
NOCOMMON             0          0                                 1246900100010 
ENDSUBENT            9          0                                 1246900199999 
SUBENT        12469002   19830809                             00001246900200001 
BIB                  2          2                                 1246900200002 
REACTION   (92-U-238(N,TOT),,SIG)                                 1246900200003 
METHOD     (TOF)      TIME-OF-FLIGHT                              1246900200004 
ENDBIB               2          0                                 1246900200005 
NOCOMMON             0          0                                 1246900200006 
DATA                 2        144                                 1246900200007 
EN         DATA                                                   1246900200008 
MEV        B                                                      1246900200009 
 2.00   -04 2.86   +01                                            1246900200010 
 2.02   -04 2.24   +01                                            1246900200011 
 2.04   -04 2.55   +01                                            1246900200012 
 2.05   -04 2.98   +01                                            1246900200013 
 2.07   -04 4.22   +01                                            1246900200014 
 2.09   -04 4.81   +01                                            1246900200015 
 2.10   -04 6.87   +01                                            1246900200016 
 2.12   -04 1.96   +01                                            1246900200017 
 2.14   -04 3.62   +01                                            1246900200018 
 2.16   -04 1.12   +01                                            1246900200019 
 2.17   -04 5.42   +00                                            1246900200020 
 2.19   -04 1.96   +01                                            1246900200021 
 2.21   -04 2.30   +01                                            1246900200022 
 2.23   -04 3.93   +01                                            1246900200023 
 2.25   -04 2.06   +01                                            1246900200024 
 2.29   -04 1.84   +01                                            1246900200025 
 2.31   -04 1.15   +01                                            1246900200026 
 2.33   -04 1.75   +01                                            1246900200027 
 2.35   -04 2.99   +01                                            1246900200028 
 2.37   -04 3.30   +01                                            1246900200029 
 2.39   -04 2.37   +01                                            1246900200030 
 2.41   -04 5.38   +01                                            1246900200031 
 2.43   -04 3.02   +01                                            1246900200032 
 2.45   -04 6.96   +00                                            1246900200033 
 2.48   -04 2.66   +01                                            1246900200034 
 2.50   -04 1.52   +01                                            1246900200035 
 2.52   -04 8.90   +00                                            1246900200036 
 2.54   -04 1.03   +01                                            1246900200037 
 2.57   -04 4.26   +00                                            1246900200038 
 2.59   -04 2.45   +00                                            1246900200039 
 2.61   -04 1.08   +01                                            1246900200040 
 2.64   -04 2.15   +01                                            1246900200041 
 2.66   -04 1.52   +01                                            1246900200042 
 2.69   -04 2.44   +01                                            1246900200043 
 2.74   -04 2.94   +01                                            1246900200044 
 2.76   -04 3.29   +01                                            1246900200045 
 2.79   -04 2.81   +01                                            1246900200046 
 2.82   -04 3.35   +01                                            1246900200047 
 2.84   -04 2.35   +01                                            1246900200048 
 2.87   -04 2.88   +01                                            1246900200049 
 2.90   -04 3.58   +01                                            1246900200050 
 2.93   -04 2.37   +01                                            1246900200051 
 2.96   -04 3.52   +01                                            1246900200052 
 2.99   -04 3.20   +01                                            1246900200053 
 3.02   -04 7.48   +00                                            1246900200054 
 3.05   -04 2.42   +01                                            1246900200055 
 3.08   -04 1.11   +01                                            1246900200056 
 3.11   -04 2.94   +01                                            1246900200057 
 3.14   -04 1.74   +01                                            1246900200058 
 3.17   -04 2.51   +01                                            1246900200059 
 3.20   -04 3.92   +01                                            1246900200060 
 3.24   -04 2.10   +01                                            1246900200061 
 3.27   -04 2.33   +01                                            1246900200062 
 3.30   -04 2.11   +01                                            1246900200063 
 3.34   -04 1.69   +01                                            1246900200064 
 3.37   -04 2.08   +01                                            1246900200065 
 3.41   -04 2.60   +01                                            1246900200066 
 3.44   -04 2.65   +01                                            1246900200067 
 3.48   -04 1.88   +01                                            1246900200068 
 3.52   -04 3.00   +01                                            1246900200069 
 3.56   -04 2.27   +01                                            1246900200070 
 3.59   -04 2.63   +01                                            1246900200071 
 3.63   -04 1.85   +01                                            1246900200072 
 3.67   -04 1.77   +01                                            1246900200073 
 3.71   -04 2.72   +01                                            1246900200074 
 3.75   -04 1.75   +01                                            1246900200075 
 3.80   -04 2.05   +01                                            1246900200076 
 3.84   -04 2.17   +01                                            1246900200077 
 3.88   -04 1.64   +01                                            1246900200078 
 3.93   -04 2.94   +01                                            1246900200079 
 3.97   -04 2.46   +01                                            1246900200080 
 4.01   -04 1.61   +01                                            1246900200081 
 4.06   -04 2.00   +01                                            1246900200082 
 4.11   -04 1.60   +01                                            1246900200083 
 4.16   -04 1.00   +01                                            1246900200084 
 4.21   -04 1.93   +01                                            1246900200085 
 4.25   -04 1.68   +01                                            1246900200086 
 4.31   -04 1.57   +01                                            1246900200087 
 4.36   -04 1.86   +01                                            1246900200088 
 4.41   -04 2.64   +01                                            1246900200089 
 4.46   -04 2.34   +01                                            1246900200090 
 4.52   -04 2.43   +01                                            1246900200091 
 4.57   -04 2.60   +01                                            1246900200092 
 4.63   -04 1.67   +01                                            1246900200093 
 4.69   -04 2.63   +01                                            1246900200094 
 4.74   -04 2.23   +01                                            1246900200095 
 4.80   -04 2.28   +01                                            1246900200096 
 4.86   -04 1.17   +01                                            1246900200097 
 4.92   -04 1.86   +01                                            1246900200098 
 4.98   -04 3.51   +01                                            1246900200099 
 5.05   -04 1.44   +01                                            1246900200100 
 5.12   -04 2.84   +01                                            1246900200101 
 5.18   -04 2.38   +01                                            1246900200102 
 5.25   -04 3.09   +01                                            1246900200103 
 5.32   -04 1.39   +01                                            1246900200104 
 5.39   -04 2.61   +01                                            1246900200105 
 5.46   -04 2.03   +01                                            1246900200106 
 5.53   -04 2.89   +01                                            1246900200107 
 5.61   -04 2.34   +01                                            1246900200108 
 5.69   -04 2.90   +01                                            1246900200109 
 5.76   -04 8.57   +00                                            1246900200110 
 5.84   -04 2.66   +01                                            1246900200111 
 5.93   -04 3.56   +01                                            1246900200112 
 6.01   -04 3.42   +01                                            1246900200113 
 6.09   -04 2.73   +01                                            1246900200114 
 6.18   -04 3.17   +01                                            1246900200115 
 6.27   -04 4.21   +01                                            1246900200116 
 6.35   -04 1.81   +01                                            1246900200117 
 6.45   -04 1.42   +01                                            1246900200118 
 6.54   -04 1.23   +01                                            1246900200119 
 6.64   -04 1.51   +01                                            1246900200120 
 6.74   -04 2.88   +01                                            1246900200121 
 6.84   -04 2.08   +01                                            1246900200122 
 6.94   -04 2.12   +01                                            1246900200123 
 7.04   -04 2.29   +01                                            1246900200124 
 7.15   -04 2.29   +01                                            1246900200125 
 7.26   -04 1.91   +01                                            1246900200126 
 7.38   -04 1.19   +01                                            1246900200127 
 7.49   -04 1.71   +01                                            1246900200128 
 7.61   -04 3.83   +01                                            1246900200129 
 7.73   -04 1.54   +01                                            1246900200130 
 7.85   -04 3.59   +01                                            1246900200131 
 7.98   -04 1.41   +01                                            1246900200132 
 8.11   -04 1.54   +01                                            1246900200133 
 8.24   -04 2.50   +01                                            1246900200134 
 8.38   -04 2.94   +01                                            1246900200135 
 8.52   -04 3.23   +01                                            1246900200136 
 8.67   -04 3.87   +01                                            1246900200137 
 8.81   -04 2.20   +01                                            1246900200138 
 8.96   -04 1.79   +01                                            1246900200139 
 9.11   -04 2.99   +01                                            1246900200140 
 9.27   -04 3.18   +01                                            1246900200141 
 9.43   -04 3.21   +01                                            1246900200142 
 9.60   -04 2.91   +01                                            1246900200143 
 9.77   -04 2.96   +01                                            1246900200144 
 1.013  -03 1.84   +01                                            1246900200145 
 1.032  -03 1.43   +01                                            1246900200146 
 1.051  -03 8.00   +00                                            1246900200147 
 1.111  -03 1.72   +01                                            1246900200148 
 1.133  -03 2.01   +01                                            1246900200149 
 1.154  -03 3.25   +01                                            1246900200150 
 1.177  -03 4.66   +01                                            1246900200151 
 1.201  -03 3.11   +01                                            1246900200152 
 1.225  -03 1.45   +01                                            1246900200153 
ENDDATA            146          0                                 1246900200154 
ENDSUBENT          153          0                                 1246900299999 
ENDENTRY             2          0                                 1246999999999 
