ENTRY            12472   19830809                             00001247200000001 
SUBENT        12472001   19830809                             00001247200100001 
BIB                  5          6                                 1247200100002 
INSTITUTE  (1USALAS)                                              1247200100003 
REFERENCE  (W,ENNIS,5209)                                         1247200100004 
AUTHOR     (E.ENNIS)                                              1247200100005 
STATUS     (SCSRS)                                                1247200100006 
HISTORY    (760804T) TRANSLATED FROM SCISRS                       1247200100007 
           (830809A) CONVERTED TO REACTION FORMALISM              1247200100008 
ENDBIB               6          0                                 1247200100009 
NOCOMMON             0          0                                 1247200100010 
ENDSUBENT            9          0                                 1247200199999 
SUBENT        12472002   19830809                             00001247200200001 
BIB                  1          1                                 1247200200002 
REACTION   (92-U-238(N,NON),,SIG)                                 1247200200003 
ENDBIB               1          0                                 1247200200004 
NOCOMMON             0          0                                 1247200200005 
DATA                 2         25                                 1247200200006 
EN         DATA                                                   1247200200007 
MEV        B                                                      1247200200008 
 3.6    -01 5.3    -01                                            1247200200009 
 4.9    -01 6.2    -01                                            1247200200010 
 6.15   -01 8.4    -01                                            1247200200011 
 7.85   -01 9.5    -01                                            1247200200012 
 8.50   -01 1.27   +00                                            1247200200013 
 9.05   -01 9.5    -01                                            1247200200014 
 9.30   -01 1.66   +00                                            1247200200015 
 9.90   -01 9.6    -01                                            1247200200016 
 1.075  +00 1.85   +00                                            1247200200017 
 1.140  +00 1.38   +00                                            1247200200018 
 1.19   +00 1.72   +00                                            1247200200019 
 1.235  +00 1.74   +00                                            1247200200020 
 1.245  +00 2.64   +00                                            1247200200021 
 1.29   +00 2.29   +00                                            1247200200022 
 1.30   +00 2.40   +00                                            1247200200023 
 1.35   +00 2.16   +00                                            1247200200024 
 1.38   +00 2.56   +00                                            1247200200025 
 1.41       2.61                                                  1247200200026 
 1.435      2.41                                                  1247200200027 
 1.45       2.77                                                  1247200200028 
 1.465  +00 2.87   +00                                            1247200200029 
 1.525  +00 2.67   +00                                            1247200200030 
 1.575  +00 3.00   +00                                            1247200200031 
 1.645  +00 3.00   +00                                            1247200200032 
 1.725  +00 3.26   +00                                            1247200200033 
ENDDATA             27          0                                 1247200200034 
ENDSUBENT           33          0                                 1247200299999 
ENDENTRY             2          0                                 1247299999999 
