ENTRY            12507   19830809                             00001250700000001 
SUBENT        12507001   19830809                             00001250700100001 
BIB                  6          8                                 1250700100002 
INSTITUTE  (1USACOL)                                              1250700100003 
REFERENCE  (J,NSE,11,65,61)                                       1250700100004 
AUTHOR     (G.J.SAFFORD,W.W.HAVENS JR)                            1250700100005 
TITLE      A PRECISION MEASUREMENT OF THE TOTAL CROSS SECTION OF  1250700100006 
           PU239 BETWEEN 0.00291 AND 0.1 EV.                      1250700100007 
STATUS     (SCSRS)                                                1250700100008 
HISTORY    (760804T) TRANSLATED FROM SCISRS                       1250700100009 
           (830809A) CONVERTED TO REACTION FORMALISM              1250700100010 
ENDBIB               8          0                                 1250700100011 
NOCOMMON             0          0                                 1250700100012 
ENDSUBENT           11          0                                 1250700199999 
SUBENT        12507002   19830809                             00001250700200001 
BIB                  3          3                                 1250700200002 
REACTION   (94-PU-239(N,TOT),,SIG)                                1250700200003 
FACILITY   (SPECC)    CRYSTAL SPECTROMETER                        1250700200004 
SAMPLE     METALLIC SAMPLE, 99.82 PERCENT PU-239                  1250700200005 
ENDBIB               3          0                                 1250700200006 
NOCOMMON             0          0                                 1250700200007 
DATA                 3         17                                 1250700200008 
EN         DATA       DATA-ERR                                    1250700200009 
MEV        B          B                                           1250700200010 
 2.91   -09 2.838  +03 2.2    +01                                 1250700200011 
 1.855  -08 1.169  +03 9.     +00                                 1250700200012 
 2.53   -08 1.018  +03 8.     +00                                 1250700200013 
 3.0    -08 9.457  +02 7.3    +00                                 1250700200014 
 3.5    -08 8.905  +02 6.8    +00                                 1250700200015 
 3.75   -08 8.651  +02 6.7    +00                                 1250700200016 
 4.25   -08 8.265  +02 6.4    +00                                 1250700200017 
 4.50   -08 8.117  +02 6.3    +00                                 1250700200018 
 5.00   -08 7.828  +02 6.0    +00                                 1250700200019 
 5.50   -08 7.625  +02 5.9    +00                                 1250700200020 
 6.00   -08 7.407  +02 5.7    +00                                 1250700200021 
 6.50   -08 7.270  +02 5.6    +00                                 1250700200022 
 6.765  -08 7.234  +02 5.6    +00                                 1250700200023 
 7.0    -08 7.169  +02 5.5    +00                                 1250700200024 
 7.25   -08 7.141  +02 5.6    +00                                 1250700200025 
 8.18   -08 7.016  +02 5.5    +00                                 1250700200026 
 1.00   -07 6.995  +02 5.4    +00                                 1250700200027 
ENDDATA             19          0                                 1250700200028 
ENDSUBENT           27          0                                 1250700299999 
SUBENT        12507003   19830809                             00001250700300001 
BIB                  4          4                                 1250700300002 
REACTION   (94-PU-239(N,ABS),,SIG)                                1250700300003 
FACILITY   (SPECC)    CRYSTAL SPECTROMETER                        1250700300004 
COMMENT    FROM TOTAL, ASSUMING SCATTERING 11B.                   1250700300005 
STATUS     (DEP,12507002)                                         1250700300006 
ENDBIB               4          0                                 1250700300007 
NOCOMMON             0          0                                 1250700300008 
DATA                 2         16                                 1250700300009 
EN         DATA                                                   1250700300010 
MEV        B                                                      1250700300011 
 2.91   -09 2.827  +03                                            1250700300012 
 2.53   -08 1.007  +03                                            1250700300013 
 3.0    -08 9.437  +02                                            1250700300014 
 3.5    -08 8.795  +02                                            1250700300015 
 3.75   -08 8.541  +02                                            1250700300016 
 4.25   -08 8.155  +02                                            1250700300017 
 4.5    -08 8.007  +02                                            1250700300018 
 5.     -08 7.718  +02                                            1250700300019 
 5.5    -08 7.515  +02                                            1250700300020 
 6.     -08 7.297  +02                                            1250700300021 
 6.5    -08 7.160  +02                                            1250700300022 
 6.77   -08 7.124  +02                                            1250700300023 
 7.     -08 7.059  +02                                            1250700300024 
 7.25   -08 7.031  +02                                            1250700300025 
 8.18   -08 6.906  +02                                            1250700300026 
 1.0    -07 6.885  +02                                            1250700300027 
ENDDATA             18          0                                 1250700300028 
ENDSUBENT           27          0                                 1250700399999 
ENDENTRY             3          0                                 1250799999999 
