ENTRY            12526   19780319                             00001252600000001 
SUBENT        12526001   19780319                             00001252600100001 
BIB                  6          7                                 1252600100002 
INSTITUTE  (1USAMTR)                                              1252600100003 
REFERENCE  (J,BAP,2,219(S12),5704)                                1252600100004 
           (R,PTR-203,5704)                                       1252600100005 
AUTHOR     (O.D.SIMPSON,R.G.FLUHARTY)                             1252600100006 
TITLE      NEUTRON TRANSMISSION AND RESONANCE PARAMETERS IN PU-2401252600100007 
STATUS     (SCSRS)                                                1252600100008 
HISTORY    (760804T) TRANSLATED FROM SCISRS                       1252600100009 
ENDBIB               7          0                                 1252600100010 
NOCOMMON             0          0                                 1252600100011 
ENDSUBENT           10          0                                 1252600199999 
SUBENT        12526002   19760804                             00001252600200001 
BIB                  2          2                                 1252600200002 
REACTION   (94-PU-240(N,TOT),,SIG)                                1252600200003 
METHOD     (TOF)      TIME-OF-FLIGHT                              1252600200004 
ENDBIB               2          0                                 1252600200005 
NOCOMMON             0          0                                 1252600200006 
DATA                 2        240                                 1252600200007 
EN         DATA                                                   1252600200008 
MEV        B                                                      1252600200009 
 3.38   -08 3.23   +02                                            1252600200010 
 3.55   -08 3.29   +02                                            1252600200011 
 3.75   -08 3.26   +02                                            1252600200012 
 3.95   -08 3.20   +02                                            1252600200013 
 4.18   -08 2.99   +02                                            1252600200014 
 4.43   -08 2.99   +02                                            1252600200015 
 4.70   -08 2.92   +02                                            1252600200016 
 5.32   -08 2.77   +02                                            1252600200017 
 5.92   -08 2.61   +02                                            1252600200018 
 6.70   -08 2.48   +02                                            1252600200019 
 7.13   -08 2.43   +02                                            1252600200020 
 7.60   -08 2.35   +02                                            1252600200021 
 8.12   -08 2.30   +02                                            1252600200022 
 8.66   -08 2.23   +02                                            1252600200023 
 9.21   -08 2.21   +02                                            1252600200024 
 9.82   -08 2.15   +02                                            1252600200025 
 1.049  -07 2.08   +02                                            1252600200026 
 1.123  -07 2.03   +02                                            1252600200027 
 1.205  -07 2.01   +02                                            1252600200028 
 1.281  -07 1.92   +02                                            1252600200029 
 1.347  -07 1.91   +02                                            1252600200030 
 1.420  -07 1.90   +02                                            1252600200031 
 1.495  -07 1.85   +02                                            1252600200032 
 1.578  -07 1.73   +02                                            1252600200033 
 4.261  -07 1.96   +02                                            1252600200034 
 4.544  -07 2.32   +02                                            1252600200035 
 4.809  -07 2.34   +02                                            1252600200036 
 5.049  -07 2.54   +02                                            1252600200037 
 5.306  -07 2.72   +02                                            1252600200038 
 5.584  -07 2.92   +02                                            1252600200039 
 5.750  -07 3.29   +02                                            1252600200040 
 5.99   -07 3.54   +02                                            1252600200041 
 6.07   -07 3.60   +02                                            1252600200042 
 6.15   -07 3.71   +02                                            1252600200043 
 6.23   -07 3.79   +02                                            1252600200044 
 6.35   -07 3.96   +02                                            1252600200045 
 6.50   -07 4.10   +02                                            1252600200046 
 6.59   -07 4.18   +02                                            1252600200047 
 6.68   -07 4.44   +02                                            1252600200048 
 6.79   -07 4.66   +02                                            1252600200049 
 6.98   -07 4.96   +02                                            1252600200050 
 7.08   -07 5.37   +02                                            1252600200051 
 7.18   -07 5.47   +02                                            1252600200052 
 7.29   -07 5.76   +02                                            1252600200053 
 7.40   -07 5.76   +02                                            1252600200054 
 7.45   -07 6.05   +02                                            1252600200055 
 7.51   -07 6.26   +02                                            1252600200056 
 7.56   -07 6.37   +02                                            1252600200057 
 7.62   -07 6.87   +02                                            1252600200058 
 7.77   -07 6.87   +02                                            1252600200059 
 7.80   -07 7.01   +02                                            1252600200060 
 7.86   -07 7.43   +02                                            1252600200061 
 7.92   -07 8.27   +02                                            1252600200062 
 8.04   -07 8.92   +02                                            1252600200063 
 8.10   -07 8.92   +02                                            1252600200064 
 8.17   -07 9.35   +02                                            1252600200065 
 8.23   -07 9.68   +02                                            1252600200066 
 8.50   -07 1.090  +03                                            1252600200067 
 8.55   -07 1.100  +03                                            1252600200068 
 8.60   -07 1.237  +03                                            1252600200069 
 8.70   -07 1.300  +03                                            1252600200070 
 8.80   -07 1.410  +03                                            1252600200071 
 8.90   -07 1.590  +03                                            1252600200072 
 9.00   -07 1.840  +03                                            1252600200073 
 9.10   -07 1.920  +03                                            1252600200074 
 9.19   -07 2.200  +03                                            1252600200075 
 9.21   -07 2.540  +03                                            1252600200076 
 9.31   -07 2.750  +03                                            1252600200077 
 9.40   -07 3.000  +03                                            1252600200078 
 9.48   -07 3.710  +03                                            1252600200079 
 9.56   -07 4.320  +03                                            1252600200080 
 9.60   -07 4.300  +03                                            1252600200081 
 9.62   -07 4.660  +03                                            1252600200082 
 9.64   -07 4.690  +03                                            1252600200083 
 9.72   -07 5.770  +03                                            1252600200084 
 9.77   -07 6.900  +03                                            1252600200085 
 9.81   -07 6.980  +03                                            1252600200086 
 9.86   -07 1.0800 +04                                            1252600200087 
 9.94   -07 1.4500 +04                                            1252600200088 
 1.003  -06 1.7600 +04                                            1252600200089 
 1.012  -06 2.6900 +04                                            1252600200090 
 1.019  -06 2.8900 +04                                            1252600200091 
 1.021  -06 3.9400 +04                                            1252600200092 
 1.030  -06 5.3200 +04                                            1252600200093 
 1.031  -06 5.3400 +04                                            1252600200094 
 1.033  -06 5.8360 +04                                            1252600200095 
 1.039  -06 7.8940 +04                                            1252600200096 
 1.041  -06 7.2440 +04                                            1252600200097 
 1.044  -06 1.0016 +05                                            1252600200098 
 1.048  -06 1.0140 +05                                            1252600200099 
 1.052  -06 1.1034 +05                                            1252600200100 
 1.055  -06 1.1034 +05                                            1252600200101 
 1.057  -06 1.1370 +05                                            1252600200102 
 1.059  -06 1.1467 +05                                            1252600200103 
 1.063  -06 1.1391 +05                                            1252600200104 
 1.067  -06 1.1067 +05                                            1252600200105 
 1.067  -06 1.0276 +05                                            1252600200106 
 1.071  -06 1.0152 +05                                            1252600200107 
 1.074  -06 9.1230 +04                                            1252600200108 
 1.076  -06 8.6410 +04                                            1252600200109 
 1.078  -06 7.8610 +04                                            1252600200110 
 1.082  -06 6.9300 +04                                            1252600200111 
 1.086  -06 6.4700 +04                                            1252600200112 
 1.090  -06 6.2530 +04                                            1252600200113 
 1.094  -06 5.7230 +04                                            1252600200114 
 1.096  -06 4.2300 +04                                            1252600200115 
 1.098  -06 4.3960 +04                                            1252600200116 
 1.102  -06 3.6410 +04                                            1252600200117 
 1.106  -06 3.9300 +04                                            1252600200118 
 1.110  -06 2.9000 +04                                            1252600200119 
 1.116  -06 1.9500 +04                                            1252600200120 
 1.12   -06 1.4800 +04                                            1252600200121 
 1.126  -06 1.4500 +04                                            1252600200122 
 1.13   -06 1.1480 +04                                            1252600200123 
 1.14   -06 8.200  +03                                            1252600200124 
 1.15   -06 6.010  +03                                            1252600200125 
 1.16   -06 4.760  +03                                            1252600200126 
 1.17   -06 3.840  +03                                            1252600200127 
 1.18   -06 3.030  +03                                            1252600200128 
 1.19   -06 2.520  +03                                            1252600200129 
 1.21   -06 2.200  +03                                            1252600200130 
 1.22   -06 1.870  +03                                            1252600200131 
 1.23   -06 1.510  +03                                            1252600200132 
 1.24   -06 1.310  +03                                            1252600200133 
 1.27   -06 9.71   +02                                            1252600200134 
 1.30   -06 8.40   +02                                            1252600200135 
 1.34   -06 6.30   +02                                            1252600200136 
 1.37   -06 6.09   +02                                            1252600200137 
 1.38   -06 5.71   +02                                            1252600200138 
 1.39   -06 5.04   +02                                            1252600200139 
 1.41   -06 4.97   +02                                            1252600200140 
 1.42   -06 4.35   +02                                            1252600200141 
 1.44   -06 4.31   +02                                            1252600200142 
 1.45   -06 3.75   +02                                            1252600200143 
 1.47   -06 3.70   +02                                            1252600200144 
 1.48   -06 3.19   +02                                            1252600200145 
 1.50   -06 3.12   +02                                            1252600200146 
 1.51   -06 2.95   +02                                            1252600200147 
 1.53   -06 2.80   +02                                            1252600200148 
 1.55   -06 2.63   +02                                            1252600200149 
 1.56   -06 2.45   +02                                            1252600200150 
 1.58   -06 2.36   +02                                            1252600200151 
 1.60   -06 2.21   +02                                            1252600200152 
 1.62   -06 2.01   +02                                            1252600200153 
 1.63   -06 1.89   +02                                            1252600200154 
 1.65   -06 1.58   +02                                            1252600200155 
 1.68   -06 1.45   +02                                            1252600200156 
 1.73   -06 1.31   +02                                            1252600200157 
 1.79   -06 1.16   +02                                            1252600200158 
 1.84   -06 1.15   +02                                            1252600200159 
 1.90   -06 9.6    +01                                            1252600200160 
 1.96   -06 8.7    +01                                            1252600200161 
 2.04   -06 8.1    +01                                            1252600200162 
 2.11   -06 7.6    +01                                            1252600200163 
 2.20   -06 6.5    +01                                            1252600200164 
 2.28   -06 5.9    +01                                            1252600200165 
 2.37   -06 6.2    +01                                            1252600200166 
 2.48   -06 6.8    +01                                            1252600200167 
 2.58   -06 6.4    +01                                            1252600200168 
 2.70   -06 5.7    +01                                            1252600200169 
 2.81   -06 5.7    +01                                            1252600200170 
 2.95   -06 5.5    +01                                            1252600200171 
 3.07   -06 5.3    +01                                            1252600200172 
 3.23   -06 4.93   +01                                            1252600200173 
 3.37   -06 4.72   +01                                            1252600200174 
 3.55   -06 4.53   +01                                            1252600200175 
 3.73   -06 4.77   +01                                            1252600200176 
 3.92   -06 5.18   +01                                            1252600200177 
 4.07   -06 4.57   +01                                            1252600200178 
 4.24   -06 5.22   +01                                            1252600200179 
 4.46   -06 4.96   +01                                            1252600200180 
 5.45   -06 3.99   +01                                            1252600200181 
 5.61   -06 3.04   +01                                            1252600200182 
 5.80   -06 3.27   +01                                            1252600200183 
 6.02   -06 2.84   +01                                            1252600200184 
 6.26   -06 4.17   +01                                            1252600200185 
 6.51   -06 4.48   +01                                            1252600200186 
 6.78   -06 3.59   +01                                            1252600200187 
 7.06   -06 3.27   +01                                            1252600200188 
 8.64   -06 2.46   +01                                            1252600200189 
 9.05   -06 2.34   +01                                            1252600200190 
 9.49   -06 2.81   +01                                            1252600200191 
 9.96   -06 2.38   +01                                            1252600200192 
 1.255  -05 2.96   +01                                            1252600200193 
 1.33   -05 5.20   +01                                            1252600200194 
 1.33   -05 2.88   +01                                            1252600200195 
 1.375  -05 5.8    +01                                            1252600200196 
 1.62   -05 3.99   +01                                            1252600200197 
 1.64   -05 5.51   +01                                            1252600200198 
 1.68   -05 3.11   +01                                            1252600200199 
 1.83   -05 4.87   +01                                            1252600200200 
 1.847  -05 2.31   +01                                            1252600200201 
 1.89   -05 5.10   +01                                            1252600200202 
 1.91   -05 3.55   +01                                            1252600200203 
 1.98   -05 4.42   +01                                            1252600200204 
 2.025  -05 7.82   +01                                            1252600200205 
 2.031  -05 2.09   +02                                            1252600200206 
 2.036  -05 3.454  +02                                            1252600200207 
 2.041  -05 1.840  +03                                            1252600200208 
 2.047  -05 2.313  +03                                            1252600200209 
 2.053  -05 2.080  +03                                            1252600200210 
 2.059  -05 8.141  +02                                            1252600200211 
 2.065  -05 4.68   +02                                            1252600200212 
 2.070  -05 2.71   +02                                            1252600200213 
 2.076  -05 1.31   +02                                            1252600200214 
 2.082  -05 1.07   +02                                            1252600200215 
 2.129  -05 5.2    +01                                            1252600200216 
 2.33   -05 4.57   +01                                            1252600200217 
 2.344  -05 3.89   +01                                            1252600200218 
 2.445  -05 2.29   +01                                            1252600200219 
 2.528  -05 1.78   +01                                            1252600200220 
 2.780  -05 2.29   +01                                            1252600200221 
 2.80   -05 2.50   +01                                            1252600200222 
 2.892  -05 2.70   +01                                            1252600200223 
 2.954  -05 2.11   +01                                            1252600200224 
 3.02   -05 2.11   +01                                            1252600200225 
 3.125  -05 2.72   +01                                            1252600200226 
 3.327  -05 2.92   +01                                            1252600200227 
 3.449  -05 2.59   +01                                            1252600200228 
 3.577  -05 3.15   +01                                            1252600200229 
 3.712  -05 4.04   +01                                            1252600200230 
 3.768  -05 4.19   +01                                            1252600200231 
 3.782  -05 9.5    +01                                            1252600200232 
 3.797  -05 1.89   +02                                            1252600200233 
 3.811  -05 4.19   +02                                            1252600200234 
 3.826  -05 6.64   +02                                            1252600200235 
 3.855  -05 3.99   +02                                            1252600200236 
 3.870  -05 2.25   +02                                            1252600200237 
 3.884  -05 9.7    +01                                            1252600200238 
 3.899  -05 8.6    +01                                            1252600200239 
 4.006  -05 3.9    +01                                            1252600200240 
 4.10   -05 6.3    +01                                            1252600200241 
 4.12   -05 1.08   +02                                            1252600200242 
 4.134  -05 2.50   +02                                            1252600200243 
 4.150  -05 2.08   +02                                            1252600200244 
 4.167  -05 5.341  +02                                            1252600200245 
 4.183  -05 5.609  +02                                            1252600200246 
 4.199  -05 2.662  +02                                            1252600200247 
 4.217  -05 1.631  +02                                            1252600200248 
 4.32   -05 5.5    +01                                            1252600200249 
ENDDATA            242          0                                 1252600200250 
ENDSUBENT          249          0                                 1252600299999 
SUBENT        12526003   19780319                             00001252600300001 
BIB                  3          5                                 1252600300002 
REACTION  1(94-PU-240(N,0),,EN)                                   1252600300003 
          2(94-PU-240(N,EL),,WID)                                 1252600300004 
          3(94-PU-240(N,EL),,WID/RED)                             1252600300005 
ANALYSIS   (AREA) AREA ANALYSIS                                   1252600300006 
ASSUMED    (ASSUM,94-PU-240(N,G),,WID)                            1252600300007 
ENDBIB               5          0                                 1252600300008 
COMMON               2          3                                 1252600300009 
MOMENTUM L ASSUM                                                  1252600300010 
NO-DIM     MILLI-EV                                               1252600300011 
 0.         30.                                                   1252600300012 
ENDCOMMON            3          0                                 1252600300013 
DATA                 5         11                                 1252600300014 
DATA      1DATA      2DATA-ERR  2DATA      3DATA-ERR  3           1252600300015 
MEV        MILLI-EV   MILLI-EV   MILLI-EV   MILLI-EV              1252600300016 
 1.06   -06 2.06   +00 1.0    -01 2.00       0.1                  1252600300017 
 2.04   -05 2.44   +00 2.5    -01 0.54       0.06                 1252600300018 
 3.82   -05 1.39   +01 1.4    +00 2.25       0.23                 1252600300019 
 4.17   -05 1.87   +00 4.7    -01 0.29       0.07                 1252600300020 
 6.62   -05 4.5    +01 1.8    +01 5.5        2.2                  1252600300021 
 7.23   -05 2.9    +01 1.2    +01 3.4        1.4                  1252600300022 
 8.96   -05 1.7    +01 6.     +00 1.8        0.6                  1252600300023 
 9.16   -05 4.     +00 2.     +00 0.4        0.2                  1252600300024 
 1.04   -04 6.2    +01 2.5    +01 6.1        2.5                  1252600300025 
 1.16   -04 2.1    +01 2.1    +01 2.0        2.0                  1252600300026 
 1.19   -04 4.7    +01 2.8    +01 4.3        2.6                  1252600300027 
ENDDATA             13          0                                 1252600300028 
ENDSUBENT           27          0                                 1252600399999 
SUBENT        12526004   19760804                             00001252600400001 
BIB                  2          3                                 1252600400002 
REACTION  1(94-PU-240(N,EL),,STF)                                 1252600400003 
          2(94-PU-240(N,0),,D)                                    1252600400004 
ANALYSIS   (AREA)     AREA ANALYSIS                               1252600400005 
ENDBIB               3          0                                 1252600400006 
COMMON               1          3                                 1252600400007 
MOMENTUM L                                                        1252600400008 
NO-DIM                                                            1252600400009 
 0.                                                               1252600400010 
ENDCOMMON            3          0                                 1252600400011 
DATA                 6          1                                 1252600400012 
EN-MIN     EN-MAX     DATA      1DATA-ERR  1DATA      2DATA-ERR  21252600400013 
EV         EV         NO-DIM     NO-DIM     EV         EV         1252600400014 
 0.         119.       2.0    -04 0.6    -04 12.        2.        1252600400015 
ENDDATA              3          0                                 1252600400016 
ENDSUBENT           15          0                                 1252600499999 
ENDENTRY             4          0                                 1252699999999 
