ENTRY            12530   19841004                             00001253000000001 
SUBENT        12530001   19841004                             00001253000100001 
BIB                  9         10                                 1253000100002 
INSTITUTE  (1USAMTR)                                              1253000100003 
REFERENCE  (R,IN-1012,66)                                         1253000100004 
AUTHOR     (T.WATANABE)                                           1253000100005 
TITLE      FISSION CROSS SECTIONS OF PU-241 FROM 0.01EV TO 0.5EV. 1253000100006 
FACILITY   (CHOPF) MTR FAST CHOPPER                               1253000100007 
METHOD     (TOF) TIME-OF-FLIGHT. 4.-M FLIGHT PATH                 1253000100008 
DETECTOR   (SCIN) GAS SCINTILLATION COUNTER                       1253000100009 
STATUS     (SCSRS)                                                1253000100010 
HISTORY    (760804T) TRANSLATED FROM SCISRS                       1253000100011 
           (841004A) CONVERTED TO REACTION FORMALISM              1253000100012 
ENDBIB              10          0                                 1253000100013 
NOCOMMON             0          0                                 1253000100014 
ENDSUBENT           13          0                                 1253000199999 
SUBENT        12530002   19841004                             00001253000200001 
BIB                  2          3                                 1253000200002 
REACTION   (94-PU-241(N,F),,SIG)                                  1253000200003 
MONITOR    (94-PU-241(N,F),,SIG)                                  1253000200004 
            NORMALIZED TO PU241 THERMAL FISSION=962B              1253000200005 
ENDBIB               3          0                                 1253000200006 
COMMON               3          3                                 1253000200007 
EN-RSL     EN-NRM     MONIT                                       1253000200008 
MICROSEC/M EV         B                                           1253000200009 
 7.5        0.0253     962.                                       1253000200010 
ENDCOMMON            3          0                                 1253000200011 
DATA                 2        256                                 1253000200012 
EN         DATA                                                   1253000200013 
MEV        B                                                      1253000200014 
 6.332  -09 1.581  +03                                            1253000200015 
 6.554  -09 1.364  +03                                            1253000200016 
 6.650  -09 1.423  +03                                            1253000200017 
 6.650  -09 2.037  +03                                            1253000200018 
 6.889  -09 2.036  +03                                            1253000200019 
 6.961  -09 2.041  +03                                            1253000200020 
 6.961  -09 2.466  +03                                            1253000200021 
 7.251  -09 2.285  +03                                            1253000200022 
 7.328  -09 1.880  +03                                            1253000200023 
 7.328  -09 1.580  +03                                            1253000200024 
 7.605  -09 1.729  +03                                            1253000200025 
 7.726  -09 1.616  +03                                            1253000200026 
 7.726  -09 2.411  +03                                            1253000200027 
 7.986  -09 2.092  +03                                            1253000200028 
 8.116  -09 1.761  +03                                            1253000200029 
 8.116  -09 1.872  +03                                            1253000200030 
 8.396  -09 1.828  +03                                            1253000200031 
 8.492  -09 1.967  +03                                            1253000200032 
 8.492  -09 1.765  +03                                            1253000200033 
 8.792  -09 1.695  +03                                            1253000200034 
 8.896  -09 1.819  +03                                            1253000200035 
 8.896  -09 1.667  +03                                            1253000200036 
 9.218  -09 1.651  +03                                            1253000200037 
 9.379  -09 1.704  +03                                            1253000200038 
 9.379  -09 1.800  +03                                            1253000200039 
 9.728  -09 1.563  +03                                            1253000200040 
 9.848  -09 1.577  +03                                            1253000200041 
 9.848  -09 1.698  +03                                            1253000200042 
 1.022  -08 1.582  +03                                            1253000200043 
 1.029  -08 1.565  +03                                            1253000200044 
 1.029  -08 1.550  +03                                            1253000200045 
 1.069  -08 1.553  +03                                            1253000200046 
 1.083  -08 1.517  +03                                            1253000200047 
 1.083  -08 1.617  +03                                            1253000200048 
 1.120  -08 1.431  +03                                            1253000200049 
 1.142  -08 1.333  +03                                            1253000200050 
 1.142  -08 1.378  +03                                            1253000200051 
 1.174  -08 1.396  +03                                            1253000200052 
 1.198  -08 1.395  +03                                            1253000200053 
 1.198  -08 1.396  +03                                            1253000200054 
 1.233  -08 1.329  +03                                            1253000200055 
 1.258  -08 1.364  +03                                            1253000200056 
 1.258  -08 1.322  +03                                            1253000200057 
 1.296  -08 1.281  +03                                            1253000200058 
 1.323  -08 1.293  +03                                            1253000200059 
 1.323  -08 1.324  +03                                            1253000200060 
 1.364  -08 1.280  +03                                            1253000200061 
 1.384  -08 1.303  +03                                            1253000200062 
 1.384  -08 1.360  +03                                            1253000200063 
 1.437  -08 1.199  +03                                            1253000200064 
 1.449  -08 1.259  +03                                            1253000200065 
 1.449  -08 1.344  +03                                            1253000200066 
 1.506  -08 1.225  +03                                            1253000200067 
 1.519  -08 1.249  +03                                            1253000200068 
 1.519  -08 1.227  +03                                            1253000200069 
 1.580  -08 1.133  +03                                            1253000200070 
 1.594  -08 1.202  +03                                            1253000200071 
 1.594  -08 1.193  +03                                            1253000200072 
 1.660  -08 1.146  +03                                            1253000200073 
 1.675  -08 1.147  +03                                            1253000200074 
 1.675  -08 1.156  +03                                            1253000200075 
 1.746  -08 6.822  +02                                            1253000200076 
 1.762  -08 1.145  +03                                            1253000200077 
 1.762  -08 1.160  +03                                            1253000200078 
 1.839  -08 1.112  +03                                            1253000200079 
 1.857  -08 1.148  +03                                            1253000200080 
 1.857  -08 1.115  +03                                            1253000200081 
 1.925  -08 1.093  +03                                            1253000200082 
 1.944  -08 1.065  +03                                            1253000200083 
 1.944  -08 1.045  +03                                            1253000200084 
 2.017  -08 1.025  +03                                            1253000200085 
 2.037  -08 1.075  +03                                            1253000200086 
 2.037  -08 1.065  +03                                            1253000200087 
 2.116  -08 1.042  +03                                            1253000200088 
 2.137  -08 1.043  +03                                            1253000200089 
 2.137  -08 1.019  +03                                            1253000200090 
 2.222  -08 6.978  +02                                            1253000200091 
 2.245  -08 9.908  +02                                            1253000200092 
 2.245  -08 9.923  +02                                            1253000200093 
 2.336  -08 9.834  +02                                            1253000200094 
 2.361  -08 9.909  +02                                            1253000200095 
 2.361  -08 1.000  +03                                            1253000200096 
 2.459  -08 9.421  +02                                            1253000200097 
 2.486  -08 9.578  +02                                            1253000200098 
 2.486  -08 9.824  +02                                            1253000200099 
 2.569  -08 9.903  +02                                            1253000200100 
 2.621  -08 9.329  +02                                            1253000200101 
 2.621  -08 9.712  +02                                            1253000200102 
 2.687  -08 9.393  +02                                            1253000200103 
 2.743  -08 9.543  +02                                            1253000200104 
 2.743  -08 9.497  +02                                            1253000200105 
 2.839  -08 8.961  +02                                            1253000200106 
 2.873  -08 9.460  +02                                            1253000200107 
 2.873  -08 1.168  +03                                            1253000200108 
 2.977  -08 8.922  +02                                            1253000200109 
 3.013  -08 8.791  +02                                            1253000200110 
 3.013  -08 9.057  +02                                            1253000200111 
 3.124  -08 8.820  +02                                            1253000200112 
 3.163  -08 8.932  +02                                            1253000200113 
 3.163  -08 8.712  +02                                            1253000200114 
 3.283  -08 8.723  +02                                            1253000200115 
 3.324  -08 8.540  +02                                            1253000200116 
 3.324  -08 8.404  +02                                            1253000200117 
 3.454  -08 8.387  +02                                            1253000200118 
 3.498  -08 8.114  +02                                            1253000200119 
 3.498  -08 8.417  +02                                            1253000200120 
 3.638  -08 8.209  +02                                            1253000200121 
 3.687  -08 8.131  +02                                            1253000200122 
 3.687  -08 8.376  +02                                            1253000200123 
 3.797  -08 8.099  +02                                            1253000200124 
 3.849  -08 8.015  +02                                            1253000200125 
 3.849  -08 8.072  +02                                            1253000200126 
 3.966  -08 8.329  +02                                            1253000200127 
 4.021  -08 7.778  +02                                            1253000200128 
 4.021  -08 8.086  +02                                            1253000200129 
 4.194  -08 7.676  +02                                            1253000200130 
 4.206  -08 7.796  +02                                            1253000200131 
 4.206  -08 7.665  +02                                            1253000200132 
 4.442  -08 7.705  +02                                            1253000200133 
 4.455  -08 7.823  +02                                            1253000200134 
 4.455  -08 7.670  +02                                            1253000200135 
 4.657  -08 7.614  +02                                            1253000200136 
 4.727  -08 7.505  +02                                            1253000200137 
 4.727  -08 7.389  +02                                            1253000200138 
 4.888  -08 7.099  +02                                            1253000200139 
 4.963  -08 7.265  +02                                            1253000200140 
 4.963  -08 7.182  +02                                            1253000200141 
 5.136  -08 7.075  +02                                            1253000200142 
 5.217  -08 7.393  +02                                            1253000200143 
 5.217  -08 6.995  +02                                            1253000200144 
 5.403  -08 6.904  +02                                            1253000200145 
 5.421  -08 6.879  +02                                            1253000200146 
 5.421  -08 7.165  +02                                            1253000200147 
 5.618  -08 6.897  +02                                            1253000200148 
 5.637  -08 7.159  +02                                            1253000200149 
 5.637  -08 6.928  +02                                            1253000200150 
 5.846  -08 7.006  +02                                            1253000200151 
 5.945  -08 6.911  +02                                            1253000200152 
 5.945  -08 6.881  +02                                            1253000200153 
 6.172  -08 6.833  +02                                            1253000200154 
 6.279  -08 6.626  +02                                            1253000200155 
 6.279  -08 6.789  +02                                            1253000200156 
 6.526  -08 6.509  +02                                            1253000200157 
 6.643  -08 6.573  +02                                            1253000200158 
 6.643  -08 6.473  +02                                            1253000200159 
 6.811  -08 6.483  +02                                            1253000200160 
 6.936  -08 6.711  +02                                            1253000200161 
 6.936  -08 6.472  +02                                            1253000200162 
 7.116  -08 6.409  +02                                            1253000200163 
 7.250  -08 6.352  +02                                            1253000200164 
 7.250  -08 6.487  +02                                            1253000200165 
 7.556  -08 6.431  +02                                            1253000200166 
 7.585  -08 6.235  +02                                            1253000200167 
 7.585  -08 6.093  +02                                            1253000200168 
 7.913  -08 6.370  +02                                            1253000200169 
 7.944  -08 6.135  +02                                            1253000200170 
 7.944  -08 6.396  +02                                            1253000200171 
 8.296  -08 6.164  +02                                            1253000200172 
 8.464  -08 7.712  +02                                            1253000200173 
 8.464  -08 6.242  +02                                            1253000200174 
 8.707  -08 6.103  +02                                            1253000200175 
 8.888  -08 5.865  +02                                            1253000200176 
 8.888  -08 6.157  +02                                            1253000200177 
 9.150  -08 6.204  +02                                            1253000200178 
 9.188  -08 5.943  +02                                            1253000200179 
 9.188  -08 6.038  +02                                            1253000200180 
 9.627  -08 6.204  +02                                            1253000200181 
 9.669  -08 6.073  +02                                            1253000200182 
 9.669  -08 6.045  +02                                            1253000200183 
 1.014  -07 5.991  +02                                            1253000200184 
 1.018  -07 5.987  +02                                            1253000200185 
 1.018  -07 6.116  +02                                            1253000200186 
 1.070  -07 6.140  +02                                            1253000200187 
 1.075  -07 6.281  +02                                            1253000200188 
 1.075  -07 6.135  +02                                            1253000200189 
 1.109  -07 6.373  +02                                            1253000200190 
 1.135  -07 6.143  +02                                            1253000200191 
 1.135  -07 6.102  +02                                            1253000200192 
 1.173  -07 6.078  +02                                            1253000200193 
 1.179  -07 6.107  +02                                            1253000200194 
 1.179  -07 6.176  +02                                            1253000200195 
 1.225  -07 6.302  +02                                            1253000200196 
 1.225  -07 6.249  +02                                            1253000200197 
 1.243  -07 6.474  +02                                            1253000200198 
 1.293  -07 6.706  +02                                            1253000200199 
 1.300  -07 6.182  +02                                            1253000200200 
 1.300  -07 6.673  +02                                            1253000200201 
 1.346  -07 6.909  +02                                            1253000200202 
 1.381  -07 7.127  +02                                            1253000200203 
 1.403  -07 6.748  +02                                            1253000200204 
 1.440  -07 6.564  +02                                            1253000200205 
 1.440  -07 6.951  +02                                            1253000200206 
 1.494  -07 7.131  +02                                            1253000200207 
 1.502  -07 7.453  +02                                            1253000200208 
 1.502  -07 6.890  +02                                            1253000200209 
 1.569  -07 7.518  +02                                            1253000200210 
 1.569  -07 7.406  +02                                            1253000200211 
 1.595  -07 7.940  +02                                            1253000200212 
 1.640  -07 7.759  +02                                            1253000200213 
 1.640  -07 7.798  +02                                            1253000200214 
 1.668  -07 7.855  +02                                            1253000200215 
 1.716  -07 8.022  +02                                            1253000200216 
 1.716  -07 8.481  +02                                            1253000200217 
 1.746  -07 8.487  +02                                            1253000200218 
 1.797  -07 8.796  +02                                            1253000200219 
 1.797  -07 9.460  +02                                            1253000200220 
 1.830  -07 9.657  +02                                            1253000200221 
 1.885  -07 1.033  +03                                            1253000200222 
 1.885  -07 9.419  +02                                            1253000200223 
 1.919  -07 9.876  +02                                            1253000200224 
 1.979  -07 1.118  +03                                            1253000200225 
 1.979  -07 1.047  +03                                            1253000200226 
 2.016  -07 1.119  +03                                            1253000200227 
 2.080  -07 1.169  +03                                            1253000200228 
 2.080  -07 1.216  +03                                            1253000200229 
 2.120  -07 1.306  +03                                            1253000200230 
 2.189  -07 1.305  +03                                            1253000200231 
 2.189  -07 1.412  +03                                            1253000200232 
 2.232  -07 1.365  +03                                            1253000200233 
 2.307  -07 1.487  +03                                            1253000200234 
 2.307  -07 1.493  +03                                            1253000200235 
 2.354  -07 1.553  +03                                            1253000200236 
 2.435  -07 1.565  +03                                            1253000200237 
 2.435  -07 1.682  +03                                            1253000200238 
 2.573  -07 1.618  +03                                            1253000200239 
 2.573  -07 1.627  +03                                            1253000200240 
 2.629  -07 1.575  +03                                            1253000200241 
 2.724  -07 1.365  +03                                            1253000200242 
 2.724  -07 1.392  +03                                            1253000200243 
 2.784  -07 1.436  +03                                            1253000200244 
 2.889  -07 1.280  +03                                            1253000200245 
 2.889  -07 1.249  +03                                            1253000200246 
 2.954  -07 1.170  +03                                            1253000200247 
 3.069  -07 9.069  +02                                            1253000200248 
 3.069  -07 8.554  +02                                            1253000200249 
 3.140  -07 9.841  +02                                            1253000200250 
 3.266  -07 6.863  +02                                            1253000200251 
 3.266  -07 7.592  +02                                            1253000200252 
 3.345  -07 6.115  +02                                            1253000200253 
 3.483  -07 4.831  +02                                            1253000200254 
 3.483  -07 4.993  +02                                            1253000200255 
 3.569  -07 4.831  +02                                            1253000200256 
 3.722  -07 3.715  +02                                            1253000200257 
 3.722  -07 3.638  +02                                            1253000200258 
 3.818  -07 3.207  +02                                            1253000200259 
 3.986  -07 2.214  +02                                            1253000200260 
 3.986  -07 2.221  +02                                            1253000200261 
 4.093  -07 2.262  +02                                            1253000200262 
 4.280  -07 1.333  +02                                            1253000200263 
 4.280  -07 1.868  +02                                            1253000200264 
 4.399  -07 1.529  +02                                            1253000200265 
 4.608  -07 8.580  +01                                            1253000200266 
 4.608  -07 1.193  +02                                            1253000200267 
 4.740  -07 1.180  +02                                            1253000200268 
 4.974  -07 8.396  +01                                            1253000200269 
 4.974  -07 1.060  +02                                            1253000200270 
ENDDATA            258          0                                 1253000200271 
ENDSUBENT          270          0                                 1253000299999 
ENDENTRY             2          0                                 1253099999999 
