ENTRY            12540   19841004                             00001254000000001 
SUBENT        12540001   19841004                             00001254000100001 
BIB                  6          7                                 1254000100002 
INSTITUTE  (1USAANL)                                              1254000100003 
REFERENCE  (J,PR,117,1305,60)                                     1254000100004 
AUTHOR     (D.K.BUTLER)                                           1254000100005 
TITLE      FISSION CROSS SECTION OF PU242.                        1254000100006 
STATUS     (SCSRS)                                                1254000100007 
HISTORY    (760804T) TRANSLATED FROM SCISRS                       1254000100008 
           (841004A) CONVERTED TO REACTION FORMALISM              1254000100009 
ENDBIB               7          0                                 1254000100010 
NOCOMMON             0          0                                 1254000100011 
ENDSUBENT           10          0                                 1254000199999 
SUBENT        12540002   19841004                             00001254000200001 
BIB                  4          6                                 1254000200002 
REACTION   (94-PU-242(N,F),,SIG)                                  1254000200003 
DETECTOR   (FISCH)    BACK-TO-BACK FISSION COUNTER                1254000200004 
MONITOR    (92-U-235(N,F),,SIG)                                   1254000200005 
            BASED ON U235 FISSION, BNL-325(1958).                 1254000200006 
ERR-ANALYS (DATA-ERR1) STATISTICAL ERROR                          1254000200007 
           (DATA-ERR2) NORMALIZATION ERROR                        1254000200008 
ENDBIB               6          0                                 1254000200009 
COMMON               2          3                                 1254000200010 
DATA-ERR1  DATA-ERR2                                              1254000200011 
PER-CENT   PER-CENT                                               1254000200012 
 3.5        5.5                                                   1254000200013 
ENDCOMMON            3          0                                 1254000200014 
DATA                 2         65                                 1254000200015 
EN         DATA                                                   1254000200016 
MEV        B                                                      1254000200017 
 1.41   -01 3.     -02                                            1254000200018 
 2.48   -01 5.     -02                                            1254000200019 
 4.00   -01 1.2    -01                                            1254000200020 
 4.54   -01 1.4    -01                                            1254000200021 
 4.55   -01 1.7    -01                                            1254000200022 
 4.66   -01 1.8    -01                                            1254000200023 
 4.83   -01 2.1    -01                                            1254000200024 
 5.06   -01 2.5    -01                                            1254000200025 
 5.23   -01 3.1    -01                                            1254000200026 
 5.60   -01 3.5    -01                                            1254000200027 
 5.70   -01 3.8    -01                                            1254000200028 
 5.80   -01 3.9    -01                                            1254000200029 
 6.14   -01 4.6    -01                                            1254000200030 
 6.20   -01 4.4    -01                                            1254000200031 
 6.62   -01 5.1    -01                                            1254000200032 
 6.73   -01 5.5    -01                                            1254000200033 
 6.83   -01 6.1    -01                                            1254000200034 
 7.04   -01 5.6    -01                                            1254000200035 
 7.24   -01 6.7    -01                                            1254000200036 
 7.42   -01 7.2    -01                                            1254000200037 
 7.76   -01 8.3    -01                                            1254000200038 
 7.85   -01 8.7    -01                                            1254000200039 
 7.93   -01 9.2    -01                                            1254000200040 
 8.33   -01 9.6    -01                                            1254000200041 
 8.34   -01 1.00   +00                                            1254000200042 
 8.66   -01 1.13   +00                                            1254000200043 
 8.73   -01 1.10   +00                                            1254000200044 
 8.86   -01 1.14   +00                                            1254000200045 
 9.00   -01 1.21   +00                                            1254000200046 
 9.11   -01 1.20   +00                                            1254000200047 
 9.58   -01 1.30   +00                                            1254000200048 
 9.59   -01 1.40   +00                                            1254000200049 
 9.90   -01 1.42   +00                                            1254000200050 
 9.96   -01 1.48   +00                                            1254000200051 
 9.99   -01 1.42   +00                                            1254000200052 
 1.005  +00 1.46   +00                                            1254000200053 
 1.041  +00 1.47   +00                                            1254000200054 
 1.043  +00 1.51   +00                                            1254000200055 
 1.078  +00 1.62   +00                                            1254000200056 
 1.084  +00 1.56   +00                                            1254000200057 
 1.117  +00 1.56   +00                                            1254000200058 
 1.125  +00 1.67   +00                                            1254000200059 
 1.147  +00 1.61   +00                                            1254000200060 
 1.162  +00 1.59   +00                                            1254000200061 
 1.166  +00 1.53   +00                                            1254000200062 
 1.209  +00 1.49   +00                                            1254000200063 
 1.212  +00 1.59   +00                                            1254000200064 
 1.248  +00 1.58   +00                                            1254000200065 
 1.250  +00 1.42   +00                                            1254000200066 
 1.287  +00 1.56   +00                                            1254000200067 
 1.311  +00 1.54   +00                                            1254000200068 
 1.330  +00 1.46   +00                                            1254000200069 
 1.345  +00 1.56   +00                                            1254000200070 
 1.372  +00 1.54   +00                                            1254000200071 
 1.410  +00 1.52   +00                                            1254000200072 
 1.421  +00 1.48   +00                                            1254000200073 
 1.453  +00 1.52   +00                                            1254000200074 
 1.459  +00 1.49   +00                                            1254000200075 
 1.495  +00 1.50   +00                                            1254000200076 
 1.524  +00 1.40   +00                                            1254000200077 
 1.535  +00 1.51   +00                                            1254000200078 
 1.578  +00 1.44   +00                                            1254000200079 
 1.617  +00 1.40   +00                                            1254000200080 
 1.627  +00 1.44   +00                                            1254000200081 
 1.663  +00 1.38   +00                                            1254000200082 
ENDDATA             67          0                                 1254000200083 
ENDSUBENT           82          0                                 1254000299999 
ENDENTRY             2          0                                 1254099999999 
