ENTRY            12693   20140419                             14011269300000001 
SUBENT        12693001   20140419                             14011269300100001 
BIB                  9         16                                 1269300100002 
INSTITUTE  (1USATNC)                                              1269300100003 
REFERENCE  (J,BAP,10,577(AC11),196506)                            1269300100004 
           (P,ORO-2791-32,46,197102) - final data set             1269300100005 
           (P,TID-22012,182,196408) - prelim.data                 1269300100006 
           (P,ORO-2791-26,196708) - prelim.data                   1269300100007 
AUTHOR     (S.C.Mathur,W.E.Tucker,I.L.Morgan)                     1269300100008 
TITLE      Angular distribution of gamma-rays produced in the     1269300100009 
           Co-59(n,n'gamma)Co-59 reaction                         1269300100010 
FACILITY   (VDG,1USATNC)                                          1269300100011 
METHOD     (TOF)                                                  1269300100012 
DETECTOR   (NAICR)                                                1269300100013 
ERR-ANALYS (DATA-ERR) No information                              1269300100014 
HISTORY    (19850501C)                                            1269300100015 
           (20140419A) SD: Updated to new date formats,lower case.1269300100016 
            Corrections according last EXFOR rules and Dict.      1269300100017 
            Minor corrections.                                    1269300100018 
ENDBIB              16          0                                 1269300100019 
NOCOMMON             0          0                                 1269300100020 
ENDSUBENT           19          0                                 1269300199999 
SUBENT        12693002   20140419                             14011269300200001 
BIB                  3          4                                 1269300200002 
REACTION   (27-CO-59(N,INL)27-CO-59,PAR,DA,G)                     1269300200003 
FLAG       (1.) Doublet                                           1269300200004 
           (2.) triplet                                           1269300200005 
STATUS     (TABLE) Data taken from ORO-2791-32,46                 1269300200006 
ENDBIB               4          0                                 1269300200007 
COMMON               2          3                                 1269300200008 
ANG        DATA-ERR                                               1269300200009 
ADEG       PER-CENT                                               1269300200010 
 90.        20.                                                   1269300200011 
ENDCOMMON            3          0                                 1269300200012 
DATA                 5         70                                 1269300200013 
EN         EN-RSL     E          DATA       FLAG                  1269300200014 
MEV        MEV        MEV        MB/SR      NO-DIM                1269300200015 
 1.70       0.04       1.10        7.6                            1269300200016 
 1.70       0.04       1.19       17.2                            1269300200017 
 1.70       0.04       1.29        3.0                            1269300200018 
 1.70       0.04       1.458       3.8                            1269300200019 
 1.70       0.04       1.479       1.8                            1269300200020 
 1.75       0.04       0.29        3.6                            1269300200021 
 1.75       0.04       0.335       2.8                            1269300200022 
 1.75       0.04       0.38        3.0                            1269300200023 
 1.75       0.04       1.10        6.6                            1269300200024 
 1.75       0.04       1.19       14.2                            1269300200025 
 1.75       0.04       1.29        3.0                            1269300200026 
 1.75       0.04       1.458       4.8                            1269300200027 
 1.75       0.04       1.479       2.4                            1269300200028 
 1.76       0.04       0.29        3.6                            1269300200029 
 1.76       0.04       0.335       2.9                            1269300200030 
 1.76       0.04       0.38        3.1                            1269300200031 
 1.76       0.04       1.10        7.1                            1269300200032 
 1.76       0.04       1.19       17.3                            1269300200033 
 1.76       0.04       1.29        3.5                            1269300200034 
 1.76       0.04       1.458       6.7                            1269300200035 
 1.76       0.04       1.479       3.2                            1269300200036 
 1.81       0.04       1.10        8.5                            1269300200037 
 1.81       0.04       1.19       19.0                            1269300200038 
 1.81       0.04       1.29        4.2                            1269300200039 
 1.81       0.04       1.458       6.5                            1269300200040 
 1.81       0.04       1.479       3.1                            1269300200041 
 3.00       0.20       0.55       16.9                            1269300200042 
 3.00       0.20       0.67       15.3                            1269300200043 
 3.00       0.20       0.97       11.2                            1269300200044 
 3.00       0.20       1.10       14.2                            1269300200045 
 3.00       0.20       1.19       37.9                            1269300200046 
 3.00       0.20       1.29       11.6                            1269300200047 
 3.00       0.20       1.48       32.8      1.                    1269300200048 
 3.00       0.20       1.74       10.9                            1269300200049 
 3.00       0.20       2.10        8.1      2.                    1269300200050 
 3.00       0.20       2.50        7.2      2.                    1269300200051 
 3.00       0.20       2.80        3.3      1.                    1269300200052 
 3.75       0.14       0.55       19.2                            1269300200053 
 3.75       0.14       0.67       15.7                            1269300200054 
 3.75       0.14       0.97       12.1                            1269300200055 
 3.75       0.14       1.10       13.3                            1269300200056 
 3.75       0.14       1.19       33.4                            1269300200057 
 3.75       0.14       1.29       11.2                            1269300200058 
 3.75       0.14       1.48       32.4      1.                    1269300200059 
 3.75       0.14       1.74       11.7                            1269300200060 
 3.75       0.14       2.10       12.6      2.                    1269300200061 
 3.75       0.14       2.50        6.7      2.                    1269300200062 
 3.75       0.14       2.80        4.0      1.                    1269300200063 
 4.10       0.12       0.55       22.4                            1269300200064 
 4.10       0.12       0.67       15.8                            1269300200065 
 4.10       0.12       0.97       11.9                            1269300200066 
 4.10       0.12       1.10       11.9                            1269300200067 
 4.10       0.12       1.19       34.7                            1269300200068 
 4.10       0.12       1.29        9.3                            1269300200069 
 4.10       0.12       1.48       31.7      1.                    1269300200070 
 4.10       0.12       1.74       13.0                            1269300200071 
 4.10       0.12       2.10       15.3      2.                    1269300200072 
 4.10       0.12       2.50        8.2      2.                    1269300200073 
 4.10       0.12       2.80        3.9      1.                    1269300200074 
 4.50       0.11       0.55       29.4                            1269300200075 
 4.50       0.11       0.67       18.2                            1269300200076 
 4.50       0.11       0.97       13.4                            1269300200077 
 4.50       0.11       1.10       14.6                            1269300200078 
 4.50       0.11       1.19       35.5                            1269300200079 
 4.50       0.11       1.29       10.1                            1269300200080 
 4.50       0.11       1.48       33.8      1.                    1269300200081 
 4.50       0.11       1.84       15.2                            1269300200082 
 4.50       0.11       2.10       18.7      2.                    1269300200083 
 4.50       0.11       2.50       10.4      2.                    1269300200084 
 4.50       0.11       2.80        5.2      1.                    1269300200085 
ENDDATA             72          0                                 1269300200086 
ENDSUBENT           85          0                                 1269300299999 
SUBENT        12693003   20140419                             14011269300300001 
BIB                  3          4                                 1269300300002 
REACTION   (27-CO-59(N,INL)27-CO-59,PAR,DA,G,RSD)                 1269300300003 
FLAG       (1.) Doublet                                           1269300300004 
           (2.) triplet                                           1269300300005 
STATUS     (TABLE) Data taken from ORO-2791-32,47                 1269300300006 
ENDBIB               4          0                                 1269300300007 
COMMON               2          3                                 1269300300008 
EN         EN-RSL                                                 1269300300009 
MEV        MEV                                                    1269300300010 
 3.00       0.20                                                  1269300300011 
ENDCOMMON            3          0                                 1269300300012 
DATA                 5         55                                 1269300300013 
E          ANG        DATA       DATA-ERR   FLAG                  1269300300014 
MEV        ADEG       NO-DIM     NO-DIM     NO-DIM                1269300300015 
 0.554      30.        1.023      0.035                           1269300300016 
 0.554      45.        1.055                                      1269300300017 
 0.554      55.        0.956                                      1269300300018 
 0.554      65.        1.061                                      1269300300019 
 0.554      90.        1.000      0.024                           1269300300020 
 0.673      30.        1.071      0.043                           1269300300021 
 0.673      45.        1.038                                      1269300300022 
 0.673      55.        1.028                                      1269300300023 
 0.673      65.        1.090                                      1269300300024 
 0.673      90.        1.000      0.030                           1269300300025 
 0.97       30.        1.026      0.051                           1269300300026 
 0.97       45.        1.050                                      1269300300027 
 0.97       55.        1.033                                      1269300300028 
 0.97       65.        1.080                                      1269300300029 
 0.97       90.        1.000      0.037                           1269300300030 
 1.097      30.        0.872      0.038                           1269300300031 
 1.097      45.        0.854                                      1269300300032 
 1.097      55.        0.852                                      1269300300033 
 1.097      65.        1.051                                      1269300300034 
 1.097      90.        1.000      0.030                           1269300300035 
 1.189      30.        0.941      0.024                           1269300300036 
 1.189      45.        1.021                                      1269300300037 
 1.189      55.        0.926                                      1269300300038 
 1.189      65.        0.962                                      1269300300039 
 1.189      90.        1.000      0.018                           1269300300040 
 1.289      30.        0.880      0.041                           1269300300041 
 1.289      45.        0.873                                      1269300300042 
 1.289      55.        0.952                                      1269300300043 
 1.289      65.        0.901                                      1269300300044 
 1.289      90.        1.000                                      1269300300045 
 1.48       30.        0.981      0.026     1.                    1269300300046 
 1.48       45.        0.998                1.                    1269300300047 
 1.48       55.        1.000                1.                    1269300300048 
 1.48       65.        1.049                1.                    1269300300049 
 1.48       90.        1.000      0.019     1.                    1269300300050 
 1.743      30.        0.911      0.051                           1269300300051 
 1.743      45.        0.955                                      1269300300052 
 1.743      55.        0.951                                      1269300300053 
 1.743      65.        1.034                                      1269300300054 
 1.743      90.        1.000      0.039                           1269300300055 
 2.10       30.        1.060      0.082     2.                    1269300300056 
 2.10       45.        0.962                2.                    1269300300057 
 2.10       55.        1.019                2.                    1269300300058 
 2.10       65.        1.048                2.                    1269300300059 
 2.10       90.        1.000      0.058     2.                    1269300300060 
 2.50       30.        0.899      0.066     2.                    1269300300061 
 2.50       45.        0.850                2.                    1269300300062 
 2.50       55.        0.911                2.                    1269300300063 
 2.50       65.        1.068                2.                    1269300300064 
 2.50       90.        1.000      0.053     2.                    1269300300065 
 2.80       30.        1.035      0.110     1.                    1269300300066 
 2.80       45.        1.099                1.                    1269300300067 
 2.80       55.        0.974                1.                    1269300300068 
 2.80       65.        0.880                1.                    1269300300069 
 2.80       90.        1.000      0.080     1.                    1269300300070 
ENDDATA             57          0                                 1269300300071 
ENDSUBENT           70          0                                 1269300399999 
ENDENTRY             3          0                                 1269399999999 
