ENTRY            12996   19910723                             00001299600000001 
SUBENT        12996001   19910723                             00001299600100001 
BIB                 13         19                                 1299600100002 
INSTITUTE  (1USATNL)                                              1299600100003 
REFERENCE  (J,PR/C,33,1129,8604)                                  1299600100004 
AUTHOR     (G.M.HONORE,W.TORNOW,C.R.HOWELL,R.S.PEDRONI,R.C.BYRD,  1299600100005 
           R.L.WALTER,J.P.DELAROCHE)                              1299600100006 
TITLE      COUPLED-CHANNEL ANALYSIS OF NUCLEON SCATTERING FROM    1299600100007 
           40CA UP TO 80 MEV                                      1299600100008 
INC-SOURCE (D-D) AT ZERO DEGREES                                  1299600100009 
FACILITY   (VDGT)                                                 1299600100010 
METHOD     (TOF) PULSED POLARIZED INCIDENT DEUTERON BEAM          1299600100011 
DETECTOR   (STANK)                                                1299600100012 
SAMPLE     RIGHT CIRCULAR CYLINDRICAL TARGET OF ELEMENTAL CALCIUM 1299600100013 
           2.5 CM DIAMETER, 2.5 CM HIGH. 96.9 PERCENT CALCIUM-40  1299600100014 
ERR-ANALYS OVERALL UNCERTAINTY GIVEN. SCALE UNCERTAINTY ADDITIONAL1299600100015 
           2.5 PERCENT.                                           1299600100016 
CORRECTION FINITE GEOMETRY EFFECTS AND MULTIPLE SCATTERING        1299600100017 
           CORRECTIONS WERE MADE USING MONTE CARLO TECHNIQUES     1299600100018 
STATUS     (APRVD) W.TORNOW, 87/5/4.                              1299600100019 
           TABULATED DATA REC'D, HONORE, 86/10/26.                1299600100020 
HISTORY    (870217C)                                              1299600100021 
ENDBIB              19          0                                 1299600100022 
NOCOMMON             0          0                                 1299600100023 
ENDSUBENT           22          0                                 1299600199999 
SUBENT        12996002   19870505                             00001299600200001 
BIB                  1          1                                 1299600200002 
REACTION   (20-CA-40(N,EL)20-CA-40,,DA)                           1299600200003 
ENDBIB               1          0                                 1299600200004 
NOCOMMON             0          0                                 1299600200005 
DATA                 5         41                                 1299600200006 
EN         EN-RSL     ANG-CM     DATA       DATA-ERR              1299600200007 
MEV        MEV        ADEG       MB/SR      MB/SR                 1299600200008 
 13.905     0.197      28.6       265.08     8.02                 1299600200009 
 13.905     0.197      33.4       134.73     2.78                 1299600200010 
 13.905     0.197      39.5        46.14     0.86                 1299600200011 
 13.905     0.197      60.5        53.89     0.95                 1299600200012 
 13.905     0.197      69.9        29.03     1.38                 1299600200013 
 13.905     0.197      81.5        15.20     0.98                 1299600200014 
 13.905     0.197      91.8        24.22     0.82                 1299600200015 
 13.905     0.197     101.1        27.70     0.85                 1299600200016 
 13.905     0.197     110.2        18.92     0.47                 1299600200017 
 13.905     0.197     120.3         9.36     0.62                 1299600200018 
 13.905     0.197     130.8         8.58     0.39                 1299600200019 
 13.905     0.197     140.8         8.41     0.28                 1299600200020 
 13.905     0.197     150.6        10.87     1.63                 1299600200021 
 13.905     0.197     160.0        13.89     2.08                 1299600200022 
 16.916     0.159      19.3       704.43     8.58                 1299600200023 
 16.916     0.159      23.7       352.36     3.85                 1299600200024 
 16.916     0.159      28.1       142.41     3.25                 1299600200025 
 16.916     0.159      34.2        22.53     0.58                 1299600200026 
 16.916     0.159      42.4        43.32     0.99                 1299600200027 
 16.916     0.159      47.1        71.34     1.01                 1299600200028 
 16.916     0.159      51.4        84.29     0.92                 1299600200029 
 16.916     0.159      55.9        82.02     0.95                 1299600200030 
 16.916     0.159      60.5        63.70     1.10                 1299600200031 
 16.916     0.159      70.3        27.11     0.54                 1299600200032 
 16.916     0.159      75.7        19.00     0.51                 1299600200033 
 16.916     0.159      81.4        19.66     0.44                 1299600200034 
 16.916     0.159      86.6        21.21     0.41                 1299600200035 
 16.916     0.159      91.4        23.59     0.38                 1299600200036 
 16.916     0.159      96.1        21.69     0.51                 1299600200037 
 16.916     0.159     100.9        20.08     0.44                 1299600200038 
 16.916     0.159     110.5        12.11     0.33                 1299600200039 
 16.916     0.159     115.4         8.61     0.32                 1299600200040 
 16.916     0.159     120.3         6.00     0.22                 1299600200041 
 16.916     0.159     130.8         4.07     0.21                 1299600200042 
 16.916     0.159     136.1         4.56     0.27                 1299600200043 
 16.916     0.159     140.9         5.16     0.31                 1299600200044 
 16.916     0.159     145.5         5.24     0.22                 1299600200045 
 16.916     0.159     150.0         5.34     0.25                 1299600200046 
 16.916     0.159     154.9         3.93     0.20                 1299600200047 
 16.916     0.159     160.5         3.11     0.19                 1299600200048 
 16.916     0.159     163.9         4.80     0.25                 1299600200049 
ENDDATA             43          0                                 1299600200050 
ENDSUBENT           49          0                                 1299600299999 
SUBENT        12996003   19870505                             00001299600300001 
BIB                  1          1                                 1299600300002 
REACTION   (20-CA-40(N,INL)20-CA-40,PAR,DA)                       1299600300003 
ENDBIB               1          0                                 1299600300004 
COMMON               3          3                                 1299600300005 
E-LVL      E-LVL      E-LVL                                       1299600300006 
MEV        MEV        MEV                                         1299600300007 
 3.737      3.904      4.492                                      1299600300008 
ENDCOMMON            3          0                                 1299600300009 
DATA                 5         38                                 1299600300010 
EN         EN-RSL     ANG-CM     DATA       DATA-ERR              1299600300011 
MEV        MEV        ADEG       MB/SR      MB/SR                 1299600300012 
 13.905     0.197      29.7       8.03       0.41                 1299600300013 
 13.905     0.197      36.5       8.57       0.42                 1299600300014 
 13.905     0.197      41.4       9.04       0.33                 1299600300015 
 13.905     0.197      61.2       8.09       0.35                 1299600300016 
 13.905     0.197      71.2       7.42       0.36                 1299600300017 
 13.905     0.197      81.2       6.58       0.21                 1299600300018 
 13.905     0.197      91.3       4.03       0.20                 1299600300019 
 13.905     0.197     101.5       3.99       0.16                 1299600300020 
 13.905     0.197     111.4       3.91       0.19                 1299600300021 
 13.905     0.197     121.3       3.56       0.18                 1299600300022 
 13.905     0.197     131.0       3.72       0.23                 1299600300023 
 13.905     0.197     140.7       3.39       0.18                 1299600300024 
 13.905     0.197     150.4       3.26       0.18                 1299600300025 
 13.905     0.197     160.0       2.12       0.20                 1299600300026 
 16.916     0.159      21.5       5.31       0.43                 1299600300027 
 16.916     0.159      36.3      10.30       0.58                 1299600300028 
 16.916     0.159      41.3      11.72       0.58                 1299600300029 
 16.916     0.159      46.3      10.23       0.46                 1299600300030 
 16.916     0.159      51.2      10.19       0.56                 1299600300031 
 16.916     0.159      56.2      11.48       0.34                 1299600300032 
 16.916     0.159      61.2       9.05       0.54                 1299600300033 
 16.916     0.159      71.2       7.12       0.35                 1299600300034 
 16.916     0.159      76.2       6.47       0.32                 1299600300035 
 16.916     0.159      81.2       6.23       0.26                 1299600300036 
 16.916     0.159      86.2       5.64       0.22                 1299600300037 
 16.916     0.159      91.2       4.89       0.21                 1299600300038 
 16.916     0.159      96.3       4.29       0.25                 1299600300039 
 16.916     0.159     101.3       3.46       0.24                 1299600300040 
 16.916     0.159     111.3       3.25       0.24                 1299600300041 
 16.916     0.159     116.3       3.63       0.25                 1299600300042 
 16.916     0.159     121.2       3.56       0.19                 1299600300043 
 16.916     0.159     131.0       3.46       0.22                 1299600300044 
 16.916     0.159     135.8       3.18       0.25                 1299600300045 
 16.916     0.159     140.7       2.98       0.29                 1299600300046 
 16.916     0.159     145.5       3.22       0.19                 1299600300047 
 16.916     0.159     150.3       2.46       0.27                 1299600300048 
 16.916     0.159     155.1       3.09       0.21                 1299600300049 
 16.916     0.159     159.9       1.82       0.16                 1299600300050 
ENDDATA             40          0                                 1299600300051 
ENDSUBENT           50          0                                 1299600399999 
SUBENT        12996004   19870505                             00001299600400001 
BIB                  1          1                                 1299600400002 
REACTION   (20-CA-40(N,EL)20-CA-40,,POL/DA,,ANA)                  1299600400003 
ENDBIB               1          0                                 1299600400004 
COMMON               1          3                                 1299600400005 
POL-BM                                                            1299600400006 
NO-DIM                                                            1299600400007 
 0.7                                                              1299600400008 
ENDCOMMON            3          0                                 1299600400009 
DATA                 5         39                                 1299600400010 
EN         EN-RSL     ANG-CM     DATA       DATA-ERR              1299600400011 
MEV        MEV        ADEG       NO-DIM     NO-DIM                1299600400012 
 10.935     0.260      29.8       0.047      0.012                1299600400013 
 10.935     0.260      39.4       0.143      0.011                1299600400014 
 10.935     0.260      61.0      -0.631      0.022                1299600400015 
 10.935     0.260      80.7      -0.479      0.033                1299600400016 
 10.935     0.260     101.4      -0.332      0.018                1299600400017 
 10.935     0.260     120.7      -0.230      0.023                1299600400018 
 10.935     0.260     140.2      -0.775      0.026                1299600400019 
 10.935     0.260     154.1       0.002      0.028                1299600400020 
 13.904     0.197      20.7      -0.039      0.011                1299600400021 
 13.904     0.197      24.7      -0.023      0.014                1299600400022 
 13.904     0.197      28.6       0.040      0.025                1299600400023 
 13.904     0.197      40.3       0.271      0.017                1299600400024 
 13.904     0.197      51.5      -0.339      0.015                1299600400025 
 13.904     0.197      60.7      -0.599      0.015                1299600400026 
 13.904     0.197      70.2      -0.700      0.020                1299600400027 
 13.904     0.197      86.7       0.076      0.027                1299600400028 
 13.904     0.197     100.9      -0.276      0.022                1299600400029 
 13.904     0.197     125.6       0.358      0.045                1299600400030 
 13.904     0.197     140.6      -0.415      0.045                1299600400031 
 13.904     0.197     150.6      -0.472      0.124                1299600400032 
 13.904     0.197     154.2       0.322      0.124                1299600400033 
 13.904     0.197     159.4       0.394      0.060                1299600400034 
 16.923     0.159      19.7       0.022      0.013                1299600400035 
 16.923     0.159      28.3      -0.021      0.040                1299600400036 
 16.923     0.159      36.3       0.373      0.100                1299600400037 
 16.923     0.159      42.5      -0.136      0.035                1299600400038 
 16.923     0.159      47.1      -0.311      0.032                1299600400039 
 16.923     0.159      51.5      -0.354      0.028                1299600400040 
 16.923     0.159      60.5      -0.575      0.024                1299600400041 
 16.923     0.159      70.2      -0.461      0.030                1299600400042 
 16.923     0.159      81.4       0.049      0.051                1299600400043 
 16.923     0.159      91.3       0.029      0.034                1299600400044 
 16.923     0.159     100.8      -0.137      0.049                1299600400045 
 16.923     0.159     110.4      -0.185      0.040                1299600400046 
 16.923     0.159     120.2       0.166      0.072                1299600400047 
 16.923     0.159     130.7       0.606      0.110                1299600400048 
 16.923     0.159     140.8      -0.026      0.096                1299600400049 
 16.923     0.159     149.9      -0.200      0.090                1299600400050 
 16.923     0.159     157.9       0.233      0.072                1299600400051 
ENDDATA             41          0                                 1299600400052 
ENDSUBENT           51          0                                 1299600499999 
SUBENT        12996005   19870505                             00001299600500001 
BIB                  1          1                                 1299600500002 
REACTION   (20-CA-40(N,INL)20-CA-40,PAR,POL/DA,,ANA)              1299600500003 
ENDBIB               1          0                                 1299600500004 
COMMON               4          3                                 1299600500005 
E-LVL      E-LVL      E-LVL      POL-BM                           1299600500006 
MEV        MEV        MEV        NO-DIM                           1299600500007 
 3.737      3.904      4.492      0.63                            1299600500008 
ENDCOMMON            3          0                                 1299600500009 
DATA                 5         34                                 1299600500010 
EN         EN-RSL     ANG-CM     DATA       DATA-ERR              1299600500011 
MEV        MEV        ADEG       NO-DIM     NO-DIM                1299600500012 
 10.935     0.260      31.6       -0.015     0.171                1299600500013 
 10.935     0.260      41.5        0.153     0.036                1299600500014 
 10.935     0.260      61.4        0.266     0.090                1299600500015 
 10.935     0.260      81.4        0.266     0.056                1299600500016 
 10.935     0.260     101.4        0.045     0.050                1299600500017 
 10.935     0.260     121.1        0.139     0.050                1299600500018 
 10.935     0.260     140.6        0.058     0.046                1299600500019 
 10.935     0.260     154.1        0.069     0.065                1299600500020 
 13.904     0.197      41.4        0.139     0.043                1299600500021 
 13.904     0.197      51.3        0.085     0.051                1299600500022 
 13.904     0.197      61.2        0.039     0.051                1299600500023 
 13.904     0.197      71.2        0.170     0.061                1299600500024 
 13.904     0.197      86.2        0.114     0.053                1299600500025 
 13.904     0.197     101.2       -0.113     0.063                1299600500026 
 13.904     0.197     126.0        0.174     0.061                1299600500027 
 13.904     0.197     140.5        0.083     0.067                1299600500028 
 13.904     0.197     158.7        0.105     0.133                1299600500029 
 16.923     0.159      21.7        0.027     0.209                1299600500030 
 16.923     0.159      31.5        0.024     0.152                1299600500031 
 16.923     0.159      37.4        0.113     0.126                1299600500032 
 16.923     0.159      41.3        0.041     0.093                1299600500033 
 16.923     0.159      46.3        0.184     0.162                1299600500034 
 16.923     0.159      51.3       -0.152     0.147                1299600500035 
 16.923     0.159      61.2       -0.085     0.085                1299600500036 
 16.923     0.159      71.1        0.038     0.072                1299600500037 
 16.923     0.159      81.3       -0.076     0.111                1299600500038 
 16.923     0.159      91.1        0.021     0.098                1299600500039 
 16.923     0.159     101.2       -0.111     0.197                1299600500040 
 16.923     0.159     111.2        0.062     0.101                1299600500041 
 16.923     0.159     121.1        0.253     0.110                1299600500042 
 16.923     0.159     130.9        0.091     0.128                1299600500043 
 16.923     0.159     140.5       -0.194     0.157                1299600500044 
 16.923     0.159     150.1       -0.136     0.145                1299600500045 
 16.923     0.159     157.8        0.003     0.102                1299600500046 
ENDDATA             36          0                                 1299600500047 
ENDSUBENT           46          0                                 1299600599999 
ENDENTRY             5          0                                 1299699999999 
