ENTRY            13157   19890607                             00001315700000001 
SUBENT        13157001   19890607                             00001315700100001 
BIB                 10         13                                 1315700100002 
INSTITUTE  (1USADAV) + CAL.STATE UNIV., CHICO                     1315700100003 
REFERENCE  (J,BAP,33,1568(AF11),8809)                             1315700100004 
AUTHOR     (J.C.YOUNG,F.P.BRADY,J.L.ROMERO,G.A.NEEDHAM,           1315700100005 
           J.L.ULLMANN)                                           1315700100006 
TITLE      ANGULAR DISRIBUTIONS FROM 60 MEV NEUTRONS ON 12C, 14N, 1315700100007 
            AND 16O(N,D)                                          1315700100008 
FACILITY   (ISOCY)                                                1315700100009 
INC-SOURCE (P-LI7)                                                1315700100010 
MONITOR    (1-H-1(N,EL)1-H-1,,DA,P)                               1315700100011 
ERR-ANALYS NO INFORMATION                                         1315700100012 
STATUS     DATA TAKEN FROM THESIS, NEEDHAM, 1981                  1315700100013 
           (APRVD) J.L.ROMERO, 89/6/5.                            1315700100014 
HISTORY    (890412C)                                              1315700100015 
ENDBIB              13          0                                 1315700100016 
NOCOMMON             0          0                                 1315700100017 
ENDSUBENT           16          0                                 1315700199999 
SUBENT        13157002   19890607                             00001315700200001 
BIB                  1          1                                 1315700200002 
REACTION   (6-C-12(N,D)5-B-11,PAR,DA)                             1315700200003 
ENDBIB               1          0                                 1315700200004 
COMMON               1          3                                 1315700200005 
EN                                                                1315700200006 
MEV                                                               1315700200007 
60.                                                               1315700200008 
ENDCOMMON            3          0                                 1315700200009 
DATA                 5         80                                 1315700200010 
E-EXC      E-EXC      ANG-CM     DATA-CM    DATA-ERR              1315700200011 
MEV        MEV        ADEG       MB/SR      PER-CENT              1315700200012 
 0.                     8.03       9.468     10.6                 1315700200013 
 0.                     9.18      15.521      6.4                 1315700200014 
 0.                    10.32      17.475      5.2                 1315700200015 
 0.                    11.47      16.376      4.5                 1315700200016 
 0.                    12.61      15.367      4.0                 1315700200017 
 0.                    13.76      14.755      3.9                 1315700200018 
 0.                    14.90      14.855      3.7                 1315700200019 
 0.                    16.04      13.592      3.6                 1315700200020 
 0.                    17.19      11.247      3.8                 1315700200021 
 0.                    18.33      11.323      3.8                 1315700200022 
 0.                    19.47      10.762      3.8                 1315700200023 
 0.                    20.61      10.293      3.8                 1315700200024 
 0.                    21.75       9.923      3.9                 1315700200025 
 0.                    22.89       7.846      4.2                 1315700200026 
 0.                    24.03       7.109      4.7                 1315700200027 
 0.                    25.17       6.882      4.7                 1315700200028 
 0.                    26.30       6.250      5.1                 1315700200029 
 0.                    27.44       5.943      5.2                 1315700200030 
 0.                    28.57       4.684      5.6                 1315700200031 
 0.                    29.70       4.843      5.3                 1315700200032 
 0.                    30.84       4.892      5.2                 1315700200033 
 0.                    31.97       4.652      5.4                 1315700200034 
 0.                    33.10       4.356      5.8                 1315700200035 
 0.                    34.23       4.950      6.0                 1315700200036 
 0.                    35.35       4.583      6.8                 1315700200037 
 0.                    36.48       4.816      8.8                 1315700200038 
 0.                    37.60       4.646     11.5                 1315700200039 
 0.                    45.43       2.205      9.2                 1315700200040 
 0.                    47.66       2.390      6.7                 1315700200041 
 0.                    49.87       1.642      7.0                 1315700200042 
 0.                    52.08       1.629      6.6                 1315700200043 
 0.                    54.28       1.358      7.1                 1315700200044 
 0.                    56.48       1.217      7.2                 1315700200045 
 0.                    58.66       1.133      7.4                 1315700200046 
 0.                    60.84       0.989      8.0                 1315700200047 
 2.12                   8.06       4.370     18.6                 1315700200048 
 2.12                   9.21       3.541     16.7                 1315700200049 
 2.12                  10.36       3.453     15.3                 1315700200050 
 2.12                  11.50       3.493     13.9                 1315700200051 
 2.12                  12.65       2.806     13.7                 1315700200052 
 2.12                  13.80       3.576     12.7                 1315700200053 
 2.12                  14.95       3.367     12.7                 1315700200054 
 2.12                  16.10       1.887     13.3                 1315700200055 
 2.12                  17.24       2.202     12.8                 1315700200056 
 2.12                  18.39       2.060     13.2                 1315700200057 
 2.12                  19.53       2.108     13.2                 1315700200058 
 2.12                  20.68       2.012     13.2                 1315700200059 
 2.12                  21.82       1.755     13.5                 1315700200060 
 2.12                  22.96       1.758     13.4                 1315700200061 
 2.12                  24.11       1.822     13.6                 1315700200062 
 2.12                  25.25       1.409     14.4                 1315700200063 
 2.12                  26.39       1.250     15.1                 1315700200064 
 2.12                  27.53       1.245     15.1                 1315700200065 
 2.12                  28.66       1.193     14.9                 1315700200066 
 2.12                  29.80       1.025     15.3                 1315700200067 
 2.12                  30.94       0.661     17.4                 1315700200068 
 2.12                  32.07       0.819     16.3                 1315700200069 
 2.12                  33.20       0.837     16.6                 1315700200070 
 2.12                  34.33       0.901     17.3                 1315700200071 
 2.12                  35.46       0.817     19.6                 1315700200072 
 2.12                  38.59       0.898     22.5                 1315700200073 
 2.12                  45.57       0.230     30.0                 1315700200074 
 2.12                  47.80       0.309     21.2                 1315700200075 
 2.12                  50.02       0.333     18.4                 1315700200076 
 2.12                  52.24       0.244     19.7                 1315700200077 
 2.12                  54.45       0.252     19.9                 1315700200078 
 2.12                  56.64       0.194     20.6                 1315700200079 
 2.12                  58.84       0.175     21.3                 1315700200080 
 2.12                  61.02       0.250     18.7                 1315700200081 
 4.45       5.00       28.77       1.302     16.1                 1315700200082 
 4.45       5.00       32.19       1.364     16.1                 1315700200083 
 4.45       5.00       35.59       1.327     16.9                 1315700200084 
 4.45       5.00       45.74       0.609     26.4                 1315700200085 
 4.45       5.00       47.97       0.396     26.9                 1315700200086 
 4.45       5.00       50.20       0.406     17.2                 1315700200087 
 4.45       5.00       52.42       0.303     18.2                 1315700200088 
 4.45       5.00       54.63       0.297     21.2                 1315700200089 
 4.45       5.00       56.84       0.175     27.5                 1315700200090 
 4.45       5.00       59.03       0.226     25.9                 1315700200091 
 4.45       5.00       61.22       0.178     27.5                 1315700200092 
ENDDATA             82          0                                 1315700200093 
ENDSUBENT           92          0                                 1315700299999 
SUBENT        13157003   19890607                             00001315700300001 
BIB                  1          1                                 1315700300002 
REACTION   (7-N-14(N,D)6-C-13,PAR,DA)                             1315700300003 
ENDBIB               1          0                                 1315700300004 
COMMON               1          3                                 1315700300005 
EN                                                                1315700300006 
MEV                                                               1315700300007 
59.1                                                              1315700300008 
ENDCOMMON            3          0                                 1315700300009 
DATA                 5         47                                 1315700300010 
E-EXC      E-EXC      ANG-CM     DATA-CM    DATA-ERR              1315700300011 
MEV        MEV        ADEG       MB/SR      PER-CENT              1315700300012 
 0.                     6.68       5.930      2.2                 1315700300013 
 0.                    11.13       5.109      2.4                 1315700300014 
 0.                    17.80       2.771      2.8                 1315700300015 
 0.                    20.02       2.174      3.8                 1315700300016 
 0.                    22.23       1.633      3.7                 1315700300017 
 0.                    27.76       0.995      6.3                 1315700300018 
 0.                    36.56       0.434      9.0                 1315700300019 
 0.                    44.20       0.322     11.5                 1315700300020 
 0.                    52.86       0.191     16.2                 1315700300021 
 0.                    60.35       0.157     18.9                 1315700300022 
 0.                    68.82       0.056     33.3                 1315700300023 
 0.                    76.14       0.027     50.0                 1315700300024 
 3.68                   6.71       1.313      6.0                 1315700300025 
 3.68                  11.18       1.605      5.0                 1315700300026 
 3.68                  17.87       1.065      5.3                 1315700300027 
 3.68                  20.09       0.873      7.0                 1315700300028 
 3.68                  22.32       0.624      7.4                 1315700300029 
 3.68                  27.87       0.384     12.3                 1315700300030 
 3.68                  36.69       0.207     16.7                 1315700300031 
 3.68                  44.36       0.169     17.0                 1315700300032 
 3.68                  53.04       0.121     22.8                 1315700300033 
 3.68                  60.55       0.156     18.9                 1315700300034 
 3.68                  69.04       0.069     30.2                 1315700300035 
 7.55       8.9         6.75       8.710      2.0                 1315700300036 
 7.55       8.9        11.24      10.276      1.9                 1315700300037 
 7.55       8.9        17.98       6.953      2.0                 1315700300038 
 7.55       8.9        20.21       5.619      2.7                 1315700300039 
 7.55       8.9        22.45       4.416      2.6                 1315700300040 
 7.55       8.9        28.03       3.126      3.9                 1315700300041 
 7.55       8.9        36.90       2.241      4.7                 1315700300042 
 7.55       8.9        44.61       1.604      5.5                 1315700300043 
 7.55       8.9        53.33       0.898      8.5                 1315700300044 
 7.55       8.9        60.87       0.787      9.0                 1315700300045 
 7.55       8.9        69.39       0.577     11.4                 1315700300046 
 7.55       8.9        76.74       0.287     17.5                 1315700300047 
11.8                    6.78       3.882      3.4                 1315700300048 
11.8                   11.29       4.945      3.1                 1315700300049 
11.8                   18.05       3.621      3.1                 1315700300050 
11.8                   20.30       2.838      1.1                 1315700300051 
11.8                   22.55       2.297      4.2                 1315700300052 
11.8                   28.15       1.835      6.0                 1315700300053 
11.8                   37.06       1.222      7.3                 1315700300054 
11.8                   44.79       1.079      7.5                 1315700300055 
11.8                   53.54       0.654     10.8                 1315700300056 
11.8                   61.10       0.505     12.1                 1315700300057 
11.8                   69.64       0.278     19.2                 1315700300058 
11.8                   77.00       0.212     24.6                 1315700300059 
ENDDATA             49          0                                 1315700300060 
ENDSUBENT           59          0                                 1315700399999 
SUBENT        13157004   19890607                             00001315700400001 
BIB                  1          1                                 1315700400002 
REACTION   (8-O-16(N,D)7-N-15,PAR,DA)                             1315700400003 
ENDBIB               1          0                                 1315700400004 
COMMON               1          3                                 1315700400005 
EN                                                                1315700400006 
MEV                                                               1315700400007 
59.6                                                              1315700400008 
ENDCOMMON            3          0                                 1315700400009 
DATA                 4         24                                 1315700400010 
E-EXC      ANG-CM     DATA-CM    DATA-ERR                         1315700400011 
MEV        ADEG       MB/SR      PER-CENT                         1315700400012 
 0.          6.62      12.093      2.1                            1315700400013 
 0.         11.03      10.478      2.6                            1315700400014 
 0.         17.64       6.558      2.1                            1315700400015 
 0.         19.84       5.270      3.8                            1315700400016 
 0.         22.04       3.505      3.8                            1315700400017 
 0.         27.52       2.333      4.7                            1315700400018 
 0.         36.24       1.491      7.5                            1315700400019 
 0.         43.83       0.748      8.6                            1315700400020 
 0.         52.42       0.421     16.7                            1315700400021 
 0.         59.88       0.402     13.5                            1315700400022 
 0.         68.30       0.103     37.8                            1315700400023 
 0.         75.59       0.061     37.8                            1315700400024 
 6.3         6.67      10.753      1.7                            1315700400025 
 6.3        11.11      12.066      2.4                            1315700400026 
 6.3        17.76       9.466      1.7                            1315700400027 
 6.3        19.97       7.974      3.1                            1315700400028 
 6.3        22.19       5.616      3.0                            1315700400029 
 6.3        27.70       4.136      3.5                            1315700400030 
 6.3        38.48       3.242      5.0                            1315700400031 
 6.3        44.11       2.059      5.1                            1315700400032 
 6.3        52.75       1.234      9.7                            1315700400033 
 6.3        60.24       1.055      8.3                            1315700400034 
 6.3        68.70       0.637     15.1                            1315700400035 
 6.3        76.01       0.410     14.6                            1315700400036 
ENDDATA             26          0                                 1315700400037 
ENDSUBENT           36          0                                 1315700499999 
ENDENTRY             4          0                                 1315799999999 
