ENTRY            13180   19891206                             00001318000000001 
SUBENT        13180001   19891206                             00001318000100001 
BIB                 12         12                                 1318000100002 
INSTITUTE  (1USAANL,1USANWU)                                      1318000100003 
REFERENCE  (J,PR,171,1267,6807)                                   1318000100004 
AUTHOR     (A.N.BEHKAMI,J.H.ROBERTS,W.LOVELAND,J.R.HUIZENGA)      1318000100005 
TITLE      STRUCTURE OF THE FISSION TRANSITION NUCLEUS U235.      1318000100006 
FACILITY   (VDG)                                                  1318000100007 
INC-SOURCE (P-LI7)                                                1318000100008 
SAMPLE     ISOTOPICALLY PURE 234U                                 1318000100009 
DETECTOR   (TRD) POLYCARBONATE RESIN DETECTOR                     1318000100010 
CORRECTION CORRECTED FOR ANGULAR RESOLUTION                       1318000100011 
ERR-ANALYS NO INFORMATION                                         1318000100012 
STATUS     DATA TAKEN FROM ARTICLE.                               1318000100013 
HISTORY    (891127C)                                              1318000100014 
ENDBIB              12          0                                 1318000100015 
COMMON               1          3                                 1318000100016 
EN-RSL                                                            1318000100017 
KEV                                                               1318000100018 
 15.                                                              1318000100019 
ENDCOMMON            3          0                                 1318000100020 
ENDSUBENT           19          0                                 1318000199999 
SUBENT        13180002   19900604                             00001318000200001 
BIB                  2          3                                 1318000200002 
REACTION   (92-U-234(N,F),,DA,FF,REL)                             1318000200003 
            DATA GIVEN IN TRACKS PER STERADIAN                    1318000200004 
HISTORY    (900604A) DATA FIELD CORRECTED                         1318000200005 
ENDBIB               3          0                                 1318000200006 
NOCOMMON             0          0                                 1318000200007 
DATA                 4        144                                 1318000200008 
EN         ANG        DATA       DATA-ERR                         1318000200009 
KEV        ADEG       1/SR       1/SR                             1318000200010 
 200.        4.8        590.       80.                            1318000200011 
 200.       12.5        644.       75.                            1318000200012 
 200.       17.5        672.       63.                            1318000200013 
 200.       22.5        668.       56.                            1318000200014 
 200.       27.5        629.       50.                            1318000200015 
 200.       32.5        550.       44.                            1318000200016 
 200.       38.2        536.       65.                            1318000200017 
 200.       42.5        492.       51.                            1318000200018 
 200.       47.5        440.       45.                            1318000200019 
 200.       52.5        421.       44.                            1318000200020 
 200.       59.0        443.       34.                            1318000200021 
 200.       67.0        439.       38.                            1318000200022 
 200.       72.5        424.       42.                            1318000200023 
 200.       77.5        420.       40.                            1318000200024 
 200.       82.5        401.       40.                            1318000200025 
 200.       87.5        387.       56.                            1318000200026 
 300.        4.8        349.       62.                            1318000200027 
 300.       12.5        364.       60.                            1318000200028 
 300.       17.5        359.       45.                            1318000200029 
 300.       22.5        338.       43.                            1318000200030 
 300.       27.5        391.       39.                            1318000200031 
 300.       32.5        389.       34.                            1318000200032 
 300.       38.2        407.       60.                            1318000200033 
 300.       42.5        426.       51.                            1318000200034 
 300.       47.5        443.       49.                            1318000200035 
 300.       52.5        406.       46.                            1318000200036 
 300.       59.0        411.       34.                            1318000200037 
 300.       67.0        362.       37.                            1318000200038 
 300.       72.5        350.       41.                            1318000200039 
 300.       77.5        364.       40.                            1318000200040 
 300.       82.5        347.       40.                            1318000200041 
 300.       87.5        321.       39.                            1318000200042 
 400.        4.8       1000.      104.                            1318000200043 
 400.       12.5       1160.      106.                            1318000200044 
 400.       17.5       1344.       87.                            1318000200045 
 400.       22.5       1487.       83.                            1318000200046 
 400.       27.5       1575.       78.                            1318000200047 
 400.       32.5       1639.       69.                            1318000200048 
 400.       38.2       1872.      125.                            1318000200049 
 400.       42.5       1831.      102.                            1318000200050 
 400.       47.5       1770.       93.                            1318000200051 
 400.       52.5       1819.       95.                            1318000200052 
 400.       59.0       1843.       69.                            1318000200053 
 400.       67.0       1759.       75.                            1318000200054 
 400.       72.5       1633.       82.                            1318000200055 
 400.       77.5       1564.       77.                            1318000200056 
 400.       82.5       1603.      110.                            1318000200057 
 400.       87.5       1558.      111.                            1318000200058 
 500.        4.8       2237.      167.                            1318000200059 
 500.       12.5       2487.      159.                            1318000200060 
 500.       17.5       2843.      139.                            1318000200061 
 500.       22.5       3234.      136.                            1318000200062 
 500.       27.5       3219.      125.                            1318000200063 
 500.       32.5       3542.      122.                            1318000200064 
 500.       38.2       3710.      189.                            1318000200065 
 500.       42.5       4063.      191.                            1318000200066 
 500.       47.5       4204.      162.                            1318000200067 
 500.       52.5       4346.      165.                            1318000200068 
 500.       59.0       4496.      141.                            1318000200069 
 500.       67.0       4430.      130.                            1318000200070 
 500.       72.5       4711.      151.                            1318000200071 
 500.       77.5       4348.      142.                            1318000200072 
 500.       82.5       4196.      143.                            1318000200073 
 500.       87.5       4105.      156.                            1318000200074 
 600.        4.8       3119.      185.                            1318000200075 
 600.       12.5       3574.      208.                            1318000200076 
 600.       17.5       3817.      178.                            1318000200077 
 600.       22.5       3989.      162.                            1318000200078 
 600.       27.5       3951.      147.                            1318000200079 
 600.       32.5       4042.      130.                            1318000200080 
 600.       38.2       4062.      185.                            1318000200081 
 600.       42.5       3948.      150.                            1318000200082 
 600.       47.5       3905.      138.                            1318000200083 
 600.       52.5       3847.      140.                            1318000200084 
 600.       59.0       4025.      110.                            1318000200085 
 600.       67.0       3740.      130.                            1318000200086 
 600.       72.5       3595.      136.                            1318000200087 
 600.       77.5       3507.      130.                            1318000200088 
 600.       82.5       3494.      132.                            1318000200089 
 600.       87.5       3436.      134.                            1318000200090 
 700.        4.8       5977.      254.                            1318000200091 
 700.       12.5       6260.      274.                            1318000200092 
 700.       17.5       6424.      224.                            1318000200093 
 700.       22.5       6553.      204.                            1318000200094 
 700.       27.5       6649.      187.                            1318000200095 
 700.       32.5       6803.      194.                            1318000200096 
 700.       38.2       7115.      243.                            1318000200097 
 700.       42.5       7344.      204.                            1318000200098 
 700.       47.5       7277.      193.                            1318000200099 
 700.       52.5       7538.      192.                            1318000200100 
 700.       59.0       7364.      140.                            1318000200101 
 700.       67.0       7245.      210.                            1318000200102 
 700.       72.5       6808.      229.                            1318000200103 
 700.       77.5       6617.      216.                            1318000200104 
 700.       82.5       6243.      223.                            1318000200105 
 700.       87.5       5724.      208.                            1318000200106 
 843.        4.8       9794.      326.                            1318000200107 
 843.       12.5      10004.      339.                            1318000200108 
 843.       17.5       9697.      376.                            1318000200109 
 843.       22.5       9511.      244.                            1318000200110 
 843.       27.5       8825.      214.                            1318000200111 
 843.       32.5       8465.      181.                            1318000200112 
 843.       38.2       8315.      275.                            1318000200113 
 843.       42.5       7418.      214.                            1318000200114 
 843.       47.5       7017.      197.                            1318000200115 
 843.       52.5       6715.      191.                            1318000200116 
 843.       59.0       6245.      172.                            1318000200117 
 843.       67.0       5899.      167.                            1318000200118 
 843.       72.5       5618.      178.                            1318000200119 
 843.       77.5       5696.      171.                            1318000200120 
 843.       82.5       5680.      211.                            1318000200121 
 843.       87.5       5501.      208.                            1318000200122 
 998.        4.8       3959.      389.                            1318000200123 
 998.       12.5       3739.      386.                            1318000200124 
 998.       17.5       4187.      308.                            1318000200125 
 998.       22.5       4292.      288.                            1318000200126 
 998.       27.5       4064.      256.                            1318000200127 
 998.       32.5       3878.      215.                            1318000200128 
 998.       38.2       3780.      304.                            1318000200129 
 998.       42.5       3600.      244.                            1318000200130 
 998.       47.5       3751.      231.                            1318000200131 
 998.       52.5       3747.      232.                            1318000200132 
 998.       59.0       4121.      179.                            1318000200133 
 998.       67.0       3924.      197.                            1318000200134 
 998.       72.5       3804.      220.                            1318000200135 
 998.       77.5       3881.      212.                            1318000200136 
 998.       82.5       3626.      207.                            1318000200137 
 998.       87.5       3561.      226.                            1318000200138 
1184.        4.8       2073.      297.                            1318000200139 
1184.       12.5       2605.      310.                            1318000200140 
1184.       17.5       2723.      260.                            1318000200141 
1184.       22.5       2673.      229.                            1318000200142 
1184.       27.5       2576.      204.                            1318000200143 
1184.       32.5       2212.      164.                            1318000200144 
1184.       38.2       2736.      276.                            1318000200145 
1184.       42.5       2424.      214.                            1318000200146 
1184.       47.5       2218.      189.                            1318000200147 
1184.       52.5       2110.      186.                            1318000200148 
1184.       59.0       2258.      139.                            1318000200149 
1184.       67.0       2169.      146.                            1318000200150 
1184.       72.5       2001.      159.                            1318000200151 
1184.       77.5       2195.      158.                            1318000200152 
1184.       82.5       2026.      156.                            1318000200153 
1184.       87.5       1795.      148.                            1318000200154 
ENDDATA            146          0                                 1318000200155 
ENDSUBENT          154          0                                 1318000299999 
ENDENTRY             2          0                                 1318099999999 
