ENTRY            13201   19881102                             00001320100000001 
SUBENT        13201001   19881102                             00001320100100001 
BIB                 10         10                                 1320100100002 
INSTITUTE  (1USAHAN)                                              1320100100003 
REFERENCE  (P,HW-77609,(3.1),63)                                  1320100100004 
AUTHOR     (L.J.KIRBY)                                            1320100100005 
TITLE      FISSION YIELD STUDIES WITH PU-239 AND PU-241           1320100100006 
FACILITY   NO INFORMATION                                         1320100100007 
MONITOR    NO INFORMATION                                         1320100100008 
ERR-ANALYS NO INFORMATION                                         1320100100009 
STATUS     (RIDER) REFERENCE 63KIR1                               1320100100010 
METHOD     (RCHEM)                                                1320100100011 
HISTORY    (890519C) VM                                           1320100100012 
ENDBIB              10          0                                 1320100100013 
COMMON               1          3                                 1320100100014 
EN-DUMMY                                                          1320100100015 
EV                                                                1320100100016 
0.0253                                                            1320100100017 
ENDCOMMON            3          0                                 1320100100018 
ENDSUBENT           17          0                                 1320100199999 
SUBENT        13201002   19881102                             00001320100200001 
BIB                  1          1                                 1320100200002 
REACTION   (94-PU-239(N,F)ELEM/MASS,CUM,FY,,MXW)                  1320100200003 
ENDBIB               1          0                                 1320100200004 
NOCOMMON             0          0                                 1320100200005 
DATA                 3          6                                 1320100200006 
ELEMENT    MASS       DATA                                        1320100200007 
NO-DIM     NO-DIM     PC/FIS                                      1320100200008 
 42.        99.         6.10                                      1320100200009 
 44.       105.         2.74                                      1320100200010 
 46.       109.         1.6                                       1320100200011 
 46.       112.         0.11                                      1320100200012 
 47.       111.         0.212                                     1320100200013 
 55.       137.         6.15                                      1320100200014 
ENDDATA              8          0                                 1320100200015 
ENDSUBENT           14          0                                 1320100299999 
SUBENT        13201003   19881102                             00001320100300001 
BIB                  1          1                                 1320100300002 
REACTION   (94-PU-241(N,F)ELEM/MASS,CUM,FY,,MXW)                  1320100300003 
ENDBIB               1          0                                 1320100300004 
NOCOMMON             0          0                                 1320100300005 
DATA                 4         29                                 1320100300006 
ELEMENT    MASS       ISOMER     DATA                             1320100300007 
NO-DIM     NO-DIM     NO-DIM     PC/FIS                           1320100300008 
 38.        89.                    0.28                           1320100300009 
 38.        90.                    0.54                           1320100300010 
 38.        91.                    1.0                            1320100300011 
 39.        91.                    0.96                           1320100300012 
 39.        93.                    2.0                            1320100300013 
 40.        95.                    2.4                            1320100300014 
 40.        97.                    3.8                            1320100300015 
 42.        99.                    5.2                            1320100300016 
 44.       103.                    6.1                            1320100300017 
 44.       105.                    6.0                            1320100300018 
 46.       109.                    3.9                            1320100300019 
 46.       112.                    0.96                           1320100300020 
 47.       111.                    1.7                            1320100300021 
 48.       115.         0.         0.044                          1320100300022 
 48.       115.         0.         0.040                          1320100300023 
 51.       127.                    0.7                            1320100300024 
 52.       132.                    4.9                            1320100300025 
 53.       131.                    4.7                            1320100300026 
 53.       133.         0.         5.6                            1320100300027 
 53.       135.                    5.6                            1320100300028 
 55.       137.                    5.5                            1320100300029 
 56.       140.                    5.1                            1320100300030 
 57.       140.                    5.1                            1320100300031 
 57.       141.                    3.9                            1320100300032 
 58.       143.                    3.0                            1320100300033 
 58.       144.                    3.1                            1320100300034 
 59.       145.                    1.7                            1320100300035 
 60.       147.                    0.96                           1320100300036 
 61.       149.                    0.39                           1320100300037 
ENDDATA             31          0                                 1320100300038 
ENDSUBENT           37          0                                 1320100399999 
ENDENTRY             3          0                                 1320199999999 
