ENTRY            13459   19900122                             00001345900000001 
SUBENT        13459001   19900122                             00001345900100001 
BIB                  8          8                                 1345900100002 
INSTITUTE  (1USAANL)                                              1345900100003 
REFERENCE  (J,JIN,37,881,7504)                                    1345900100004 
AUTHOR     (K.F.FLYNN,J.E.GINDLER,L.E.GLENDENIN)                  1345900100005 
TITLE      THE MASS DISTRIBUTION FOR SPONTANEOUS FISSION OF 252CF.1345900100006 
METHOD     (RCHEM)                                                1345900100007 
ERR-ANALYS ESTIMATED ACCURACY                                     1345900100008 
STATUS     DATA TAKEN FROM ARTICLE                                1345900100009 
HISTORY    (900122C) VM                                           1345900100010 
ENDBIB               8          0                                 1345900100011 
NOCOMMON             0          0                                 1345900100012 
ENDSUBENT           11          0                                 1345900199999 
SUBENT        13459002   19900122                             00001345900200001 
BIB                  2          3                                 1345900200002 
REACTION   (98-CF-252(0,F)ELEM/MASS,CUM,FY)                       1345900200003 
MONITOR    FISSION RATE DETERMINED ABSOLUTELY FOR 99MO, 111AG,    1345900200004 
            132TE AND 140BA.                                      1345900200005 
ENDBIB               3          0                                 1345900200006 
NOCOMMON             0          0                                 1345900200007 
DATA                 5         39                                 1345900200008 
MASS       ELEMENT    ISOMER     DATA       DATA-ERR              1345900200009 
NO-DIM     NO-DIM     NO-DIM     PC/FIS     PC/FIS                1345900200010 
 83.        35.                    0.040      0.004               1345900200011 
 85.        36.                    0.078      0.008               1345900200012 
 89.        38.                    0.366      0.02                1345900200013 
 91.        38.                    0.58       0.06                1345900200014 
 93.        39.                    0.67       0.07                1345900200015 
 95.        40.                    1.24       0.12                1345900200016 
 97.        40.                    1.81       0.18                1345900200017 
 99.        42.                    2.48       0.13                1345900200018 
103.        44.                    4.62       0.46                1345900200019 
105.        44.                    5.53       0.55                1345900200020 
106.        44.                    5.75       0.58                1345900200021 
109.        46.                    5.60       0.56                1345900200022 
111.        47.                    5.04       0.25                1345900200023 
112.        46.                    4.21       0.42                1345900200024 
115.        48.        0.          2.08       0.21                1345900200025 
115.        48.        1.          0.246      0.025               1345900200026 
121.        50.        0.          0.085      0.008               1345900200027 
123.        50.        0.          0.0045     0.0005              1345900200028 
125.        50.        0.          0.0078     0.0008              1345900200029 
125.        51.                    0.0164     0.0016              1345900200030 
127.        51.                    0.072      0.007               1345900200031 
127.        52.        1.          0.021      0.002               1345900200032 
129.        51.                    0.371      0.032               1345900200033 
129.        52.        1.          0.106      0.011               1345900200034 
131.        53.                    1.64       0.16                1345900200035 
132.        52.                    2.17       0.11                1345900200036 
133.        53.                    3.03       0.30                1345900200037 
135.        53.                    3.86       0.39                1345900200038 
139.        56.                    5.75       0.58                1345900200039 
140.        56.                    5.50       0.28                1345900200040 
141.        58.                    6.08       0.61                1345900200041 
143.        58.                    5.66       0.28                1345900200042 
144.        58.                    5.98       0.30                1345900200043 
147.        60.                    3.99       0.40                1345900200044 
149.        61.                    2.81       0.28                1345900200045 
151.        61.                    1.60       0.16                1345900200046 
153.        62.                    1.12       0.11                1345900200047 
156.        62.                    0.69       0.07                1345900200048 
161.        65.                    0.21       0.02                1345900200049 
ENDDATA             41          0                                 1345900200050 
ENDSUBENT           49          0                                 1345900299999 
ENDENTRY             2          0                                 1345999999999 
