ENTRY            13637   19961212                             00001363700000001 
SUBENT        13637001   19961212                             00001363700100001 
BIB                 14         18                                 1363700100002 
INSTITUTE  (1USAANL,1USAUAZ)                                      1363700100003 
REFERENCE  (J,ANE,21,629,9410)                                    1363700100004 
AUTHOR     (A.B.SMITH,P.T.GUENTHER)                               1363700100005 
TITLE      Fast-neutron scattering from vibrational palladium     1363700100006 
            nuclei                                                1363700100007 
FACILITY   (DYNAM,1USAANL) Tandem dynamitron.                     1363700100008 
INC-SOURCE (D-D)                                                  1363700100009 
SAMPLE     Metallic cylinder with chemical purity >99%.           1363700100010 
METHOD     (TOF)                                                  1363700100011 
DETECTOR   (SCIN) Hydrogenous scintillators, calibrated using     1363700100012 
            252Cf spontaneous fission source.                     1363700100013 
MONITOR    (1-H-1(N,EL)1-H-1,,SIG)                                1363700100014 
CORRECTION Corrected for multiple-events, beam attenuation, and   1363700100015 
            angular resolution effects.                           1363700100016 
ERR-ANALYS No information on source of uncertainties.             1363700100017 
STATUS     Data received on diskette, A. Smith, 96/12/2.          1363700100018 
           (APRVD) Approved by A.B. Smith, 96/12/12.              1363700100019 
HISTORY    (961203C)                                              1363700100020 
ENDBIB              18          0                                 1363700100021 
NOCOMMON             0          0                                 1363700100022 
ENDSUBENT           21          0                                 1363700199999 
SUBENT        13637002   19961203                             00001363700200001 
BIB                  1          1                                 1363700200002 
REACTION   (46-PD-0(N,EL)46-PD-0,,DA)                             1363700200003 
ENDBIB               1          0                                 1363700200004 
NOCOMMON             0          0                                 1363700200005 
DATA                 4        233                                 1363700200006 
EN         ANG        DATA       DATA-ERR                         1363700200007 
MEV        ADEG       B/SR       PER-CENT                         1363700200008 
 0.5500E+01 0.1766E+02 0.1592E+01 0.3026E+01                      1363700200009 
 0.5500E+01 0.2161E+02 0.1163E+01 0.3028E+01                      1363700200010 
 0.5500E+01 0.2557E+02 0.8476E+00 0.3038E+01                      1363700200011 
 0.5500E+01 0.2756E+02 0.6278E+00 0.3039E+01                      1363700200012 
 0.5500E+01 0.2786E+02 0.6273E+00 0.3039E+01                      1363700200013 
 0.5500E+01 0.3174E+02 0.3650E+00 0.3067E+01                      1363700200014 
 0.5500E+01 0.3572E+02 0.1923E+00 0.3102E+01                      1363700200015 
 0.5500E+01 0.3801E+02 0.1158E+00 0.3148E+01                      1363700200016 
 0.5500E+01 0.4349E+02 0.3992E-01 0.4209E+01                      1363700200017 
 0.5500E+01 0.4698E+02 0.3630E-01 0.4629E+01                      1363700200018 
 0.5500E+01 0.5097E+02 0.5593E-01 0.3233E+01                      1363700200019 
 0.5500E+01 0.5346E+02 0.8041E-01 0.3175E+01                      1363700200020 
 0.5500E+01 0.5895E+02 0.1208E+00 0.3110E+01                      1363700200021 
 0.5500E+01 0.6244E+02 0.1393E+00 0.3098E+01                      1363700200022 
 0.5500E+01 0.6644E+02 0.1478E+00 0.3091E+01                      1363700200023 
 0.5500E+01 0.6843E+02 0.1451E+00 0.3089E+01                      1363700200024 
 0.5500E+01 0.7542E+02 0.1198E+00 0.3101E+01                      1363700200025 
 0.5500E+01 0.7842E+02 0.1009E+00 0.3117E+01                      1363700200026 
 0.5500E+01 0.8241E+02 0.7836E-01 0.3142E+01                      1363700200027 
 0.5500E+01 0.8441E+02 0.6342E-01 0.3170E+01                      1363700200028 
 0.5500E+01 0.9090E+02 0.3072E-01 0.5469E+01                      1363700200029 
 0.5500E+01 0.9389E+02 0.2193E-01 0.7660E+01                      1363700200030 
 0.5500E+01 0.9789E+02 0.1578E-01 0.1065E+02                      1363700200031 
 0.5500E+01 0.9990E+02 0.1415E-01 0.1187E+02                      1363700200032 
 0.5500E+01 0.1064E+03 0.1814E-01 0.9259E+01                      1363700200033 
 0.5500E+01 0.1094E+03 0.2397E-01 0.7010E+01                      1363700200034 
 0.5500E+01 0.1134E+03 0.3079E-01 0.5456E+01                      1363700200035 
 0.5500E+01 0.1154E+03 0.3693E-01 0.4549E+01                      1363700200036 
 0.5500E+01 0.1223E+03 0.4790E-01 0.3508E+01                      1363700200037 
 0.5500E+01 0.1253E+03 0.5338E-01 0.3275E+01                      1363700200038 
 0.5500E+01 0.1288E+03 0.5421E-01 0.3278E+01                      1363700200039 
 0.5500E+01 0.1308E+03 0.5388E-01 0.3278E+01                      1363700200040 
 0.5500E+01 0.1383E+03 0.4310E-01 0.3898E+01                      1363700200041 
 0.5500E+01 0.1413E+03 0.3620E-01 0.4640E+01                      1363700200042 
 0.5500E+01 0.1443E+03 0.3099E-01 0.5422E+01                      1363700200043 
 0.5500E+01 0.1461E+03 0.2660E-01 0.6315E+01                      1363700200044 
 0.5500E+01 0.1483E+03 0.2239E-01 0.7502E+01                      1363700200045 
 0.5500E+01 0.1512E+03 0.1960E-01 0.8573E+01                      1363700200046 
 0.5500E+01 0.1542E+03 0.1719E-01 0.9770E+01                      1363700200047 
 0.5500E+01 0.1560E+03 0.1483E-01 0.1133E+02                      1363700200048 
 0.6500E+01 0.1766E+02 0.2194E+01 0.3022E+01                      1363700200049 
 0.6500E+01 0.2161E+02 0.1538E+01 0.3024E+01                      1363700200050 
 0.6500E+01 0.2558E+02 0.9682E+00 0.3035E+01                      1363700200051 
 0.6500E+01 0.2756E+02 0.7693E+00 0.3037E+01                      1363700200052 
 0.6500E+01 0.2786E+02 0.7267E+00 0.3037E+01                      1363700200053 
 0.6500E+01 0.3174E+02 0.3946E+00 0.3069E+01                      1363700200054 
 0.6500E+01 0.3572E+02 0.1662E+00 0.3113E+01                      1363700200055 
 0.6500E+01 0.3801E+02 0.9710E-01 0.3171E+01                      1363700200056 
 0.6500E+01 0.4349E+02 0.4050E-01 0.4641E+01                      1363700200057 
 0.6500E+01 0.4698E+02 0.5089E-01 0.3694E+01                      1363700200058 
 0.6500E+01 0.5097E+02 0.8700E-01 0.3180E+01                      1363700200059 
 0.6500E+01 0.5346E+02 0.1189E+00 0.3140E+01                      1363700200060 
 0.6500E+01 0.5895E+02 0.1562E+00 0.3098E+01                      1363700200061 
 0.6500E+01 0.6244E+02 0.1645E+00 0.3093E+01                      1363700200062 
 0.6500E+01 0.6644E+02 0.1551E+00 0.3092E+01                      1363700200063 
 0.6500E+01 0.6843E+02 0.1493E+00 0.3097E+01                      1363700200064 
 0.6500E+01 0.7542E+02 0.1108E+00 0.3127E+01                      1363700200065 
 0.6500E+01 0.7842E+02 0.8284E-01 0.3152E+01                      1363700200066 
 0.6500E+01 0.8241E+02 0.5475E-01 0.3433E+01                      1363700200067 
 0.6500E+01 0.8441E+02 0.4577E-01 0.4108E+01                      1363700200068 
 0.6500E+01 0.9090E+02 0.2596E-01 0.7241E+01                      1363700200069 
 0.6500E+01 0.9389E+02 0.2033E-01 0.9246E+01                      1363700200070 
 0.6500E+01 0.9789E+02 0.1703E-01 0.1104E+02                      1363700200071 
 0.6500E+01 0.9990E+02 0.1775E-01 0.1059E+02                      1363700200072 
 0.6500E+01 0.1064E+03 0.2266E-01 0.8295E+01                      1363700200073 
 0.6500E+01 0.1094E+03 0.2629E-01 0.7151E+01                      1363700200074 
 0.6500E+01 0.1134E+03 0.3178E-01 0.5915E+01                      1363700200075 
 0.6500E+01 0.1154E+03 0.3374E-01 0.5573E+01                      1363700200076 
 0.6500E+01 0.1223E+03 0.4221E-01 0.4454E+01                      1363700200077 
 0.6500E+01 0.1253E+03 0.4281E-01 0.4392E+01                      1363700200078 
 0.6500E+01 0.1288E+03 0.4253E-01 0.4421E+01                      1363700200079 
 0.6500E+01 0.1308E+03 0.4142E-01 0.4539E+01                      1363700200080 
 0.6500E+01 0.1383E+03 0.3310E-01 0.5680E+01                      1363700200081 
 0.6500E+01 0.1413E+03 0.2719E-01 0.6913E+01                      1363700200082 
 0.6500E+01 0.1443E+03 0.2343E-01 0.8022E+01                      1363700200083 
 0.6500E+01 0.1461E+03 0.2072E-01 0.9074E+01                      1363700200084 
 0.6500E+01 0.1483E+03 0.1845E-01 0.1019E+02                      1363700200085 
 0.6500E+01 0.1512E+03 0.1511E-01 0.1245E+02                      1363700200086 
 0.6500E+01 0.1542E+03 0.1338E-01 0.1405E+02                      1363700200087 
 0.6500E+01 0.1560E+03 0.1391E-01 0.1351E+02                      1363700200088 
 0.7140E+01 0.1766E+02 0.2490E+01 0.3020E+01                      1363700200089 
 0.7140E+01 0.2161E+02 0.1826E+01 0.3022E+01                      1363700200090 
 0.7140E+01 0.2557E+02 0.1181E+01 0.3033E+01                      1363700200091 
 0.7140E+01 0.2756E+02 0.8039E+00 0.3034E+01                      1363700200092 
 0.7140E+01 0.2845E+02 0.7533E+00 0.3035E+01                      1363700200093 
 0.7140E+01 0.3174E+02 0.4406E+00 0.3065E+01                      1363700200094 
 0.7140E+01 0.3572E+02 0.1902E+00 0.3111E+01                      1363700200095 
 0.7140E+01 0.3851E+02 0.8637E-01 0.3175E+01                      1363700200096 
 0.7140E+01 0.4349E+02 0.4585E-01 0.4362E+01                      1363700200097 
 0.7140E+01 0.4698E+02 0.6601E-01 0.3235E+01                      1363700200098 
 0.7140E+01 0.5097E+02 0.1099E+00 0.3155E+01                      1363700200099 
 0.7140E+01 0.5396E+02 0.1479E+00 0.3120E+01                      1363700200100 
 0.7140E+01 0.5895E+02 0.1831E+00 0.3092E+01                      1363700200101 
 0.7140E+01 0.6244E+02 0.1823E+00 0.3090E+01                      1363700200102 
 0.7140E+01 0.6644E+02 0.1650E+00 0.3094E+01                      1363700200103 
 0.7140E+01 0.6943E+02 0.1424E+00 0.3103E+01                      1363700200104 
 0.7140E+01 0.7542E+02 0.9557E-01 0.3146E+01                      1363700200105 
 0.7140E+01 0.7842E+02 0.7354E-01 0.3183E+01                      1363700200106 
 0.7140E+01 0.8241E+02 0.5086E-01 0.3932E+01                      1363700200107 
 0.7140E+01 0.8541E+02 0.3390E-01 0.5900E+01                      1363700200108 
 0.7140E+01 0.9090E+02 0.2315E-01 0.8639E+01                      1363700200109 
 0.7140E+01 0.9389E+02 0.2048E-01 0.9766E+01                      1363700200110 
 0.7140E+01 0.9789E+02 0.2066E-01 0.9681E+01                      1363700200111 
 0.7140E+01 0.1009E+03 0.2096E-01 0.9542E+01                      1363700200112 
 0.7140E+01 0.1064E+03 0.2657E-01 0.7527E+01                      1363700200113 
 0.7140E+01 0.1094E+03 0.2951E-01 0.6777E+01                      1363700200114 
 0.7140E+01 0.1134E+03 0.3209E-01 0.6232E+01                      1363700200115 
 0.7140E+01 0.1164E+03 0.3406E-01 0.5872E+01                      1363700200116 
 0.7140E+01 0.1223E+03 0.3710E-01 0.5391E+01                      1363700200117 
 0.7140E+01 0.1253E+03 0.3677E-01 0.5439E+01                      1363700200118 
 0.7140E+01 0.1288E+03 0.3434E-01 0.5824E+01                      1363700200119 
 0.7140E+01 0.1318E+03 0.3181E-01 0.6287E+01                      1363700200120 
 0.7140E+01 0.1383E+03 0.2512E-01 0.7962E+01                      1363700200121 
 0.7140E+01 0.1413E+03 0.2499E-01 0.8003E+01                      1363700200122 
 0.7140E+01 0.1443E+03 0.2166E-01 0.9234E+01                      1363700200123 
 0.7140E+01 0.1473E+03 0.1719E-01 0.1163E+02                      1363700200124 
 0.7140E+01 0.1483E+03 0.1613E-01 0.1240E+02                      1363700200125 
 0.7140E+01 0.1512E+03 0.1662E-01 0.1203E+02                      1363700200126 
 0.7140E+01 0.1542E+03 0.1699E-01 0.1177E+02                      1363700200127 
 0.7140E+01 0.1572E+03 0.1856E-01 0.1078E+02                      1363700200128 
 0.7550E+01 0.1786E+02 0.2550E+01 0.3035E+01                      1363700200129 
 0.7550E+01 0.2181E+02 0.1738E+01 0.3040E+01                      1363700200130 
 0.7550E+01 0.2577E+02 0.1114E+01 0.3059E+01                      1363700200131 
 0.7550E+01 0.2776E+02 0.8188E+00 0.3062E+01                      1363700200132 
 0.7550E+01 0.2865E+02 0.7134E+00 0.3082E+01                      1363700200133 
 0.7550E+01 0.3194E+02 0.4070E+00 0.3120E+01                      1363700200134 
 0.7550E+01 0.3592E+02 0.1671E+00 0.3206E+01                      1363700200135 
 0.7550E+01 0.3871E+02 0.8152E-01 0.3322E+01                      1363700200136 
 0.7550E+01 0.4369E+02 0.4467E-01 0.4477E+01                      1363700200137 
 0.7550E+01 0.4718E+02 0.6331E-01 0.3408E+01                      1363700200138 
 0.7550E+01 0.5117E+02 0.1116E+00 0.3276E+01                      1363700200139 
 0.7550E+01 0.5416E+02 0.1528E+00 0.3219E+01                      1363700200140 
 0.7550E+01 0.5915E+02 0.1733E+00 0.3171E+01                      1363700200141 
 0.7550E+01 0.6264E+02 0.1723E+00 0.3166E+01                      1363700200142 
 0.7550E+01 0.6664E+02 0.1541E+00 0.3175E+01                      1363700200143 
 0.7550E+01 0.6963E+02 0.1362E+00 0.3197E+01                      1363700200144 
 0.7550E+01 0.7562E+02 0.8045E-01 0.3292E+01                      1363700200145 
 0.7550E+01 0.7862E+02 0.5826E-01 0.3433E+01                      1363700200146 
 0.7550E+01 0.8261E+02 0.3718E-01 0.5379E+01                      1363700200147 
 0.7550E+01 0.8561E+02 0.2964E-01 0.6748E+01                      1363700200148 
 0.7550E+01 0.9110E+02 0.1912E-01 0.1046E+02                      1363700200149 
 0.7550E+01 0.9409E+02 0.1850E-01 0.1081E+02                      1363700200150 
 0.7550E+01 0.9809E+02 0.2150E-01 0.9302E+01                      1363700200151 
 0.7550E+01 0.1011E+03 0.2424E-01 0.8251E+01                      1363700200152 
 0.7550E+01 0.1066E+03 0.2486E-01 0.8045E+01                      1363700200153 
 0.7550E+01 0.1096E+03 0.2575E-01 0.7767E+01                      1363700200154 
 0.7550E+01 0.1136E+03 0.2787E-01 0.7176E+01                      1363700200155 
 0.7550E+01 0.1166E+03 0.2806E-01 0.7128E+01                      1363700200156 
 0.7550E+01 0.1225E+03 0.2907E-01 0.6880E+01                      1363700200157 
 0.7550E+01 0.1255E+03 0.2886E-01 0.6930E+01                      1363700200158 
 0.7550E+01 0.1290E+03 0.2954E-01 0.6770E+01                      1363700200159 
 0.7550E+01 0.1320E+03 0.2787E-01 0.7176E+01                      1363700200160 
 0.7550E+01 0.1385E+03 0.2155E-01 0.9281E+01                      1363700200161 
 0.7550E+01 0.1415E+03 0.1780E-01 0.1124E+02                      1363700200162 
 0.7550E+01 0.1445E+03 0.1526E-01 0.1311E+02                      1363700200163 
 0.7550E+01 0.1475E+03 0.1314E-01 0.1522E+02                      1363700200164 
 0.7550E+01 0.1485E+03 0.1216E-01 0.1645E+02                      1363700200165 
 0.7550E+01 0.1514E+03 0.1179E-01 0.1696E+02                      1363700200166 
 0.7550E+01 0.1544E+03 0.1504E-01 0.1330E+02                      1363700200167 
 0.7550E+01 0.1574E+03 0.1555E-01 0.1286E+02                      1363700200168 
 0.8080E+01 0.1786E+02 0.2773E+01 0.3018E+01                      1363700200169 
 0.8080E+01 0.1885E+02 0.2503E+01 0.5011E+01                      1363700200170 
 0.8080E+01 0.1885E+02 0.2445E+01 0.5011E+01                      1363700200171 
 0.8080E+01 0.2181E+02 0.1925E+01 0.3021E+01                      1363700200172 
 0.8080E+01 0.2577E+02 0.1134E+01 0.3031E+01                      1363700200173 
 0.8080E+01 0.2776E+02 0.8778E+00 0.3033E+01                      1363700200174 
 0.8080E+01 0.2865E+02 0.7293E+00 0.3043E+01                      1363700200175 
 0.8080E+01 0.2875E+02 0.7083E+00 0.5026E+01                      1363700200176 
 0.8080E+01 0.2875E+02 0.7317E+00 0.5026E+01                      1363700200177 
 0.8080E+01 0.3194E+02 0.4292E+00 0.3065E+01                      1363700200178 
 0.8080E+01 0.3592E+02 0.1562E+00 0.3115E+01                      1363700200179 
 0.8080E+01 0.3871E+02 0.7766E-01 0.3186E+01                      1363700200180 
 0.8080E+01 0.3881E+02 0.7792E-01 0.5114E+01                      1363700200181 
 0.8080E+01 0.4369E+02 0.4529E-01 0.4416E+01                      1363700200182 
 0.8080E+01 0.4389E+02 0.5118E-01 0.5186E+01                      1363700200183 
 0.8080E+01 0.4389E+02 0.4621E-01 0.5186E+01                      1363700200184 
 0.8080E+01 0.4718E+02 0.6186E-01 0.5139E+01                      1363700200185 
 0.8080E+01 0.4718E+02 0.7054E-01 0.3227E+01                      1363700200186 
 0.8080E+01 0.5117E+02 0.1159E+00 0.3152E+01                      1363700200187 
 0.8080E+01 0.5386E+02 0.1433E+00 0.5074E+01                      1363700200188 
 0.8080E+01 0.5416E+02 0.1436E+00 0.3120E+01                      1363700200189 
 0.8080E+01 0.5905E+02 0.1875E+00 0.5058E+01                      1363700200190 
 0.8080E+01 0.5915E+02 0.1825E+00 0.3097E+01                      1363700200191 
 0.8080E+01 0.6264E+02 0.1713E+00 0.3097E+01                      1363700200192 
 0.8080E+01 0.6664E+02 0.1412E+00 0.3105E+01                      1363700200193 
 0.8080E+01 0.6883E+02 0.1271E+00 0.5071E+01                      1363700200194 
 0.8080E+01 0.6963E+02 0.1201E+00 0.3120E+01                      1363700200195 
 0.8080E+01 0.7482E+02 0.7595E-01 0.5110E+01                      1363700200196 
 0.8080E+01 0.7482E+02 0.7503E-01 0.5110E+01                      1363700200197 
 0.8080E+01 0.7562E+02 0.7326E-01 0.3185E+01                      1363700200198 
 0.8080E+01 0.7862E+02 0.4303E-01 0.5150E+01                      1363700200199 
 0.8080E+01 0.7862E+02 0.5031E-01 0.3975E+01                      1363700200200 
 0.8080E+01 0.8261E+02 0.2939E-01 0.6805E+01                      1363700200201 
 0.8080E+01 0.8431E+02 0.2402E-01 0.8326E+01                      1363700200202 
 0.8080E+01 0.8561E+02 0.2129E-01 0.9394E+01                      1363700200203 
 0.8080E+01 0.9000E+02 0.1786E-01 0.1120E+02                      1363700200204 
 0.8080E+01 0.9000E+02 0.1848E-01 0.1082E+02                      1363700200205 
 0.8080E+01 0.9110E+02 0.1792E-01 0.1116E+02                      1363700200206 
 0.8080E+01 0.9409E+02 0.1866E-01 0.1072E+02                      1363700200207 
 0.8080E+01 0.9809E+02 0.2036E-01 0.9823E+01                      1363700200208 
 0.8080E+01 0.9949E+02 0.2190E-01 0.9132E+01                      1363700200209 
 0.8080E+01 0.1011E+03 0.2360E-01 0.8475E+01                      1363700200210 
 0.8080E+01 0.1049E+03 0.2586E-01 0.7734E+01                      1363700200211 
 0.8080E+01 0.1049E+03 0.2364E-01 0.8460E+01                      1363700200212 
 0.8080E+01 0.1066E+03 0.2397E-01 0.8344E+01                      1363700200213 
 0.8080E+01 0.1096E+03 0.2523E-01 0.7927E+01                      1363700200214 
 0.8080E+01 0.1096E+03 0.2502E-01 0.7994E+01                      1363700200215 
 0.8080E+01 0.1136E+03 0.2508E-01 0.7974E+01                      1363700200216 
 0.8080E+01 0.1166E+03 0.2589E-01 0.7725E+01                      1363700200217 
 0.8080E+01 0.1200E+03 0.2859E-01 0.6995E+01                      1363700200218 
 0.8080E+01 0.1200E+03 0.2620E-01 0.7634E+01                      1363700200219 
 0.8080E+01 0.1225E+03 0.2708E-01 0.7386E+01                      1363700200220 
 0.8080E+01 0.1255E+03 0.2444E-01 0.8183E+01                      1363700200221 
 0.8080E+01 0.1255E+03 0.2567E-01 0.7791E+01                      1363700200222 
 0.8080E+01 0.1290E+03 0.2282E-01 0.8764E+01                      1363700200223 
 0.8080E+01 0.1320E+03 0.2064E-01 0.9690E+01                      1363700200224 
 0.8080E+01 0.1325E+03 0.2023E-01 0.9886E+01                      1363700200225 
 0.8080E+01 0.1352E+03 0.1863E-01 0.1074E+02                      1363700200226 
 0.8080E+01 0.1352E+03 0.1956E-01 0.1022E+02                      1363700200227 
 0.8080E+01 0.1385E+03 0.1534E-01 0.1304E+02                      1363700200228 
 0.8080E+01 0.1415E+03 0.1450E-01 0.1379E+02                      1363700200229 
 0.8080E+01 0.1415E+03 0.1385E-01 0.1444E+02                      1363700200230 
 0.8080E+01 0.1445E+03 0.1241E-01 0.1612E+02                      1363700200231 
 0.8080E+01 0.1452E+03 0.1030E-01 0.1942E+02                      1363700200232 
 0.8080E+01 0.1452E+03 0.1249E-01 0.1601E+02                      1363700200233 
 0.8080E+01 0.1475E+03 0.1255E-01 0.1594E+02                      1363700200234 
 0.8080E+01 0.1477E+03 0.1185E-01 0.1688E+02                      1363700200235 
 0.8080E+01 0.1485E+03 0.1001E-01 0.1998E+02                      1363700200236 
 0.8080E+01 0.1514E+03 0.1188E-01 0.1684E+02                      1363700200237 
 0.8080E+01 0.1514E+03 0.1147E-01 0.1744E+02                      1363700200238 
 0.8080E+01 0.1544E+03 0.1344E-01 0.1488E+02                      1363700200239 
 0.8080E+01 0.1574E+03 0.1761E-01 0.1136E+02                      1363700200240 
 0.8080E+01 0.1576E+03 0.1743E-01 0.1147E+02                      1363700200241 
ENDDATA            235          0                                 1363700200242 
ENDSUBENT          241          0                                 1363700299999 
SUBENT        13637003   19961203                             00001363700300001 
BIB                  1          2                                 1363700300002 
REACTION   ((46-PD-0(N,EL)46-PD-0,,DA)+                           1363700300003 
           (46-PD-0(N,INL)46-PD-0,PAR,DA))                        1363700300004 
ENDBIB               2          0                                 1363700300005 
COMMON               1          3                                 1363700300006 
E-EXC-MAX                                                         1363700300007 
MEV                                                               1363700300008 
 0.600                                                            1363700300009 
ENDCOMMON            3          0                                 1363700300010 
DATA                 4        280                                 1363700300011 
EN         ANG        DATA       DATA-ERR                         1363700300012 
MEV        ADEG       B/SR       PER-CENT                         1363700300013 
 0.4500E+01 0.1727E+02 0.1478E+01 0.3030E+01                      1363700300014 
 0.4500E+01 0.2122E+02 0.1162E+01 0.3031E+01                      1363700300015 
 0.4500E+01 0.2518E+02 0.8619E+00 0.3034E+01                      1363700300016 
 0.4500E+01 0.2716E+02 0.6873E+00 0.3039E+01                      1363700300017 
 0.4500E+01 0.2915E+02 0.5657E+00 0.3047E+01                      1363700300018 
 0.4500E+01 0.3114E+02 0.4489E+00 0.3049E+01                      1363700300019 
 0.4500E+01 0.3512E+02 0.2760E+00 0.3079E+01                      1363700300020 
 0.4500E+01 0.3910E+02 0.1446E+00 0.3114E+01                      1363700300021 
 0.4500E+01 0.4259E+02 0.8783E-01 0.3160E+01                      1363700300022 
 0.4500E+01 0.4658E+02 0.5479E-01 0.3230E+01                      1363700300023 
 0.4500E+01 0.5057E+02 0.5682E-01 0.3219E+01                      1363700300024 
 0.4500E+01 0.5456E+02 0.7561E-01 0.3182E+01                      1363700300025 
 0.4500E+01 0.5805E+02 0.9812E-01 0.3151E+01                      1363700300026 
 0.4500E+01 0.6204E+02 0.1184E+00 0.3115E+01                      1363700300027 
 0.4500E+01 0.6604E+02 0.1360E+00 0.3104E+01                      1363700300028 
 0.4500E+01 0.7003E+02 0.1354E+00 0.3101E+01                      1363700300029 
 0.4500E+01 0.7352E+02 0.1328E+00 0.3104E+01                      1363700300030 
 0.4500E+01 0.7752E+02 0.1149E+00 0.3112E+01                      1363700300031 
 0.4500E+01 0.8151E+02 0.9766E-01 0.3130E+01                      1363700300032 
 0.4500E+01 0.8551E+02 0.7186E-01 0.3175E+01                      1363700300033 
 0.4500E+01 0.8900E+02 0.5301E-01 0.3225E+01                      1363700300034 
 0.4500E+01 0.9299E+02 0.3389E-01 0.4603E+01                      1363700300035 
 0.4500E+01 0.9699E+02 0.2132E-01 0.7318E+01                      1363700300036 
 0.4500E+01 0.1010E+03 0.1392E-01 0.1120E+02                      1363700300037 
 0.4500E+01 0.1050E+03 0.1519E-01 0.1027E+02                      1363700300038 
 0.4500E+01 0.1090E+03 0.1951E-01 0.7997E+01                      1363700300039 
 0.4500E+01 0.1130E+03 0.2671E-01 0.5839E+01                      1363700300040 
 0.4500E+01 0.1170E+03 0.3713E-01 0.4359E+01                      1363700300041 
 0.4500E+01 0.1199E+03 0.4377E-01 0.3827E+01                      1363700300042 
 0.4500E+01 0.1239E+03 0.5068E-01 0.3411E+01                      1363700300043 
 0.4500E+01 0.1279E+03 0.5591E-01 0.3276E+01                      1363700300044 
 0.4500E+01 0.1319E+03 0.5582E-01 0.3304E+01                      1363700300045 
 0.4500E+01 0.1354E+03 0.5617E-01 0.3329E+01                      1363700300046 
 0.4500E+01 0.1394E+03 0.5118E-01 0.3415E+01                      1363700300047 
 0.4500E+01 0.1434E+03 0.4297E-01 0.3891E+01                      1363700300048 
 0.4500E+01 0.1454E+03 0.3728E-01 0.4306E+01                      1363700300049 
 0.4500E+01 0.1474E+03 0.3455E-01 0.4616E+01                      1363700300050 
 0.4500E+01 0.1494E+03 0.2980E-01 0.5262E+01                      1363700300051 
 0.4500E+01 0.1533E+03 0.2715E-01 0.5745E+01                      1363700300052 
 0.4500E+01 0.1573E+03 0.2640E-01 0.6069E+01                      1363700300053 
 0.5000E+01 0.1766E+02 0.1532E+01 0.3029E+01                      1363700300054 
 0.5000E+01 0.2161E+02 0.1160E+01 0.3031E+01                      1363700300055 
 0.5000E+01 0.2557E+02 0.8168E+00 0.3040E+01                      1363700300056 
 0.5000E+01 0.2756E+02 0.6494E+00 0.3041E+01                      1363700300057 
 0.5000E+01 0.2786E+02 0.6233E+00 0.3041E+01                      1363700300058 
 0.5000E+01 0.3174E+02 0.3965E+00 0.3068E+01                      1363700300059 
 0.5000E+01 0.3572E+02 0.2103E+00 0.3099E+01                      1363700300060 
 0.5000E+01 0.3801E+02 0.1309E+00 0.3143E+01                      1363700300061 
 0.5000E+01 0.4349E+02 0.4646E-01 0.3444E+01                      1363700300062 
 0.5000E+01 0.4698E+02 0.3794E-01 0.4218E+01                      1363700300063 
 0.5000E+01 0.5097E+02 0.4888E-01 0.3273E+01                      1363700300064 
 0.5000E+01 0.5346E+02 0.6790E-01 0.3211E+01                      1363700300065 
 0.5000E+01 0.5895E+02 0.1089E+00 0.3131E+01                      1363700300066 
 0.5000E+01 0.6244E+02 0.1286E+00 0.3110E+01                      1363700300067 
 0.5000E+01 0.6644E+02 0.1416E+00 0.3100E+01                      1363700300068 
 0.5000E+01 0.6843E+02 0.1407E+00 0.3097E+01                      1363700300069 
 0.5000E+01 0.7542E+02 0.1278E+00 0.3104E+01                      1363700300070 
 0.5000E+01 0.7842E+02 0.1113E+00 0.3114E+01                      1363700300071 
 0.5000E+01 0.8241E+02 0.8528E-01 0.3135E+01                      1363700300072 
 0.5000E+01 0.8441E+02 0.7055E-01 0.3162E+01                      1363700300073 
 0.5000E+01 0.9090E+02 0.3747E-01 0.4270E+01                      1363700300074 
 0.5000E+01 0.9389E+02 0.2594E-01 0.6167E+01                      1363700300075 
 0.5000E+01 0.9789E+02 0.1517E-01 0.1055E+02                      1363700300076 
 0.5000E+01 0.9990E+02 0.1223E-01 0.1308E+02                      1363700300077 
 0.5000E+01 0.1064E+03 0.1349E-01 0.1186E+02                      1363700300078 
 0.5000E+01 0.1094E+03 0.2061E-01 0.7764E+01                      1363700300079 
 0.5000E+01 0.1134E+03 0.2903E-01 0.5511E+01                      1363700300080 
 0.5000E+01 0.1154E+03 0.3614E-01 0.4428E+01                      1363700300081 
 0.5000E+01 0.1223E+03 0.5040E-01 0.3282E+01                      1363700300082 
 0.5000E+01 0.1253E+03 0.5698E-01 0.3274E+01                      1363700300083 
 0.5000E+01 0.1288E+03 0.5638E-01 0.3284E+01                      1363700300084 
 0.5000E+01 0.1308E+03 0.5678E-01 0.3284E+01                      1363700300085 
 0.5000E+01 0.1383E+03 0.4650E-01 0.3441E+01                      1363700300086 
 0.5000E+01 0.1413E+03 0.3961E-01 0.4040E+01                      1363700300087 
 0.5000E+01 0.1443E+03 0.3437E-01 0.4655E+01                      1363700300088 
 0.5000E+01 0.1461E+03 0.3017E-01 0.5304E+01                      1363700300089 
 0.5000E+01 0.1483E+03 0.2720E-01 0.5882E+01                      1363700300090 
 0.5000E+01 0.1512E+03 0.2259E-01 0.7082E+01                      1363700300091 
 0.5000E+01 0.1542E+03 0.1850E-01 0.8651E+01                      1363700300092 
 0.5000E+01 0.1560E+03 0.1674E-01 0.9560E+01                      1363700300093 
 0.5900E+01 0.1766E+02 0.1784E+01 0.3025E+01                      1363700300094 
 0.5900E+01 0.2161E+02 0.1366E+01 0.3027E+01                      1363700300095 
 0.5900E+01 0.2557E+02 0.8790E+00 0.3038E+01                      1363700300096 
 0.5900E+01 0.2756E+02 0.6621E+00 0.3039E+01                      1363700300097 
 0.5900E+01 0.2786E+02 0.6567E+00 0.3039E+01                      1363700300098 
 0.5900E+01 0.3174E+02 0.3890E+00 0.3070E+01                      1363700300099 
 0.5900E+01 0.3572E+02 0.1729E+00 0.3111E+01                      1363700300100 
 0.5900E+01 0.3801E+02 0.9843E-01 0.3167E+01                      1363700300101 
 0.5900E+01 0.4349E+02 0.3578E-01 0.4975E+01                      1363700300102 
 0.5900E+01 0.4698E+02 0.4237E-01 0.4201E+01                      1363700300103 
 0.5900E+01 0.5097E+02 0.7323E-01 0.3201E+01                      1363700300104 
 0.5900E+01 0.5346E+02 0.9701E-01 0.3155E+01                      1363700300105 
 0.5900E+01 0.5895E+02 0.1371E+00 0.3105E+01                      1363700300106 
 0.5900E+01 0.6244E+02 0.1518E+00 0.3095E+01                      1363700300107 
 0.5900E+01 0.6644E+02 0.1519E+00 0.3093E+01                      1363700300108 
 0.5900E+01 0.6843E+02 0.1478E+00 0.3095E+01                      1363700300109 
 0.5900E+01 0.7542E+02 0.1121E+00 0.3113E+01                      1363700300110 
 0.5900E+01 0.7842E+02 0.9452E-01 0.3131E+01                      1363700300111 
 0.5900E+01 0.8241E+02 0.6937E-01 0.3160E+01                      1363700300112 
 0.5900E+01 0.8441E+02 0.5797E-01 0.3198E+01                      1363700300113 
 0.5900E+01 0.9090E+02 0.2756E-01 0.6458E+01                      1363700300114 
 0.5900E+01 0.9389E+02 0.2154E-01 0.8264E+01                      1363700300115 
 0.5900E+01 0.9789E+02 0.1663E-01 0.1071E+02                      1363700300116 
 0.5900E+01 0.9990E+02 0.1510E-01 0.1179E+02                      1363700300117 
 0.5900E+01 0.1064E+03 0.1966E-01 0.9054E+01                      1363700300118 
 0.5900E+01 0.1094E+03 0.2599E-01 0.6849E+01                      1363700300119 
 0.5900E+01 0.1134E+03 0.3401E-01 0.5234E+01                      1363700300120 
 0.5900E+01 0.1154E+03 0.3749E-01 0.4748E+01                      1363700300121 
 0.5900E+01 0.1223E+03 0.4823E-01 0.3691E+01                      1363700300122 
 0.5900E+01 0.1253E+03 0.5036E-01 0.3535E+01                      1363700300123 
 0.5900E+01 0.1288E+03 0.4879E-01 0.3648E+01                      1363700300124 
 0.5900E+01 0.1308E+03 0.4964E-01 0.3586E+01                      1363700300125 
 0.5900E+01 0.1383E+03 0.3465E-01 0.5137E+01                      1363700300126 
 0.5900E+01 0.1413E+03 0.3018E-01 0.5898E+01                      1363700300127 
 0.5900E+01 0.1443E+03 0.2424E-01 0.7342E+01                      1363700300128 
 0.5900E+01 0.1461E+03 0.2389E-01 0.7452E+01                      1363700300129 
 0.5900E+01 0.1483E+03 0.2009E-01 0.8861E+01                      1363700300130 
 0.5900E+01 0.1512E+03 0.1700E-01 0.1047E+02                      1363700300131 
 0.5900E+01 0.1542E+03 0.1467E-01 0.1214E+02                      1363700300132 
 0.5900E+01 0.1560E+03 0.1420E-01 0.1253E+02                      1363700300133 
 0.8410E+01 0.1747E+02 0.2916E+01 0.3020E+01                      1363700300134 
 0.8410E+01 0.2142E+02 0.2031E+01 0.3023E+01                      1363700300135 
 0.8410E+01 0.2538E+02 0.1207E+01 0.3029E+01                      1363700300136 
 0.8410E+01 0.2736E+02 0.8530E+00 0.3038E+01                      1363700300137 
 0.8410E+01 0.2935E+02 0.6176E+00 0.3053E+01                      1363700300138 
 0.8410E+01 0.3134E+02 0.4189E+00 0.3059E+01                      1363700300139 
 0.8410E+01 0.3532E+02 0.1595E+00 0.3134E+01                      1363700300140 
 0.8410E+01 0.3930E+02 0.6445E-01 0.3235E+01                      1363700300141 
 0.8410E+01 0.4279E+02 0.6084E-01 0.3287E+01                      1363700300142 
 0.8410E+01 0.4678E+02 0.9582E-01 0.3195E+01                      1363700300143 
 0.8410E+01 0.5077E+02 0.1452E+00 0.3136E+01                      1363700300144 
 0.8410E+01 0.5476E+02 0.1865E+00 0.3111E+01                      1363700300145 
 0.8410E+01 0.5825E+02 0.1936E+00 0.3102E+01                      1363700300146 
 0.8410E+01 0.6224E+02 0.1831E+00 0.3102E+01                      1363700300147 
 0.8410E+01 0.6624E+02 0.1469E+00 0.3116E+01                      1363700300148 
 0.8410E+01 0.7023E+02 0.1079E+00 0.3142E+01                      1363700300149 
 0.8410E+01 0.7372E+02 0.7382E-01 0.3215E+01                      1363700300150 
 0.8410E+01 0.7772E+02 0.4782E-01 0.4182E+01                      1363700300151 
 0.8410E+01 0.8171E+02 0.2836E-01 0.7052E+01                      1363700300152 
 0.8410E+01 0.8571E+02 0.1934E-01 0.1034E+02                      1363700300153 
 0.8410E+01 0.8920E+02 0.1701E-01 0.1176E+02                      1363700300154 
 0.8410E+01 0.9319E+02 0.1991E-01 0.1005E+02                      1363700300155 
 0.8410E+01 0.9719E+02 0.2387E-01 0.8379E+01                      1363700300156 
 0.8410E+01 0.1012E+03 0.2877E-01 0.6952E+01                      1363700300157 
 0.8410E+01 0.1052E+03 0.2904E-01 0.6887E+01                      1363700300158 
 0.8410E+01 0.1092E+03 0.3018E-01 0.6627E+01                      1363700300159 
 0.8410E+01 0.1132E+03 0.2779E-01 0.7197E+01                      1363700300160 
 0.8410E+01 0.1172E+03 0.2683E-01 0.7454E+01                      1363700300161 
 0.8410E+01 0.1201E+03 0.2520E-01 0.7937E+01                      1363700300162 
 0.8410E+01 0.1241E+03 0.2426E-01 0.8244E+01                      1363700300163 
 0.8410E+01 0.1281E+03 0.2311E-01 0.8654E+01                      1363700300164 
 0.8410E+01 0.1321E+03 0.2147E-01 0.9315E+01                      1363700300165 
 0.8410E+01 0.1356E+03 0.1772E-01 0.1129E+02                      1363700300166 
 0.8410E+01 0.1396E+03 0.1583E-01 0.1263E+02                      1363700300167 
 0.8410E+01 0.1436E+03 0.1364E-01 0.1466E+02                      1363700300168 
 0.8410E+01 0.1456E+03 0.1323E-01 0.1512E+02                      1363700300169 
 0.8410E+01 0.1476E+03 0.1346E-01 0.1486E+02                      1363700300170 
 0.8410E+01 0.1496E+03 0.1377E-01 0.1452E+02                      1363700300171 
 0.8410E+01 0.1535E+03 0.1617E-01 0.1237E+02                      1363700300172 
 0.8410E+01 0.1575E+03 0.2185E-01 0.9153E+01                      1363700300173 
 0.9060E+01 0.1747E+02 0.3050E+01 0.3019E+01                      1363700300174 
 0.9060E+01 0.2142E+02 0.2075E+01 0.3022E+01                      1363700300175 
 0.9060E+01 0.2538E+02 0.1228E+01 0.3029E+01                      1363700300176 
 0.9060E+01 0.2736E+02 0.8566E+00 0.3038E+01                      1363700300177 
 0.9060E+01 0.2935E+02 0.5958E+00 0.3053E+01                      1363700300178 
 0.9060E+01 0.3134E+02 0.4155E+00 0.3059E+01                      1363700300179 
 0.9060E+01 0.3532E+02 0.1603E+00 0.3135E+01                      1363700300180 
 0.9060E+01 0.3930E+02 0.6440E-01 0.3228E+01                      1363700300181 
 0.9060E+01 0.4279E+02 0.6275E-01 0.3249E+01                      1363700300182 
 0.9060E+01 0.4678E+02 0.9632E-01 0.3193E+01                      1363700300183 
 0.9060E+01 0.5077E+02 0.1433E+00 0.3141E+01                      1363700300184 
 0.9060E+01 0.5476E+02 0.1715E+00 0.3117E+01                      1363700300185 
 0.9060E+01 0.5825E+02 0.1775E+00 0.3109E+01                      1363700300186 
 0.9060E+01 0.6224E+02 0.1574E+00 0.3117E+01                      1363700300187 
 0.9060E+01 0.6624E+02 0.1272E+00 0.3135E+01                      1363700300188 
 0.9060E+01 0.7023E+02 0.8585E-01 0.3169E+01                      1363700300189 
 0.9060E+01 0.7372E+02 0.6188E-01 0.3255E+01                      1363700300190 
 0.9060E+01 0.7772E+02 0.3697E-01 0.5410E+01                      1363700300191 
 0.9060E+01 0.8171E+02 0.2227E-01 0.8981E+01                      1363700300192 
 0.9060E+01 0.8571E+02 0.1537E-01 0.1301E+02                      1363700300193 
 0.9060E+01 0.8920E+02 0.1572E-01 0.1272E+02                      1363700300194 
 0.9060E+01 0.9319E+02 0.1866E-01 0.1072E+02                      1363700300195 
 0.9060E+01 0.9719E+02 0.2283E-01 0.8760E+01                      1363700300196 
 0.9060E+01 0.1012E+03 0.2502E-01 0.7994E+01                      1363700300197 
 0.9060E+01 0.1052E+03 0.2815E-01 0.7105E+01                      1363700300198 
 0.9060E+01 0.1092E+03 0.2674E-01 0.7479E+01                      1363700300199 
 0.9060E+01 0.1132E+03 0.2501E-01 0.7997E+01                      1363700300200 
 0.9060E+01 0.1172E+03 0.2256E-01 0.8865E+01                      1363700300201 
 0.9060E+01 0.1201E+03 0.2196E-01 0.9107E+01                      1363700300202 
 0.9060E+01 0.1241E+03 0.1977E-01 0.1012E+02                      1363700300203 
 0.9060E+01 0.1281E+03 0.1752E-01 0.1142E+02                      1363700300204 
 0.9060E+01 0.1321E+03 0.1518E-01 0.1318E+02                      1363700300205 
 0.9060E+01 0.1356E+03 0.1531E-01 0.1306E+02                      1363700300206 
 0.9060E+01 0.1396E+03 0.1365E-01 0.1465E+02                      1363700300207 
 0.9060E+01 0.1436E+03 0.1169E-01 0.1711E+02                      1363700300208 
 0.9060E+01 0.1456E+03 0.1257E-01 0.1591E+02                      1363700300209 
 0.9060E+01 0.1476E+03 0.1197E-01 0.1671E+02                      1363700300210 
 0.9060E+01 0.1496E+03 0.1483E-01 0.1349E+02                      1363700300211 
 0.9060E+01 0.1535E+03 0.1650E-01 0.1212E+02                      1363700300212 
 0.9060E+01 0.1575E+03 0.2022E-01 0.9891E+01                      1363700300213 
 0.9500E+01 0.1747E+02 0.2951E+01 0.3020E+01                      1363700300214 
 0.9500E+01 0.2142E+02 0.1956E+01 0.3023E+01                      1363700300215 
 0.9500E+01 0.2538E+02 0.1125E+01 0.3030E+01                      1363700300216 
 0.9500E+01 0.2736E+02 0.8181E+00 0.3040E+01                      1363700300217 
 0.9500E+01 0.2935E+02 0.5405E+00 0.3058E+01                      1363700300218 
 0.9500E+01 0.3134E+02 0.3688E+00 0.3065E+01                      1363700300219 
 0.9500E+01 0.3532E+02 0.1391E+00 0.3150E+01                      1363700300220 
 0.9500E+01 0.3930E+02 0.6407E-01 0.3244E+01                      1363700300221 
 0.9500E+01 0.4279E+02 0.6495E-01 0.3250E+01                      1363700300222 
 0.9500E+01 0.4678E+02 0.9892E-01 0.3195E+01                      1363700300223 
 0.9500E+01 0.5077E+02 0.1383E+00 0.3147E+01                      1363700300224 
 0.9500E+01 0.5476E+02 0.1586E+00 0.3130E+01                      1363700300225 
 0.9500E+01 0.5825E+02 0.1555E+00 0.3124E+01                      1363700300226 
 0.9500E+01 0.6224E+02 0.1336E+00 0.3139E+01                      1363700300227 
 0.9500E+01 0.6624E+02 0.1022E+00 0.3164E+01                      1363700300228 
 0.9500E+01 0.7023E+02 0.7182E-01 0.3204E+01                      1363700300229 
 0.9500E+01 0.7372E+02 0.4989E-01 0.4009E+01                      1363700300230 
 0.9500E+01 0.7772E+02 0.2943E-01 0.6796E+01                      1363700300231 
 0.9500E+01 0.8171E+02 0.1809E-01 0.1106E+02                      1363700300232 
 0.9500E+01 0.8571E+02 0.1364E-01 0.1466E+02                      1363700300233 
 0.9500E+01 0.8920E+02 0.1413E-01 0.1415E+02                      1363700300234 
 0.9500E+01 0.9319E+02 0.1686E-01 0.1186E+02                      1363700300235 
 0.9500E+01 0.9719E+02 0.2109E-01 0.9483E+01                      1363700300236 
 0.9500E+01 0.1012E+03 0.2442E-01 0.8190E+01                      1363700300237 
 0.9500E+01 0.1052E+03 0.2498E-01 0.8006E+01                      1363700300238 
 0.9500E+01 0.1092E+03 0.2383E-01 0.8393E+01                      1363700300239 
 0.9500E+01 0.1132E+03 0.2087E-01 0.9583E+01                      1363700300240 
 0.9500E+01 0.1172E+03 0.2016E-01 0.9921E+01                      1363700300241 
 0.9500E+01 0.1201E+03 0.1820E-01 0.1099E+02                      1363700300242 
 0.9500E+01 0.1241E+03 0.1639E-01 0.1220E+02                      1363700300243 
 0.9500E+01 0.1281E+03 0.1553E-01 0.1288E+02                      1363700300244 
 0.9500E+01 0.1321E+03 0.1365E-01 0.1465E+02                      1363700300245 
 0.9500E+01 0.1356E+03 0.1194E-01 0.1675E+02                      1363700300246 
 0.9500E+01 0.1396E+03 0.1085E-01 0.1843E+02                      1363700300247 
 0.9500E+01 0.1436E+03 0.1036E-01 0.1931E+02                      1363700300248 
 0.9500E+01 0.1456E+03 0.9656E-02 0.2071E+02                      1363700300249 
 0.9500E+01 0.1476E+03 0.1103E-01 0.1813E+02                      1363700300250 
 0.9500E+01 0.1496E+03 0.1154E-01 0.1733E+02                      1363700300251 
 0.9500E+01 0.1535E+03 0.1585E-01 0.1262E+02                      1363700300252 
 0.9500E+01 0.1575E+03 0.2018E-01 0.9911E+01                      1363700300253 
 0.9990E+01 0.1747E+02 0.3032E+01 0.3018E+01                      1363700300254 
 0.9990E+01 0.2142E+02 0.2015E+01 0.3021E+01                      1363700300255 
 0.9990E+01 0.2538E+02 0.1187E+01 0.3027E+01                      1363700300256 
 0.9990E+01 0.2736E+02 0.8309E+00 0.3036E+01                      1363700300257 
 0.9990E+01 0.2935E+02 0.5740E+00 0.3051E+01                      1363700300258 
 0.9990E+01 0.3134E+02 0.3968E+00 0.3056E+01                      1363700300259 
 0.9990E+01 0.3532E+02 0.1469E+00 0.3126E+01                      1363700300260 
 0.9990E+01 0.3930E+02 0.6151E-01 0.3252E+01                      1363700300261 
 0.9990E+01 0.4279E+02 0.5537E-01 0.3612E+01                      1363700300262 
 0.9990E+01 0.4678E+02 0.8216E-01 0.3235E+01                      1363700300263 
 0.9990E+01 0.5077E+02 0.1201E+00 0.3172E+01                      1363700300264 
 0.9990E+01 0.5476E+02 0.1433E+00 0.3144E+01                      1363700300265 
 0.9990E+01 0.5825E+02 0.1389E+00 0.3136E+01                      1363700300266 
 0.9990E+01 0.6224E+02 0.1150E+00 0.3151E+01                      1363700300267 
 0.9990E+01 0.6624E+02 0.8866E-01 0.3177E+01                      1363700300268 
 0.9990E+01 0.7023E+02 0.6369E-01 0.3224E+01                      1363700300269 
 0.9990E+01 0.7372E+02 0.4278E-01 0.4675E+01                      1363700300270 
 0.9990E+01 0.7772E+02 0.2507E-01 0.7978E+01                      1363700300271 
 0.9990E+01 0.8171E+02 0.1501E-01 0.1332E+02                      1363700300272 
 0.9990E+01 0.8571E+02 0.1083E-01 0.1847E+02                      1363700300273 
 0.9990E+01 0.8920E+02 0.1209E-01 0.1654E+02                      1363700300274 
 0.9990E+01 0.9319E+02 0.1423E-01 0.1405E+02                      1363700300275 
 0.9990E+01 0.9719E+02 0.1834E-01 0.1091E+02                      1363700300276 
 0.9990E+01 0.1012E+03 0.2218E-01 0.9017E+01                      1363700300277 
 0.9990E+01 0.1052E+03 0.2317E-01 0.8632E+01                      1363700300278 
 0.9990E+01 0.1092E+03 0.2071E-01 0.9657E+01                      1363700300279 
 0.9990E+01 0.1132E+03 0.1864E-01 0.1073E+02                      1363700300280 
 0.9990E+01 0.1172E+03 0.1740E-01 0.1149E+02                      1363700300281 
 0.9990E+01 0.1201E+03 0.1728E-01 0.1157E+02                      1363700300282 
 0.9990E+01 0.1241E+03 0.1300E-01 0.1538E+02                      1363700300283 
 0.9990E+01 0.1281E+03 0.1256E-01 0.1592E+02                      1363700300284 
 0.9990E+01 0.1321E+03 0.9243E-02 0.2164E+02                      1363700300285 
 0.9990E+01 0.1356E+03 0.1066E-01 0.1876E+02                      1363700300286 
 0.9990E+01 0.1396E+03 0.9194E-02 0.2175E+02                      1363700300287 
 0.9990E+01 0.1436E+03 0.8782E-02 0.2277E+02                      1363700300288 
 0.9990E+01 0.1456E+03 0.9376E-02 0.2133E+02                      1363700300289 
 0.9990E+01 0.1476E+03 0.9320E-02 0.2146E+02                      1363700300290 
 0.9990E+01 0.1496E+03 0.1022E-01 0.1957E+02                      1363700300291 
 0.9990E+01 0.1535E+03 0.1184E-01 0.1689E+02                      1363700300292 
 0.9990E+01 0.1575E+03 0.1673E-01 0.1195E+02                      1363700300293 
ENDDATA            282          0                                 1363700300294 
ENDSUBENT          293          0                                 1363700399999 
SUBENT        13637004   19961203                             00001363700400001 
BIB                  1          1                                 1363700400002 
REACTION   (46-PD-0(N,INL)46-PD-0,PAR,SIG)                        1363700400003 
ENDBIB               1          0                                 1363700400004 
COMMON               1          3                                 1363700400005 
E-EXC-MAX                                                         1363700400006 
MEV                                                               1363700400007 
 0.600                                                            1363700400008 
ENDCOMMON            3          0                                 1363700400009 
DATA                 3          4                                 1363700400010 
EN         DATA       DATA-ERR                                    1363700400011 
MEV        B          B                                           1363700400012 
 0.5500E+01 0.1480E+00 0.0210E+00                                 1363700400013 
 0.6500E+01 0.1190E+00 0.0160E+00                                 1363700400014 
 0.7100E+01 0.1320E+00 0.0170E+00                                 1363700400015 
 0.8000E+01 0.1270E+00 0.0170E+00                                 1363700400016 
ENDDATA              6          0                                 1363700400017 
ENDSUBENT           16          0                                 1363700499999 
ENDENTRY             4          0                                 1363799999999 
