ENTRY            13710   19980825                             00001371000000001 
SUBENT        13710001   19980825                             00001371000100001 
BIB                 10         14                                 1371000100002 
INSTITUTE  (1USALAS)                                              1371000100003 
REFERENCE  (J,PR,116,102,195910)                                  1371000100004 
AUTHOR     (L.BLUMBERG,R.B.LEACHMAN)                              1371000100005 
TITLE      Angular Distributions from Neutron-Induced Fission of  1371000100006 
            233U and 239Pu                                        1371000100007 
FACILITY   (CCW) for 14-MeV neutrons                              1371000100008 
           (VDG) for other energies                               1371000100009 
INC-SOURCE (P-T) for energies up to 5 MeV                         1371000100010 
           (D-D) for energies 6 to 11.1 MeV                       1371000100011 
           (D-T) for energies above 13 MeV                        1371000100012 
METHOD     Beta activity measured in catcher foils.               1371000100013 
ERR-ANALYS (DATA-ERR) Uncertainties from counting statistics.     1371000100014 
STATUS     Data taken from article                                1371000100015 
HISTORY    (19980818C)                                            1371000100016 
ENDBIB              14          0                                 1371000100017 
NOCOMMON             0          0                                 1371000100018 
ENDSUBENT           17          0                                 1371000199999 
SUBENT        13710002   19980825                             00001371000200001 
BIB                  3          4                                 1371000200002 
REACTION   (92-U-233(N,F),,DA,FF,RSD)                             1371000200003 
MONITOR    (92-U-233(N,F),,DA,FF,RSD/MXW)                         1371000200004 
SAMPLE     Metal foils of 0.3 g/cm2 uranium, isotopic composition 1371000200005 
            233U (97%), 238U (3%)                                 1371000200006 
ENDBIB               4          0                                 1371000200007 
NOCOMMON             0          0                                 1371000200008 
DATA                 5         38                                 1371000200009 
EN         EN-RSL     ANG        DATA       DATA-ERR              1371000200010 
MEV        MEV        ADEG       NO-DIM     NO-DIM                1371000200011 
 0.68       0.23        0.        1.063      0.023                1371000200012 
 0.68       0.23       22.5       1.103      0.021                1371000200013 
 0.68       0.23       45.        1.060      0.020                1371000200014 
 0.68       0.23       67.5       1.024      0.020                1371000200015 
 1.50       0.19        0.        1.140      0.012                1371000200016 
 1.50       0.19       22.5       1.131      0.011                1371000200017 
 1.50       0.19       45.        1.119      0.011                1371000200018 
 1.50       0.19       67.5       1.043      0.010                1371000200019 
 2.6        0.1         0.        1.106      0.012                1371000200020 
 2.6        0.1        22.5       1.088      0.010                1371000200021 
 2.6        0.1        45.        1.077      0.010                1371000200022 
 2.6        0.1        67.5       1.031      0.012                1371000200023 
 4.0        0.1         0.        1.158      0.013                1371000200024 
 4.0        0.1        22.5       1.144      0.012                1371000200025 
 4.0        0.1        45.        1.111      0.011                1371000200026 
 4.0        0.1        67.5       1.037      0.011                1371000200027 
 5.02       0.18        0.        1.142      0.013                1371000200028 
 5.02       0.18       22.5       1.074      0.011                1371000200029 
 5.02       0.18       45.        1.069      0.011                1371000200030 
 5.02       0.18       67.5       1.035      0.011                1371000200031 
 6.0        0.3         0.        1.224      0.012                1371000200032 
 6.0        0.3        22.5       1.173      0.015                1371000200033 
 6.0        0.3        45.        1.130      0.010                1371000200034 
 6.0        0.3        67.5       1.059      0.014                1371000200035 
 7.0        0.3         0.        1.328      0.013                1371000200036 
 7.0        0.3        45.        1.189      0.011                1371000200037 
 8.0        0.2        0.         1.281      0.009                1371000200038 
 8.0        0.2        45.        1.142      0.008                1371000200039 
 9.1        0.3         0.        1.247      0.013                1371000200040 
 9.1        0.3        45.        1.127      0.011                1371000200041 
10.0        0.2         0.        1.217      0.008                1371000200042 
10.0        0.2        45.        1.136      0.008                1371000200043 
11.1        0.2         0.        1.209      0.010                1371000200044 
11.1        0.2        45.        1.124      0.009                1371000200045 
13.4        0.2         0.        1.279      0.018                1371000200046 
14.1        0.1         0.        1.278      0.005                1371000200047 
14.1        0.1        45.        1.120      0.006                1371000200048 
14.95       0.40        0.        1.258      0.005                1371000200049 
ENDDATA             40          0                                 1371000200050 
ENDSUBENT           49          0                                 1371000299999 
SUBENT        13710003   19980825                             00001371000300001 
BIB                  3          4                                 1371000300002 
REACTION   (94-PU-239(N,F),,DA,FF,RSD)                            1371000300003 
MONITOR    (94-PU-239(N,F),,DA,FF,RSD/MXW)                        1371000300004 
SAMPLE     Metal foils of 0.1 g/cm2 plutonium, isotopic compositio1371000300005 
            239Pu (98.5%), 240Pu (1.5%)                           1371000300006 
ENDBIB               4          0                                 1371000300007 
NOCOMMON             0          0                                 1371000300008 
DATA                 5         41                                 1371000300009 
EN         EN-RSL     ANG        DATA       DATA-ERR              1371000300010 
MEV        MEV        ADEG       NO-DIM     NO-DIM                1371000300011 
 0.68       0.23        0.        1.103      0.019                1371000300012 
 0.68       0.23       22.5       1.034      0.016                1371000300013 
 0.68       0.23       45.        1.047      0.015                1371000300014 
 0.68       0.23       67.5       1.030      0.016                1371000300015 
 1.50       0.19        0.        1.121      0.011                1371000300016 
 1.50       0.19       22.5       1.061      0.011                1371000300017 
 1.50       0.19       45.        1.031      0.007                1371000300018 
 1.50       0.19       67.5       1.011      0.012                1371000300019 
 2.6        0.1         0.        1.094      0.013                1371000300020 
 2.6        0.1        22.5       1.074      0.012                1371000300021 
 2.6        0.1        45.        1.048      0.011                1371000300022 
 2.6        0.1        67.5       1.027      0.011                1371000300023 
 4.0        0.1         0.        1.118      0.012                1371000300024 
 4.0        0.1        22.5       1.092      0.010                1371000300025 
 4.0        0.1        45.        1.047      0.010                1371000300026 
 4.0        0.1        67.5       1.011      0.010                1371000300027 
 5.02       0.18        0.        1.120      0.014                1371000300028 
 5.02       0.18       22.5       1.094      0.012                1371000300029 
 5.02       0.18       45.        1.042      0.012                1371000300030 
 5.02       0.18       67.5       0.985      0.011                1371000300031 
 6.0        0.3         0.        1.144      0.013                1371000300032 
 6.0        0.3        22.5       1.118      0.013                1371000300033 
 6.0        0.3        45.        1.080      0.011                1371000300034 
 6.0        0.3        67.5       1.044      0.012                1371000300035 
 7.0        0.3         0.        1.221      0.018                1371000300036 
 7.0        0.3        45.        1.117      0.015                1371000300037 
 8.0        0.2         0.        1.221      0.013                1371000300038 
 8.0        0.2        45.        1.095      0.011                1371000300039 
 9.1        0.3         0.        1.185      0.022                1371000300040 
 9.1        0.3        45.        1.079      0.017                1371000300041 
10.0        0.2         0.        1.154      0.011                1371000300042 
10.0        0.2        45.        1.083      0.010                1371000300043 
11.1        0.2         0.        1.093      0.012                1371000300044 
11.1        0.2        45.        1.039      0.010                1371000300045 
13.4        0.2         0.        1.130      0.015                1371000300046 
13.4        0.2        45.        1.049      0.012                1371000300047 
14.1        0.1         0.        1.173      0.005                1371000300048 
14.1        0.1        22.5       1.093      0.016                1371000300049 
14.1        0.1        45.        1.043      0.015                1371000300050 
14.1        0.1        67.5       1.009      0.015                1371000300051 
14.95       0.40        0.        1.186      0.009                1371000300052 
ENDDATA             43          0                                 1371000300053 
ENDSUBENT           52          0                                 1371000399999 
ENDENTRY             3          0                                 1371099999999 
