ENTRY            13712   20061127                             13411371200000001 
SUBENT        13712001   20061127                             13411371200100001 
BIB                 12         19                                 1371200100002 
INSTITUTE  (1USALAS)                                              1371200100003 
REFERENCE  (J,PR,137,B809,1965)                                   1371200100004 
AUTHOR     (J.E.Simmons,R.B.Perkins,R.L.Henkel)                   1371200100005 
TITLE      Anisotropy of Fragments in the Neutron-Induced Fission 1371200100006 
            of Pu240, Pu242, and Pu241.                           1371200100007 
FACILITY   (VDG)                                                  1371200100008 
INC-SOURCE (P-T)                                                  1371200100009 
           (D-D)                                                  1371200100010 
DETECTOR   (COIN,PROPC,IOCH)                                      1371200100011 
ANALYSIS   Data at 0 degrees obtained from Legendre polynomial fit1371200100012 
            to angular distribution.                              1371200100013 
CORRECTION Corrected for background.                              1371200100014 
ERR-ANALYS (DATA-ERR) Standard deviation, mainly due to           1371200100015 
            statistical uncertainty.                              1371200100016 
STATUS     Data taken from article                                1371200100017 
HISTORY    (19980818C)                                            1371200100018 
           (20060411C) DR Format updated and detector corrected   1371200100019 
                         (COINC --> COIN)                         1371200100020 
           (20061127A) DR Reference corrected to follow APS format1371200100021 
ENDBIB              19          0                                 1371200100022 
NOCOMMON             0          0                                 1371200100023 
ENDSUBENT           22          0                                 1371200199999 
SUBENT        13712002   19980827                             00001371200200001 
BIB                  2          2                                 1371200200002 
REACTION   (94-PU-240(N,F),,DA,FF,RSD)                            1371200200003 
SAMPLE     1.9 mg PuO2 containing >99.8% 240Pu.                   1371200200004 
ENDBIB               2          0                                 1371200200005 
NOCOMMON             0          0                                 1371200200006 
DATA                 5         95                                 1371200200007 
EN         EN-RSL     ANG        DATA       DATA-ERR              1371200200008 
MEV        MEV        ADEG       NO-DIM     NO-DIM                1371200200009 
 0.65       0.17      67.5        1.128      0.055                1371200200010 
 0.65       0.17      45.         1.140      0.056                1371200200011 
 0.65       0.17      22.5        1.166      0.061                1371200200012 
 0.65       0.17      10.         1.173      0.058                1371200200013 
 0.65       0.17       0.         1.127      0.058                1371200200014 
 1.04       0.11      67.5        1.039      0.029                1371200200015 
 1.04       0.11      45.         1.102      0.031                1371200200016 
 1.04       0.11      22.5        1.179      0.033                1371200200017 
 1.04       0.11      10.         1.211      0.034                1371200200018 
 1.04       0.11       0.         1.212      0.034                1371200200019 
 1.47       0.12      67.5        1.004      0.023                1371200200020 
 1.47       0.12      45.         1.022      0.023                1371200200021 
 1.47       0.12      22.5        1.129      0.026                1371200200022 
 1.47       0.12      10.         1.200      0.027                1371200200023 
 1.47       0.12       0.         1.201      0.027                1371200200024 
 1.74       0.08      67.5        1.008      0.023                1371200200025 
 1.74       0.08      45.         1.101      0.012                1371200200026 
 1.74       0.08      22.5        1.174      0.026                1371200200027 
 1.74       0.08      10.         1.190      0.027                1371200200028 
 1.74       0.08       0.         1.212      0.027                1371200200029 
 2.0        0.10      67.5        1.035      0.014                1371200200030 
 2.0        0.10      45.         1.078      0.015                1371200200031 
 2.0        0.10      22.5        1.130      0.016                1371200200032 
 2.0        0.10      10.         1.190      0.017                1371200200033 
 2.0        0.10       0.         1.175      0.017                1371200200034 
 2.25       0.09      67.5        0.973      0.016                1371200200035 
 2.25       0.09      45.         1.028      0.017                1371200200036 
 2.25       0.09      22.5        1.108      0.018                1371200200037 
 2.25       0.09      10.         1.131      0.019                1371200200038 
 2.25       0.09       0.         1.158      0.019                1371200200039 
 2.5        0.07      67.5        1.026      0.020                1371200200040 
 2.5        0.07      45.         1.061      0.020                1371200200041 
 2.5        0.07      22.5        1.137      0.022                1371200200042 
 2.5        0.07      10.         1.157      0.022                1371200200043 
 2.5        0.07       0.         1.160      0.022                1371200200044 
 3.0        0.08      67.5        1.024      0.020                1371200200045 
 3.0        0.08      45.         1.072      0.020                1371200200046 
 3.0        0.08      22.5        1.120      0.022                1371200200047 
 3.0        0.08      10.         1.142      0.022                1371200200048 
 3.0        0.08       0.         1.142      0.022                1371200200049 
 3.5        0.07      67.5        1.016      0.023                1371200200050 
 3.5        0.07      45.         1.047      0.023                1371200200051 
 3.5        0.07      22.5        1.102      0.025                1371200200052 
 3.5        0.07      10.         1.121      0.025                1371200200053 
 3.5        0.07       0.         1.122      0.025                1371200200054 
 4.0        0.07      67.5        1.023      0.019                1371200200055 
 4.0        0.07      45.         1.057      0.020                1371200200056 
 4.0        0.07      22.5        1.127      0.021                1371200200057 
 4.0        0.07      10.         1.130      0.022                1371200200058 
 4.0        0.07       0.         1.137      0.022                1371200200059 
 4.5        0.06      67.5        1.049      0.035                1371200200060 
 4.5        0.06      45.         1.086      0.036                1371200200061 
 4.5        0.06      22.5        1.108      0.037                1371200200062 
 4.5        0.06      10.         1.173      0.039                1371200200063 
 4.5        0.06       0.         1.144      0.039                1371200200064 
 5.0        0.20      67.5        0.971      0.025                1371200200065 
 5.0        0.20      45.         1.011      0.025                1371200200066 
 5.0        0.20      22.5        1.100      0.027                1371200200067 
 5.0        0.20      10.         1.157      0.029                1371200200068 
 5.0        0.20       0.         1.174      0.029                1371200200069 
 5.5        0.16      67.5        0.992      0.027                1371200200070 
 5.5        0.16      45.         1.004      0.027                1371200200071 
 5.5        0.16      22.5        1.080      0.029                1371200200072 
 5.5        0.16      10.         1.127      0.030                1371200200073 
 5.5        0.16       0.         1.131      0.030                1371200200074 
 6.0        0.14      67.5        0.988      0.030                1371200200075 
 6.0        0.14      45.         1.033      0.031                1371200200076 
 6.0        0.14      22.5        1.160      0.034                1371200200077 
 6.0        0.14      10.         1.239      0.036                1371200200078 
 6.0        0.14       0.         1.253      0.036                1371200200079 
 6.25       0.13      67.5        1.047      0.033                1371200200080 
 6.25       0.13      45.         1.049      0.033                1371200200081 
 6.25       0.13      22.5        1.255      0.037                1371200200082 
 6.25       0.13      10.         1.323      0.037                1371200200083 
 6.25       0.13       0.         1.325      0.039                1371200200084 
 6.5        0.16      67.5        1.030      0.030                1371200200085 
 6.5        0.16      45.         1.119      0.033                1371200200086 
 6.5        0.16      22.5        1.293      0.037                1371200200087 
 6.5        0.16      10.         1.391      0.039                1371200200088 
 6.5        0.16       0.         1.402      0.039                1371200200089 
 7.0        0.14      67.5        1.067      0.029                1371200200090 
 7.0        0.14      45.         1.172      0.031                1371200200091 
 7.0        0.14      22.5        1.259      0.034                1371200200092 
 7.0        0.14      10.         1.393      0.037                1371200200093 
 7.0        0.14       0.         1.366      0.039                1371200200094 
 7.5        0.13      67.5        1.032      0.018                1371200200095 
 7.5        0.13      45.         1.124      0.019                1371200200096 
 7.5        0.13      22.5        1.289      0.022                1371200200097 
 7.5        0.13      10.         1.393      0.023                1371200200098 
 7.5        0.13       0.         1.401      0.023                1371200200099 
 8.0        0.14      67.5        1.036      0.022                1371200200100 
 8.0        0.14      45.         1.090      0.023                1371200200101 
 8.0        0.14      22.5        1.255      0.026                1371200200102 
 8.0        0.14      10.         1.337      0.028                1371200200103 
 8.0        0.14       0.         1.341      0.028                1371200200104 
ENDDATA             97          0                                 1371200200105 
ENDSUBENT          104          0                                 1371200299999 
SUBENT        13712003   19980827                             00001371200300001 
BIB                  2          3                                 1371200300002 
REACTION   (94-PU-241(N,F),,DA,FF,RSD)                            1371200300003 
SAMPLE     0.8 mg PuO2, isotopic composition 241Pu (96.11%),      1371200300004 
            239Pu (1.40%), 240Pu (2.29%), 242Pu (0.20%).          1371200300005 
ENDBIB               3          0                                 1371200300006 
NOCOMMON             0          0                                 1371200300007 
DATA                 5         65                                 1371200300008 
EN         EN-RSL-HW  ANG        DATA       DATA-ERR              1371200300009 
MEV        MEV        ADEG       NO-DIM     NO-DIM                1371200300010 
 0.65       0.17      67.5        0.978      0.058                1371200300011 
 0.65       0.17      45.         0.962      0.058                1371200300012 
 0.65       0.17      22.5        1.029      0.061                1371200300013 
 0.65       0.17      10.         1.075      0.063                1371200300014 
 0.65       0.17       0.         1.073      0.063                1371200300015 
 1.00       0.14      67.5        1.026      0.033                1371200300016 
 1.00       0.14      45.         1.032      0.033                1371200300017 
 1.00       0.14      22.5        1.139      0.036                1371200300018 
 1.00       0.14      10.         1.121      0.036                1371200300019 
 1.00       0.14       0.         1.135      0.036                1371200300020 
 2.00       0.10      67.5        0.984      0.023                1371200300021 
 2.00       0.10      45.         1.031      0.024                1371200300022 
 2.00       0.10      22.5        1.157      0.026                1371200300023 
 2.00       0.10      10.         1.149      0.027                1371200300024 
 2.00       0.10       0.         1.189      0.027                1371200300025 
 2.50       0.09      67.5        0.985      0.022                1371200300026 
 2.50       0.09      45.         1.031      0.023                1371200300027 
 2.50       0.09      22.5        1.093      0.025                1371200300028 
 2.50       0.09      10.         1.123      0.026                1371200300029 
 2.50       0.09       0.         1.136      0.026                1371200300030 
 3.00       0.08      67.5        1.011      0.024                1371200300031 
 3.00       0.08      45.         1.030      0.024                1371200300032 
 3.00       0.08      22.5        1.105      0.026                1371200300033 
 3.00       0.08      10.         1.076      0.026                1371200300034 
 3.00       0.08       0.         1.094      0.026                1371200300035 
 3.50       0.07      67.5        1.002      0.025                1371200300036 
 3.50       0.07      45.         1.066      0.028                1371200300037 
 3.50       0.07      22.5        1.103      0.027                1371200300038 
 3.50       0.07      10.         1.087      0.027                1371200300039 
 3.50       0.07       0.         1.106      0.027                1371200300040 
 4.00       0.07      67.5        1.038      0.029                1371200300041 
 4.00       0.07      45.         1.047      0.030                1371200300042 
 4.00       0.07      22.5        1.124      0.031                1371200300043 
 4.00       0.07      10.         1.102      0.031                1371200300044 
 4.00       0.07       0.         1.108      0.031                1371200300045 
 4.50       0.06      67.5        1.012      0.029                1371200300046 
 4.50       0.06      45.         1.041      0.030                1371200300047 
 4.50       0.06      22.5        1.109      0.032                1371200300048 
 4.50       0.06      10.         1.146      0.033                1371200300049 
 4.50       0.06       0.         1.146      0.033                1371200300050 
 5.50       0.16      67.5        1.086      0.044                1371200300051 
 5.50       0.16      45.         1.086      0.044                1371200300052 
 5.50       0.16      22.5        1.130      0.047                1371200300053 
 5.50       0.16      10.         1.175      0.049                1371200300054 
 5.50       0.16       0.         1.136      0.049                1371200300055 
 6.50       0.16      67.5        1.034      0.044                1371200300056 
 6.50       0.16      45.         1.097      0.047                1371200300057 
 6.50       0.16      22.5        1.241      0.052                1371200300058 
 6.50       0.16      10.         1.232      0.051                1371200300059 
 6.50       0.16       0.         1.261      0.051                1371200300060 
 7.00       0.14      67.5        1.013      0.039                1371200300061 
 7.00       0.14      45.         1.039      0.040                1371200300062 
 7.00       0.14      22.5        1.154      0.044                1371200300063 
 7.00       0.14      10.         1.250      0.046                1371200300064 
 7.00       0.14       0.         1.243      0.046                1371200300065 
 7.50       0.13      67.5        1.063      0.040                1371200300066 
 7.50       0.13      45.         1.109      0.041                1371200300067 
 7.50       0.13      22.5        1.251      0.045                1371200300068 
 7.50       0.13      10.         1.283      0.046                1371200300069 
 7.50       0.13       0.         1.286      0.046                1371200300070 
 8.00       0.14      67.5        1.018      0.037                1371200300071 
 8.00       0.14      45.         1.057      0.038                1371200300072 
 8.00       0.14      22.5        1.120      0.040                1371200300073 
 8.00       0.14      10.         1.205      0.042                1371200300074 
 8.00       0.14       0.         1.191      0.042                1371200300075 
ENDDATA             67          0                                 1371200300076 
ENDSUBENT           75          0                                 1371200399999 
SUBENT        13712004   19980827                             00001371200400001 
BIB                  3          5                                 1371200400002 
REACTION   (94-PU-242(N,F),,DA,FF,RSD)                            1371200400003 
SAMPLE     2.1 mg PuO2, isotopic composition 242Pu (88.51%),      1371200400004 
            238Pu (0.39%), 239Pu (0.226%), 240Pu (7.51%),         1371200400005 
            241Pu (3.33%).                                        1371200400006 
CORRECTION 0.65 MeV data corrected for isotopic impurities.       1371200400007 
ENDBIB               5          0                                 1371200400008 
NOCOMMON             0          0                                 1371200400009 
DATA                 5         90                                 1371200400010 
EN         EN-RSL-HW  ANG        DATA       DATA-ERR              1371200400011 
MEV        MEV        ADEG       NO-DIM     NO-DIM                1371200400012 
 0.65       0.17      67.5        1.067      0.045                1371200400013 
 0.65       0.17      45.         1.126      0.047                1371200400014 
 0.65       0.17      22.5        1.243      0.050                1371200400015 
 0.65       0.17      10.         1.357      0.056                1371200400016 
 0.65       0.17       0.         1.334      0.056                1371200400017 
 1.0        0.142     67.5        0.990      0.026                1371200400018 
 1.0        0.142     45.         1.037      0.027                1371200400019 
 1.0        0.142     22.5        1.139      0.030                1371200400020 
 1.0        0.142     10.         1.177      0.031                1371200400021 
 1.0        0.142      0.         1.196      0.031                1371200400022 
 1.25       0.13      67.5        1.037      0.024                1371200400023 
 1.25       0.13      45.         1.032      0.024                1371200400024 
 1.25       0.13      22.5        1.097      0.026                1371200400025 
 1.25       0.13      10.         1.146      0.027                1371200400026 
 1.25       0.13       0.         1.126      0.027                1371200400027 
 1.5        0.12      67.5        1.025      0.021                1371200400028 
 1.5        0.12      45.         1.056      0.022                1371200400029 
 1.5        0.12      22.5        1.139      0.023                1371200400030 
 1.5        0.12      10.         1.129      0.024                1371200400031 
 1.5        0.12       0.         1.141      0.024                1371200400032 
 2.00       0.10      67.5        1.023      0.017                1371200400033 
 2.00       0.10      45.         1.068      0.018                1371200400034 
 2.00       0.10      22.5        1.140      0.019                1371200400035 
 2.00       0.10      10.         1.178      0.020                1371200400036 
 2.00       0.10       0.         1.178      0.020                1371200400037 
 2.5        0.09      67.5        1.037      0.021                1371200400038 
 2.5        0.09      45.         1.054      0.022                1371200400039 
 2.5        0.09      22.5        1.126      0.023                1371200400040 
 2.5        0.09      10.         1.154      0.024                1371200400041 
 2.5        0.09       0.         1.146      0.024                1371200400042 
 3.0        0.08      67.5        0.999      0.018                1371200400043 
 3.0        0.08      45.         1.049      0.019                1371200400044 
 3.0        0.08      22.5        1.093      0.020                1371200400045 
 3.0        0.08      10.         1.150      0.021                1371200400046 
 3.0        0.08       0.         1.149      0.021                1371200400047 
 3.5        0.07      67.5        1.052      0.020                1371200400048 
 3.5        0.07      45.         1.073      0.021                1371200400049 
 3.5        0.07      22.5        1.113      0.022                1371200400050 
 3.5        0.07      10.         1.157      0.023                1371200400051 
 3.5        0.07       0.         1.134      0.023                1371200400052 
 4.0        0.066     67.5        1.015      0.021                1371200400053 
 4.0        0.066     45.         1.030      0.021                1371200400054 
 4.0        0.066     22.5        1.103      0.023                1371200400055 
 4.0        0.066     10.         1.158      0.024                1371200400056 
 4.0        0.066      0.         1.152      0.024                1371200400057 
 4.5        0.06      67.5        0.980      0.023                1371200400058 
 4.5        0.06      45.         1.027      0.024                1371200400059 
 4.5        0.06      22.5        1.078      0.025                1371200400060 
 4.5        0.06      10.         1.100      0.026                1371200400061 
 4.5        0.06       0.         1.115      0.026                1371200400062 
 5.0        0.191     67.5        0.961      0.037                1371200400063 
 5.0        0.191     45.         1.035      0.040                1371200400064 
 5.0        0.191     22.5        1.106      0.041                1371200400065 
 5.0        0.191     10.         1.138      0.043                1371200400066 
 5.0        0.191      0.         1.168      0.043                1371200400067 
 5.5        0.156     67.5        1.041      0.028                1371200400068 
 5.5        0.156     45.         1.078      0.029                1371200400069 
 5.5        0.156     22.5        1.206      0.032                1371200400070 
 5.5        0.156     10.         1.233      0.033                1371200400071 
 5.5        0.156      0.         1.241      0.033                1371200400072 
 6.0        0.14      67.5        1.047      0.027                1371200400073 
 6.0        0.14      45.         1.142      0.029                1371200400074 
 6.0        0.14      22.5        1.203      0.030                1371200400075 
 6.0        0.14      10.         1.321      0.033                1371200400076 
 6.0        0.14       0.         1.299      0.033                1371200400077 
 6.5        0.16      67.5        1.011      0.026                1371200400078 
 6.5        0.16      45.         1.107      0.028                1371200400079 
 6.5        0.16      22.5        1.283      0.032                1371200400080 
 6.5        0.16      10.         1.378      0.034                1371200400081 
 6.5        0.16       0.         1.401      0.034                1371200400082 
 7.0        0.141     67.5        1.035      0.024                1371200400083 
 7.0        0.141     45.         1.130      0.026                1371200400084 
 7.0        0.141     22.5        1.321      0.029                1371200400085 
 7.0        0.141     10.         1.458      0.032                1371200400086 
 7.0        0.141      0.         1.461      0.032                1371200400087 
 7.5        0.128     67.5        1.054      0.026                1371200400088 
 7.5        0.128     45.         1.130      0.023                1371200400089 
 7.5        0.128     22.5        1.316      0.031                1371200400090 
 7.5        0.128     10.         1.418      0.034                1371200400091 
 7.5        0.128      0.         1.418      0.034                1371200400092 
 8.0        0.117     67.5        0.997      0.022                1371200400093 
 8.0        0.117     45.         1.120      0.025                1371200400094 
 8.0        0.117     22.5        1.237      0.027                1371200400095 
 8.0        0.117     10.         1.317      0.029                1371200400096 
 8.0        0.117      0.         1.342      0.029                1371200400097 
 8.25       0.14      67.5        1.033      0.024                1371200400098 
 8.25       0.14      45.         1.096      0.025                1371200400099 
 8.25       0.14      22.5        1.235      0.027                1371200400100 
 8.25       0.14      10.         1.307      0.029                1371200400101 
 8.25       0.14       0.         1.312      0.029                1371200400102 
ENDDATA             92          0                                 1371200400103 
ENDSUBENT          102          0                                 1371200499999 
ENDENTRY             4          0                                 1371299999999 
