ENTRY            13917   20050720                             13361391700000001 
SUBENT        13917001   20050720                             13361391700100001 
BIB                  5          6                                 1391700100002 
INSTITUTE  (1USABNL,2NEDRCN)                                      1391700100003 
REFERENCE  (J,NP/A,337,401,1980)                                  1391700100004 
AUTHOR     (H.I.Liou,R.E.Chrien,J.Kopecky,J.A.Konter)             1391700100005 
TITLE      Study of the 45Sc(n,gamma) reaction.                   1391700100006 
HISTORY    (20050105C) DR                                         1391700100007 
           (20050720C) DR Reference corrected                     1391700100008 
ENDBIB               6          0                                 1391700100009 
NOCOMMON             0          0                                 1391700100010 
ENDSUBENT            9          0                                 1391700199999 
SUBENT        13917002   20050105                             13361391700200001 
BIB                  7          9                                 1391700200002 
REACTION   (21-SC-45(N,G)21-SC-46,,SPC,,MXW)                      1391700200003 
FACILITY   (REAC,2NEDRCN) Circular polarization spectrometer at   1391700200004 
            the HFR at Petten                                     1391700200005 
INC-SPECT  Reactor spectrum                                       1391700200006 
DETECTOR   (GELI) Two GeLi. detectors 15 % efficiency.            1391700200007 
SAMPLE     Sc2O3 sample of 5g, 99.999 % in 45Sc, packed in a thin 1391700200008 
            cylindrical teflon holder                             1391700200009 
ERR-ANALYS (DATA-ERR) Statistical and systematics uncertainties   1391700200010 
STATUS     Data taken from table I                                1391700200011 
ENDBIB               9          0                                 1391700200012 
COMMON               1          3                                 1391700200013 
EN-DUMMY                                                          1391700200014 
EV                                                                1391700200015 
0.0253                                                            1391700200016 
ENDCOMMON            3          0                                 1391700200017 
DATA                 4         76                                 1391700200018 
E          E-ERR      DATA       DATA-ERR                         1391700200019 
KEV        KEV        PC/REAC    PC/REAC                          1391700200020 
8760.0     0.3        0.90       0.04                             1391700200021 
8617.4     0.5        0.24       0.03                             1391700200022 
8532.2     0.3        5.3        0.1                              1391700200023 
8470.3     0.3        0.79       0.04                             1391700200024 
8315.7     0.3        2.1        0.3                              1391700200025 
8175.1     0.3        9.9        0.1                              1391700200026 
8132.5     0.3        2.8        0.1                              1391700200027 
7924.4     0.8        0.44       0.08                             1391700200028 
7672.0     0.6        0.35       0.07                             1391700200029 
7635.2     0.4        3.0        0.3                              1391700200030 
7489.3     0.5        0.43       0.06                             1391700200031 
7437.4     0.8        0.20       0.06                             1391700200032 
7332.1     0.8        0.20       0.06                             1391700200033 
7232.7     0.6        0.68       0.08                             1391700200034 
7117.4     0.3        2.2        0.3                              1391700200035 
7052.0     0.6        0.30       0.09                             1391700200036 
6996.9     1.0        0.14       0.05                             1391700200037 
6961.0     0.8        0.23       0.06                             1391700200038 
6873.4     0.5        0.79       0.10                             1391700200039 
6839.3     0.3        5.7        0.2                              1391700200040 
6715.7     0.3        2.0        0.1                              1391700200041 
6646.7     0.9        0.44       0.12                             1391700200042 
6640.9     0.6        0.95       0.12                             1391700200043 
6575.4     1.0        0.19       0.07                             1391700200044 
6556.4     0.3        2.5        0.1                              1391700200045 
6539.0     1.0        0.35       0.09                             1391700200046 
6506.0     0.5        0.63       0.08                             1391700200047 
6457.6     0.5        0.56       0.07                             1391700200048 
6429.8     0.9        0.10       0.07                             1391700200049 
6363.8     0.6        0.47       0.15                             1391700200050 
6349.1     0.4        2.8        0.1                              1391700200051 
6317.4     0.4        3.5        0.2                              1391700200052 
6310.2     1.0        0.27       0.12                             1391700200053 
6300.8     0.4        0.82       0.07                             1391700200054 
6274.0     1.0        0.24       0.07                             1391700200055 
6238.9     1.0        0.11       0.04                             1391700200056 
6202.0     1.0        0.22       1.0                              1391700200057 
6192.2     0.8        0.55       0.8                              1391700200058 
6169.8     0.4        2.4        0.1                              1391700200059 
6116.7     0.7        0.24       0.8                              1391700200060 
6096.0     0.5        0.43       0.12                             1391700200061 
6065.5     1.0        0.20       0.10                             1391700200062 
6054.5     0.4        1.3        0.1                              1391700200063 
6044.8     0.6        0.49       0.10                             1391700200064 
5977.2     1.0        0.30       0.07                             1391700200065 
5905.9     0.6        0.63       0.09                             1391700200066 
5896.4     0.4        2.1        0.2                              1391700200067 
5818.1     1.3        0.13       0.06                             1391700200068 
5803.2     1.0        0.25       0.07                             1391700200069 
5781.8     1.0        0.43       0.10                             1391700200070 
5742.2     0.4        1.3        0.1                              1391700200071 
5728.1     1.0        0.17       0.08                             1391700200072 
5702.1     1.2        0.12       0.08                             1391700200073 
5680.1     1.2        0.17       0.12                             1391700200074 
5665.2     0.9        0.74       0.20                             1391700200075 
5623.2     0.8        1.1        0.2                              1391700200076 
5583.8     0.5        0.77       0.08                             1391700200077 
5554.8     1.2        0.40       0.14                             1391700200078 
5532.2     1.2        0.31       0.12                             1391700200079 
5500.5     0.8        0.69       0.20                             1391700200080 
5482.8     0.8        0.59       0.20                             1391700200081 
5446.6     0.6        0.91       0.11                             1391700200082 
5377.8     0.6        0.54       0.09                             1391700200083 
5362.0     1.0        0.47       0.08                             1391700200084 
5346.5     0.7        0.56       0.10                             1391700200085 
5335.8     0.6        0.91       0.10                             1391700200086 
5319.7     1.0        0.30       0.10                             1391700200087 
5285.4     0.8        0.65       0.15                             1391700200088 
5267.4     0.5        2.0        0.2                              1391700200089 
5209.2     0.7        0.55       0.8                              1391700200090 
5163.1     0.7        0.73       0.14                             1391700200091 
5154.7     0.7        0.32       0.12                             1391700200092 
5129.4     1.1        0.38       0.12                             1391700200093 
5106.2     0.8        0.55       0.12                             1391700200094 
5084.4     0.8        0.66       0.20                             1391700200095 
5055.4     0.8        0.57       0.12                             1391700200096 
ENDDATA             78          0                                 1391700200097 
ENDSUBENT           96          0                                 1391700299999 
SUBENT        13917003   20050105                             13361391700300001 
BIB                  7          9                                 1391700300002 
REACTION   (21-SC-45(N,G)21-SC-46,,SPC,,AV)                       1391700300003 
FACILITY   (REAC,1USABNL) 22 m flight path                        1391700300004 
INC-SPECT  3E4/energy n/cm2/s/eV                                  1391700300005 
DETECTOR   (GELI) One GeLi. detectors 10 % efficiency, 7 keV FWHM 1391700300006 
            at 8.5 MeV.                                           1391700300007 
SAMPLE     Sc2O3 sample of 27.78g, 99.9 % in 45Sc, 7.62cm x7.62cm 1391700300008 
            in a thin Al container                                1391700300009 
ERR-ANALYS (ERR-S) Statistical uncertainties                      1391700300010 
STATUS     Data taken from table 2                                1391700300011 
ENDBIB               9          0                                 1391700300012 
COMMON               2          3                                 1391700300013 
EN-MIN     EN-MAX                                                 1391700300014 
EV         EV                                                     1391700300015 
0.14       8.0                                                    1391700300016 
ENDCOMMON            3          0                                 1391700300017 
DATA                 4         56                                 1391700300018 
E          E-ERR      DATA       ERR-S                            1391700300019 
KEV        KEV        PC/REAC    PC/REAC                          1391700300020 
  51.91    0.2         3.7                                        1391700300021 
 142.4     0.2        22.5       1.8                              1391700300022 
 146.9     0.2        23.9       1.8                              1391700300023 
 216.3     0.1        11.        1.                               1391700300024 
 227.8     0.4        31.        3.                               1391700300025 
 228.7     0.4        15.        2.                               1391700300026 
 280.6     0.1         0.96      0.06                             1391700300027 
 295.2     0.1        18.        1.                               1391700300028 
 314.4     0.3         0.26      0.06                             1391700300029 
 357.1     0.3         0.13      0.07                             1391700300030 
 391.6     0.3         0.12      0.12                             1391700300031 
 399.6     0.1         0.91      0.07                             1391700300032 
 402.8     0.1         0.55      0.07                             1391700300033 
 442.2     0.2         0.35      0.07                             1391700300034 
 476.2     0.2         1.1       0.1                              1391700300035 
 485.9     0.1         2.6       0.1                              1391700300036 
 492.9     0.7         0.13      0.13                             1391700300037 
 496.5     0.3         0.17      0.09                             1391700300038 
 517.1     0.2         0.49      0.07                             1391700300039 
 539.4     0.1         3.3       0.1                              1391700300040 
 547.0     0.1         1.6       0.1                              1391700300041 
 554.4     0.1         8.2       0.2                              1391700300042 
 584.7     0.1         7.9       0.2                              1391700300043 
 627.4     0.1        10.2       0.2                              1391700300044 
 643.0     0.1         1.1       0.1                              1391700300045 
 685.6     0.2         0.59      0.09                             1391700300046 
 711.2     0.2         0.50      0.09                             1391700300047 
 721.8     0.1         2.2       0.1                              1391700300048 
 748.9     0.2         0.22      0.14                             1391700300049 
 773.8     0.1         2.4       0.1                              1391700300050 
 807.7     0.1         2.0       0.4                              1391700300051 
 834.9     0.1         1.4       0.4                              1391700300052 
 843.7     0.1         1.6       0.4                              1391700300053 
 860.7     0.1         1.9       0.1                              1391700300054 
 899.2     0.2         0.32      0.13                             1391700300055 
 929.8     0.4         0.29      0.09                             1391700300056 
 941.6     0.2         0.47      0.10                             1391700300057 
1014.6     0.1         1.3       0.3                              1391700300058 
1057.9     0.1         1.4       0.1                              1391700300059 
1064.8     0.3         0.21      0.10                             1391700300060 
1082.6     0.2         0.60      0.10                             1391700300061 
1123.5     0.2         1.4       0.2                              1391700300062 
1134.7     0.3         0.37      0.12                             1391700300063 
1166.7     0.1         1.4       0.3                              1391700300064 
1227.9     0.1         1.5       0.1                              1391700300065 
1251.4     0.2         0.57      0.10                             1391700300066 
1268.3     0.4         0.43      0.14                             1391700300067 
1270.5     0.2         1.2       0.2                              1391700300068 
1283.2     0.1         1.8       0.1                              1391700300069 
1321.8     0.2         0.91      0.10                             1391700300070 
1333.1     0.1         2.8       0.2                              1391700300071 
1408.1     0.1         0.73      0.17                             1391700300072 
1509.3     0.2         0.59      0.17                             1391700300073 
1573.7     0.1         1.3       0.1                              1391700300074 
1592.7     0.2         0.50      0.12                             1391700300075 
1618.8     0.1         1.7       0.1                              1391700300076 
ENDDATA             58          0                                 1391700300077 
ENDSUBENT           76          0                                 1391700399999 
SUBENT        13917004   20050105                             13361391700400001 
BIB                  6          8                                 1391700400002 
REACTION   (21-SC-45(N,G),,SPC,,RES)                              1391700400003 
FACILITY   (REAC,1USABNL) 48 m flight path                        1391700400004 
DETECTOR   (GELI) One GeLi. detectors 10 % efficiency, 7 keV FWHM 1391700400005 
            at 8.5 MeV.                                           1391700400006 
SAMPLE     Sc2O3 sample of 354.2g, 99.9 % in 45Sc, 15.2cm x20.3cm 1391700400007 
            in a thin Al container                                1391700400008 
ERR-ANALYS (DATA-ERR) No information given                        1391700400009 
STATUS     Data taken from table 3                                1391700400010 
ENDBIB               8          0                                 1391700400011 
NOCOMMON             0          0                                 1391700400012 
DATA                 4         57                                 1391700400013 
EN-RES     E          DATA       DATA-ERR                         1391700400014 
EV         KEV        PC/REAC    PC/REAC                          1391700400015 
 460.6     8760.0     7.1        1.3                              1391700400016 
 460.6     8175.1     2.1        1.0                              1391700400017 
 460.6     7052.0     2.1        1.0                              1391700400018 
 460.6     6839.3     0.8        0.4                              1391700400019 
 460.6     6646.7     2.5        1.2                              1391700400020 
 460.6     6640.9     4.4        1.2                              1391700400021 
 460.6     6556.4     3.4        1.1                              1391700400022 
 460.6     6468.0     1.9        0.8                              1391700400023 
 460.6     6429.8     2.1        1.0                              1391700400024 
 460.6     6363.8     1.7        0.8                              1391700400025 
 460.6     6349.1     1.3        0.6                              1391700400026 
 460.6     6317.6     1.9        0.8                              1391700400027 
 460.6     6202.0     1.9        0.8                              1391700400028 
 460.6     6065.5     3.8        1.3                              1391700400029 
 460.6     5818.1     2.9        1.0                              1391700400030 
 460.6     5742.2     3.3        1.3                              1391700400031 
1060.4     8532.2     2.7        1.3                              1391700400032 
1060.4     8470.3     4.2        1.6                              1391700400033 
1060.4     8132.5     1.4        0.7                              1391700400034 
1060.4     7635.2     8.4        3.8                              1391700400035 
1060.4     6640.9     1.7        1.0                              1391700400036 
1060.4     6457.6     2.1        0.8                              1391700400037 
1060.4     6380.7     6.3        2.5                              1391700400038 
1060.4     6363.8     3.4        1.7                              1391700400039 
1060.4     6238.9     2.5        1.2                              1391700400040 
1060.4     5896.4     4.2        2.0                              1391700400041 
1060.4     5702.1     2.9        1.3                              1391700400042 
1060.4     5680.1     3.4        1.7                              1391700400043 
3290.      8532.2     1.8        0.5                              1391700400044 
3290.      8470.3     4.6        0.6                              1391700400045 
3290.      7672.0     3.9        0.7                              1391700400046 
3290.      7635.2     3.0        0.5                              1391700400047 
3290.      7437.4     3.0        0.5                              1391700400048 
3290.      7332.1     3.6        0.6                              1391700400049 
3290.      6839.3     6.3        0.6                              1391700400050 
3290.      6715.7     2.2        0.5                              1391700400051 
3290.      6640.9     2.6        0.6                              1391700400052 
3290.      6556.4     3.6        0.6                              1391700400053 
3290.      6539.0     2.0        0.6                              1391700400054 
3290.      6457.6     1.7        0.5                              1391700400055 
3290.      6429.8     1.5        0.5                              1391700400056 
3290.      6349.1     3.9        0.6                              1391700400057 
3290.      6300.8     1.6        0.5                              1391700400058 
3290.      6268.3     1.6        0.5                              1391700400059 
3290.      6192.2     4.9        0.6                              1391700400060 
3290.      6169.8     1.0        0.3                              1391700400061 
3290.      5665.2     1.5        0.6                              1391700400062 
3290.      5632.2     2.7        0.6                              1391700400063 
4330.      8132.5     3.7        1.3                              1391700400064 
4330.      7672.0     2.9        0.9                              1391700400065 
4330.      7635.2     8.0        0.3                              1391700400066 
4330.      7232.7     1.5        0.6                              1391700400067 
4330.      7117.4     3.7        1.3                              1391700400068 
4330.      6640.9     1.7        0.7                              1391700400069 
4330.      6429.8     4.6        1.8                              1391700400070 
4330.      6349.1     2.0        0.9                              1391700400071 
4330.      6192.2     6.3        1.7                              1391700400072 
ENDDATA             59          0                                 1391700400073 
ENDSUBENT           72          0                                 1391700499999 
ENDENTRY             4          0                                 1391799999999 
