ENTRY            13966   20050218                             13321396600000001 
SUBENT        13966001   20050218                             13321396600100001 
BIB                 10         11                                 1396600100002 
INSTITUTE  (1USAOHO)                                              1396600100003 
REFERENCE  (J,NP/A,442,234,1985)                                  1396600100004 
AUTHOR     (J.R.M.Annand,R.W.Finlay)                              1396600100005 
TITLE      Direct Neutron Scattering from 182W and 184W           1396600100006 
FACILITY   (VDGT,1USAOHO)                                         1396600100007 
METHOD     (TOF)                                                  1396600100008 
INC-SOURCE (P-T) 4.87 and 6.00 MeV neutrons                       1396600100009 
SAMPLE     Metallic solid, cylindrical samples of 95 % 182W and   1396600100010 
            99% 184W.                                             1396600100011 
DETECTOR   (SCIN)  NE213 liquid scintillator                      1396600100012 
HISTORY    (20050218C) DR                                         1396600100013 
ENDBIB              11          0                                 1396600100014 
NOCOMMON             0          0                                 1396600100015 
ENDSUBENT           14          0                                 1396600199999 
SUBENT        13966002   20050218                             13321396600200001 
BIB                  3          3                                 1396600200002 
REACTION   (74-W-182(N,EL)74-W-182,,DA)                           1396600200003 
ERR-ANALYS No information                                         1396600200004 
STATUS     Data received from another data center (IAEA)          1396600200005 
ENDBIB               3          0                                 1396600200006 
NOCOMMON             0          0                                 1396600200007 
DATA                 3         65                                 1396600200008 
EN         ANG        DATA                                        1396600200009 
MEV        ADEG       MB/SR                                       1396600200010 
4.87         9.69      4250.22                                    1396600200011 
4.87        15.47      3554.43                                    1396600200012 
4.87        19.65      2593.98                                    1396600200013 
4.87        24.74      1652.21                                    1396600200014 
4.87        30.43      1015.36                                    1396600200015 
4.87        34.46       552.38                                    1396600200016 
4.87        39.76       260.40                                    1396600200017 
4.87        45.41       120.58                                    1396600200018 
4.87        49.67        73.83                                    1396600200019 
4.87        54.98        53.88                                    1396600200020 
4.87        60.46        44.74                                    1396600200021 
4.87        64.83        31.95                                    1396600200022 
4.87        69.99        18.15                                    1396600200023 
4.87        75.66        13.29                                    1396600200024 
4.87        79.68        16.54                                    1396600200025 
4.87        84.85        30.65                                    1396600200026 
4.87        90.52        43.71                                    1396600200027 
4.87        94.60        52.30                                    1396600200028 
4.87        99.70        54.42                                    1396600200029 
4.87       105.59        47.51                                    1396600200030 
4.87       109.71        35.80                                    1396600200031 
4.87       114.81        20.92                                    1396600200032 
4.87       120.54         7.81                                    1396600200033 
4.87       124.59         3.50                                    1396600200034 
4.87       129.87         4.00                                    1396600200035 
4.87       135.50         8.02                                    1396600200036 
4.87       139.37        14.49                                    1396600200037 
4.87       144.28        18.03                                    1396600200038 
4.87       150.04        18.23                                    1396600200039 
4.87       154.02        18.11                                    1396600200040 
4.87       159.59        19.81                                    1396600200041 
6.00         7.55      4723.14                                    1396600200042 
6.00         9.76      4476.89                                    1396600200043 
6.00        12.92      3950.91                                    1396600200044 
6.00        15.14      3246.23                                    1396600200045 
6.00        17.30      2610.66                                    1396600200046 
6.00        19.63      2137.38                                    1396600200047 
6.00        25.57      1198.32                                    1396600200048 
6.00        30.49       588.64                                    1396600200049 
6.00        34.65       252.44                                    1396600200050 
6.00        40.35       125.79                                    1396600200051 
6.00        45.67        96.23                                    1396600200052 
6.00        54.92        83.73                                    1396600200053 
6.00        60.55        57.13                                    1396600200054 
6.00        64.65        22.65                                    1396600200055 
6.00        69.83         6.35                                    1396600200056 
6.00        72.84         3.99                                    1396600200057 
6.00        75.32         6.87                                    1396600200058 
6.00        79.38        23.65                                    1396600200059 
6.00        84.37        41.15                                    1396600200060 
6.00        90.20        53.80                                    1396600200061 
6.00        94.44        56.76                                    1396600200062 
6.00        99.81        47.65                                    1396600200063 
6.00       105.44        33.82                                    1396600200064 
6.00       109.58        17.28                                    1396600200065 
6.00       114.70         6.35                                    1396600200066 
6.00       120.24         2.04                                    1396600200067 
6.00       122.07         3.01                                    1396600200068 
6.00       124.14         5.00                                    1396600200069 
6.00       129.46        13.12                                    1396600200070 
6.00       134.99        21.42                                    1396600200071 
6.00       139.04        25.98                                    1396600200072 
6.00       150.02        23.51                                    1396600200073 
6.00       154.03        16.45                                    1396600200074 
6.00       159.49         8.93                                    1396600200075 
ENDDATA             67          0                                 1396600200076 
ENDSUBENT           75          0                                 1396600299999 
SUBENT        13966003   20050218                             13321396600300001 
BIB                  3          3                                 1396600300002 
REACTION   (74-W-184(N,EL)74-W-184,,DA)                           1396600300003 
ERR-ANALYS No information                                         1396600300004 
STATUS     Data received from another data center (IAEA)          1396600300005 
ENDBIB               3          0                                 1396600300006 
NOCOMMON             0          0                                 1396600300007 
DATA                 3         67                                 1396600300008 
EN         ANG        DATA                                        1396600300009 
MEV        ADEG       MB/SR                                       1396600300010 
4.84         9.75      4562.49                                    1396600300011 
4.84        15.42      3542.63                                    1396600300012 
4.84        19.85      2579.16                                    1396600300013 
4.84        25.47      1825.05                                    1396600300014 
4.84        30.51      1064.86                                    1396600300015 
4.84        34.43       560.12                                    1396600300016 
4.84        40.02       286.37                                    1396600300017 
4.84        45.55       131.54                                    1396600300018 
4.84        49.53        70.18                                    1396600300019 
4.84        54.84        53.15                                    1396600300020 
4.84        60.34        41.12                                    1396600300021 
4.84        64.24        27.28                                    1396600300022 
4.84        69.81        16.97                                    1396600300023 
4.84        75.24        13.61                                    1396600300024 
4.84        79.43        20.24                                    1396600300025 
4.84        84.37        35.22                                    1396600300026 
4.84        89.99        51.28                                    1396600300027 
4.84        94.20        59.18                                    1396600300028 
4.84        99.37        62.02                                    1396600300029 
4.84       105.39        53.99                                    1396600300030 
4.84       109.41        36.07                                    1396600300031 
4.84       114.75        20.45                                    1396600300032 
4.84       120.35         8.17                                    1396600300033 
4.84       124.60         2.87                                    1396600300034 
4.84       129.49         5.01                                    1396600300035 
4.84       135.19        11.49                                    1396600300036 
4.84       139.26        18.03                                    1396600300037 
4.84       144.29        22.59                                    1396600300038 
4.84       149.82        23.93                                    1396600300039 
4.84       153.98        22.69                                    1396600300040 
4.84       158.86        23.11                                    1396600300041 
6.00         7.38      4807.72                                    1396600300042 
6.00         9.90      4589.06                                    1396600300043 
6.00        12.78      4033.07                                    1396600300044 
6.00        15.00      3443.90                                    1396600300045 
6.00        17.16      2919.74                                    1396600300046 
6.00        19.68      2254.68                                    1396600300047 
6.00        25.32      1292.47                                    1396600300048 
6.00        30.19       601.52                                    1396600300049 
6.00        34.64       258.67                                    1396600300050 
6.00        40.23       120.82                                    1396600300051 
6.00        45.50       100.63                                    1396600300052 
6.00        49.64        92.34                                    1396600300053 
6.00        55.51        83.83                                    1396600300054 
6.00        60.32        48.05                                    1396600300055 
6.00        64.59        18.02                                    1396600300056 
6.00        69.59         4.25                                    1396600300057 
6.00        73.07         4.44                                    1396600300058 
6.00        75.09         8.45                                    1396600300059 
6.00        79.33        25.38                                    1396600300060 
6.00        84.71        46.59                                    1396600300061 
6.00        90.10        58.03                                    1396600300062 
6.00        94.41        63.49                                    1396600300063 
6.00        99.92        50.83                                    1396600300064 
6.00       105.44        34.87                                    1396600300065 
6.00       109.65        17.56                                    1396600300066 
6.00       114.77         6.54                                    1396600300067 
6.00       120.11         4.47                                    1396600300068 
6.00       122.32         4.22                                    1396600300069 
6.00       124.41         7.94                                    1396600300070 
6.00       129.85        13.82                                    1396600300071 
6.00       135.30        20.53                                    1396600300072 
6.00       139.49        26.40                                    1396600300073 
6.00       144.88        27.08                                    1396600300074 
6.00       150.09        22.80                                    1396600300075 
6.00       154.36        15.98                                    1396600300076 
6.00       159.64         8.37                                    1396600300077 
ENDDATA             69          0                                 1396600300078 
ENDSUBENT           77          0                                 1396600399999 
SUBENT        13966004   20050218                             13321396600400001 
BIB                  3          4                                 1396600400002 
REACTION   (74-W-182(N,INL)74-W-182,PAR,DA)                       1396600400003 
ERR-ANALYS (DATA-ERR) No information                              1396600400004 
STATUS     Data received from another data center (IAEA) and      1396600400005 
            taken from Fig. 5                                     1396600400006 
ENDBIB               4          0                                 1396600400007 
NOCOMMON             0          0                                 1396600400008 
DATA                 5        146                                 1396600400009 
E-EXC      EN         ANG        DATA       DATA-ERR              1396600400010 
MEV        MEV        ADEG       MB/SR      MB/SR                 1396600400011 
0.100      4.87        29.94        71.20                         1396600400012 
0.100      4.87        35.44        72.05                         1396600400013 
0.100      4.87        39.87        75.55                         1396600400014 
0.100      4.87        44.98        67.96                         1396600400015 
0.100      4.87        50.85        62.51                         1396600400016 
0.100      4.87        55.07        49.65                         1396600400017 
0.100      4.87        60.13        39.78                         1396600400018 
0.100      4.87        65.65        35.31                         1396600400019 
0.100      4.87        69.93        28.87                         1396600400020 
0.100      4.87        75.03        27.15                         1396600400021 
0.100      4.87        80.94        30.23                         1396600400022 
0.100      4.87        85.26        29.92                         1396600400023 
0.100      4.87        90.05        32.29                         1396600400024 
0.100      4.87        95.85        33.42                         1396600400025 
0.100      4.87       100.18        31.99                         1396600400026 
0.100      4.87       105.00        25.12                         1396600400027 
0.100      4.87       110.88        20.54                         1396600400028 
0.100      4.87       115.30        14.79                         1396600400029 
0.100      4.87       120.17        12.73                         1396600400030 
0.100      4.87       125.74        12.21                         1396600400031 
0.100      4.87       129.93        14.28                         1396600400032 
0.100      4.87       134.74        20.81                         1396600400033 
0.100      4.87       140.54        22.11                         1396600400034 
0.100      4.87       144.74        23.03                         1396600400035 
0.100      4.87       149.71        22.49                         1396600400036 
0.100      4.87       155.37        16.79                         1396600400037 
0.100      4.87       159.89        13.24                         1396600400038 
0.100      6.00        20.95        58.87                         1396600400039 
0.100      6.00        24.98        64.06                         1396600400040 
0.100      6.00        30.09        79.49                         1396600400041 
0.100      6.00        35.44        74.18                         1396600400042 
0.100      6.00        45.19        65.78                         1396600400043 
0.100      6.00        51.09        58.20                         1396600400044 
0.100      6.00        55.14        45.16                         1396600400045 
0.100      6.00        60.27        35.35                         1396600400046 
0.100      6.00        65.86        34.80                         1396600400047 
0.100      6.00        70.08        30.11                         1396600400048 
0.100      6.00        72.52        32.05                         1396600400049 
0.100      6.00        75.55        30.79                         1396600400050 
0.100      6.00        81.09        26.00                         1396600400051 
0.100      6.00        90.49        23.83                         1396600400052 
0.100      6.00        96.13        24.97                         1396600400053 
0.100      6.00       100.24        23.36                         1396600400054 
0.100      6.00       105.29        20.57                         1396600400055 
0.100      6.00       111.25        18.12                         1396600400056 
0.100      6.00       115.30        13.84                         1396600400057 
0.100      6.00       119.78        10.39                         1396600400058 
0.100      6.00       122.75        10.09                         1396600400059 
0.100      6.00       126.02         9.63                         1396600400060 
0.100      6.00       130.17        11.30                         1396600400061 
0.100      6.00       135.04        13.90                         1396600400062 
0.100      6.00       140.97        18.81                         1396600400063 
0.100      6.00       144.94        20.75                         1396600400064 
0.100      6.00       149.94        17.95                         1396600400065 
0.100      6.00       155.55        13.68                         1396600400066 
0.100      6.00       160.14        10.13                         1396600400067 
0.329      4.87        30.24         6.42                         1396600400068 
0.329      4.87        35.82         7.96                         1396600400069 
0.329      4.87        39.96         7.26                         1396600400070 
0.329      4.87        45.39         6.16                         1396600400071 
0.329      4.87        50.65         7.03                         1396600400072 
0.329      4.87        54.85         6.09                         1396600400073 
0.329      4.87        60.08         6.34                         1396600400074 
0.329      4.87        65.42         5.22                         1396600400075 
0.329      4.87        69.61         5.59                         1396600400076 
0.329      4.87        75.22         4.75                         1396600400077 
0.329      4.87        80.70         4.22                         1396600400078 
0.329      4.87        84.86         3.71                         1396600400079 
0.329      4.87        90.75         3.46                         1396600400080 
0.329      4.87        95.74         2.70                         1396600400081 
0.329      4.87       100.23         2.93                         1396600400082 
0.329      4.87       105.90         3.13                         1396600400083 
0.329      4.87       110.85         3.51                         1396600400084 
0.329      4.87       114.93         3.24                         1396600400085 
0.329      4.87       120.46         3.19                         1396600400086 
0.329      4.87       125.80         3.48                         1396600400087 
0.329      4.87       130.22         2.49                         1396600400088 
0.329      4.87       135.60         1.89     0.240               1396600400089 
0.329      4.87       140.47         1.76                         1396600400090 
0.329      4.87       144.57         1.04     0.110               1396600400091 
0.329      4.87       150.26         1.06     0.140               1396600400092 
0.329      4.87       155.28         0.60     0.120               1396600400093 
0.329      4.87       159.45         0.90     0.200               1396600400094 
0.329      6.00        20.87         4.85     1.800               1396600400095 
0.329      6.00        25.10         5.43     1.000               1396600400096 
0.329      6.00        29.96         9.69     1.200               1396600400097 
0.329      6.00        35.87         5.86                         1396600400098 
0.329      6.00        40.53         4.61     0.750               1396600400099 
0.329      6.00        45.04         5.38                         1396600400100 
0.329      6.00        50.75         4.07     0.800               1396600400101 
0.329      6.00        55.49         3.92                         1396600400102 
0.329      6.00        60.03         4.71     0.600               1396600400103 
0.329      6.00        65.71         5.38                         1396600400104 
0.329      6.00        70.45         4.85                         1396600400105 
0.329      6.00        72.52         5.03                         1396600400106 
0.329      6.00        74.77         4.35                         1396600400107 
0.329      6.00        80.54         4.23                         1396600400108 
0.329      6.00        85.32         4.24                         1396600400109 
0.329      6.00        90.26         3.26     0.500               1396600400110 
0.329      6.00        96.35         2.10     0.200               1396600400111 
0.329      6.00       100.55         1.99     0.300               1396600400112 
0.329      6.00       105.27         1.99                         1396600400113 
0.329      6.00       111.07         2.02     0.400               1396600400114 
0.329      6.00       115.51         2.63                         1396600400115 
0.329      6.00       120.22         3.54     0.450               1396600400116 
0.329      6.00       123.05         2.85                         1396600400117 
0.329      6.00       125.99         2.53                         1396600400118 
0.329      6.00       130.64         2.09     0.400               1396600400119 
0.329      6.00       135.14         2.41                         1396600400120 
0.329      6.00       140.91         2.20     0.350               1396600400121 
0.329      6.00       145.21         1.26     0.170               1396600400122 
0.329      6.00       150.23         0.81     0.170               1396600400123 
0.329      6.00       155.87         1.14     0.250               1396600400124 
0.329      6.00       160.38         0.98     0.140               1396600400125 
0.681      4.87        19.40         1.30     0.27                1396600400126 
0.681      4.87        29.91         1.25     0.26                1396600400127 
0.681      4.87        34.92         1.85     0.27                1396600400128 
0.681      4.87        40.05         0.91     0.19                1396600400129 
0.681      4.87        45.08         1.11     0.26                1396600400130 
0.681      4.87        50.15         0.95     0.17                1396600400131 
0.681      4.87        55.63         0.72     0.21                1396600400132 
0.681      4.87        60.26         0.82     0.12                1396600400133 
0.681      4.87        65.56         0.53     0.18                1396600400134 
0.681      4.87        70.95         0.94     0.14                1396600400135 
0.681      4.87        80.46         0.86     0.14                1396600400136 
0.681      4.87        90.76         0.90     0.14                1396600400137 
0.681      4.87       100.00         1.07     0.16                1396600400138 
0.681      4.87       110.70         0.92     0.14                1396600400139 
0.681      4.87       119.10         0.25     0.09                1396600400140 
0.681      4.87       129.80         0.26     0.05                1396600400141 
0.681      6.00        25.13         3.62     0.67                1396600400142 
0.681      6.00        30.16         3.31     0.61                1396600400143 
0.681      6.00        35.39         2.08     0.41                1396600400144 
0.681      6.00        40.02         1.87     0.49                1396600400145 
0.681      6.00        45.05         1.39     0.26                1396600400146 
0.681      6.00        55.70         0.57     0.22                1396600400147 
0.681      6.00        64.96         1.06     0.18                1396600400148 
0.681      6.00        73.20         1.33     0.22                1396600400149 
0.681      6.00        75.41         0.81     0.24                1396600400150 
0.681      6.00        85.67         0.80     0.24                1396600400151 
0.681      6.00        94.92         0.81     0.30                1396600400152 
0.681      6.00       105.10         0.69     0.15                1396600400153 
0.681      6.00       114.80         0.35     0.12                1396600400154 
0.681      6.00       122.80         0.25     0.12                1396600400155 
0.681      6.00       125.40         0.61     0.15                1396600400156 
0.681      6.00       134.50         0.20     0.08                1396600400157 
ENDDATA            148          0                                 1396600400158 
ENDSUBENT          157          0                                 1396600499999 
SUBENT        13966005   20050218                             13321396600500001 
BIB                  3          4                                 1396600500002 
REACTION   (74-W-184(N,INL)74-W-184,PAR,DA)                       1396600500003 
ERR-ANALYS (DATA-ERR) No information                              1396600500004 
STATUS     Data received from another data center (IAEA) and      1396600500005 
            taken from Fig. 5                                     1396600500006 
ENDBIB               4          0                                 1396600500007 
NOCOMMON             0          0                                 1396600500008 
DATA                 5        150                                 1396600500009 
E-EXC      EN         ANG        DATA       DATA-ERR              1396600500010 
MEV        MEV        ADEG       MB/SR      MB/SR                 1396600500011 
0.784      4.87        19.55         2.12     0.33                1396600500012 
0.784      4.87        29.69         1.65     0.29                1396600500013 
0.784      4.87        34.76         1.41     0.18                1396600500014 
0.784      4.87        40.04         1.20     0.18                1396600500015 
0.784      4.87        45.32         1.03     0.25                1396600500016 
0.784      4.87        55.04         0.93     0.17                1396600500017 
0.784      4.87        65.57         0.81     0.19                1396600500018 
0.784      4.87        70.05         0.63     0.10                1396600500019 
0.784      4.87        75.69         0.78     0.18                1396600500020 
0.784      4.87        80.57         0.63     0.09                1396600500021 
0.784      4.87        90.65         0.81     0.11                1396600500022 
0.784      4.87       100.30         0.90     0.10                1396600500023 
0.784      4.87       104.90         1.01     0.23                1396600500024 
0.784      4.87       110.50         0.52     0.13                1396600500025 
0.784      4.87       115.30         0.89     0.28                1396600500026 
0.784      4.87       120.20         0.48     0.11                1396600500027 
0.784      4.87       131.10         0.59     0.09                1396600500028 
0.784      4.87       135.60         0.46     0.13                1396600500029 
0.784      4.87       139.90         0.32     0.04                1396600500030 
0.784      6.00        20.51         1.82     1.02                1396600500031 
0.784      6.00        26.34         2.12     0.85                1396600500032 
0.784      6.00        30.16         0.96     0.48                1396600500033 
0.784      6.00        35.39         1.64     0.29                1396600500034 
0.784      6.00        44.84         1.31     0.31                1396600500035 
0.784      6.00        50.48         1.20     0.48                1396600500036 
0.784      6.00        55.30         0.55     0.20                1396600500037 
0.784      6.00        65.36         1.44     0.24                1396600500038 
0.784      6.00        72.40         0.64     0.19                1396600500039 
0.784      6.00        75.41         1.02     0.22                1396600500040 
0.784      6.00        94.92         0.98     0.27                1396600500041 
0.784      6.00       105.50         0.39     0.16                1396600500042 
0.784      6.00       115.00         0.32     0.16                1396600500043 
0.784      6.00       122.40         0.32     0.12                1396600500044 
0.784      6.00       124.60         0.25     0.11                1396600500045 
0.784      6.00       135.10         0.24     0.10                1396600500046 
0.903      4.87        29.98        72.06                         1396600500047 
0.903      4.87        35.67        71.82                         1396600500048 
0.903      4.87        39.69        73.49                         1396600500049 
0.903      4.87        44.97        72.59                         1396600500050 
0.903      4.87        50.86        62.62                         1396600500051 
0.903      4.87        54.98        50.29                         1396600500052 
0.903      4.87        59.98        39.50                         1396600500053 
0.903      4.87        65.69        34.07                         1396600500054 
0.903      4.87        69.86        28.60                         1396600500055 
0.903      4.87        75.08        28.76                         1396600500056 
0.903      4.87        80.94        30.44                         1396600500057 
0.903      4.87        85.21        29.80                         1396600500058 
0.903      4.87        90.24        34.62                         1396600500059 
0.903      4.87        95.69        33.82                         1396600500060 
0.903      4.87       100.15        31.80                         1396600500061 
0.903      4.87       105.15        26.12                         1396600500062 
0.903      4.87       110.93        19.93                         1396600500063 
0.903      4.87       115.00        14.58                         1396600500064 
0.903      4.87       120.06        12.77                         1396600500065 
0.903      4.87       125.51        12.31                         1396600500066 
0.903      4.87       129.94        14.40                         1396600500067 
0.903      4.87       134.67        17.10                         1396600500068 
0.903      4.87       140.27        22.31                         1396600500069 
0.903      4.87       144.77        22.18                         1396600500070 
0.903      4.87       149.52        21.28                         1396600500071 
0.903      4.87       155.23        18.90                         1396600500072 
0.903      4.87       159.59        13.64                         1396600500073 
0.903      6.00        20.62        61.61                         1396600500074 
0.903      6.00        24.88        65.87                         1396600500075 
0.903      6.00        29.90        73.81                         1396600500076 
0.903      6.00        35.19        72.32                         1396600500077 
0.903      6.00        39.59        69.61                         1396600500078 
0.903      6.00        44.95        62.92                         1396600500079 
0.903      6.00        50.80        50.52                         1396600500080 
0.903      6.00        54.86        45.26                         1396600500081 
0.903      6.00        59.82        35.77                         1396600500082 
0.903      6.00        65.40        36.33                         1396600500083 
0.903      6.00        69.51        33.21                         1396600500084 
0.903      6.00        72.07        32.76                         1396600500085 
0.903      6.00        75.05        30.22                         1396600500086 
0.903      6.00        80.70        28.06                         1396600500087 
0.903      6.00        84.82        24.75                         1396600500088 
0.903      6.00        89.88        22.88                         1396600500089 
0.903      6.00        95.74        24.68                         1396600500090 
0.903      6.00        99.97        21.92                         1396600500091 
0.903      6.00       105.14        21.62                         1396600500092 
0.903      6.00       110.99        17.87                         1396600500093 
0.903      6.00       114.83        13.72                         1396600500094 
0.903      6.00       119.87        10.37                         1396600500095 
0.903      6.00       122.96        10.05                         1396600500096 
0.903      6.00       125.70         9.41                         1396600500097 
0.903      6.00       129.76        11.41                         1396600500098 
0.903      6.00       134.83        13.89                         1396600500099 
0.903      6.00       140.42        18.62                         1396600500100 
0.903      6.00       144.43        20.59                         1396600500101 
0.903      6.00       149.56        17.83                         1396600500102 
0.903      6.00       155.19        13.66                         1396600500103 
0.903      6.00       159.81        10.21                         1396600500104 
1.134      4.87        30.40         7.31                         1396600500105 
1.134      4.87        35.85         7.08                         1396600500106 
1.134      4.87        40.03         6.35                         1396600500107 
1.134      4.87        45.23         6.06                         1396600500108 
1.134      4.87        55.22         5.85                         1396600500109 
1.134      4.87        60.07         6.30                         1396600500110 
1.134      4.87        65.73         5.59                         1396600500111 
1.134      4.87        70.05         5.43                         1396600500112 
1.134      4.87        75.02         5.19                         1396600500113 
1.134      4.87        80.87         4.16                         1396600500114 
1.134      4.87        85.04         3.69                         1396600500115 
1.134      4.87        90.20         3.18                         1396600500116 
1.134      4.87        96.13         3.07                         1396600500117 
1.134      4.87       100.15         3.16                         1396600500118 
1.134      4.87       105.17         3.38                         1396600500119 
1.134      4.87       110.98         3.24                         1396600500120 
1.134      4.87       114.99         2.92                         1396600500121 
1.134      4.87       120.13         3.13                         1396600500122 
1.134      4.87       126.07         2.43                         1396600500123 
1.134      4.87       130.21         2.48                         1396600500124 
1.134      4.87       135.30         2.13                         1396600500125 
1.134      4.87       140.70         1.55                         1396600500126 
1.134      4.87       144.64         1.11     0.150               1396600500127 
1.134      4.87       149.98         0.91     0.120               1396600500128 
1.134      4.87       155.57         0.60     0.100               1396600500129 
1.134      4.87       159.72         0.55     0.150               1396600500130 
1.134      6.00        20.20         3.69     2.200               1396600500131 
1.134      6.00        25.03         9.19     2.800               1396600500132 
1.134      6.00        29.46         7.46     1.100               1396600500133 
1.134      6.00        35.66         6.32                         1396600500134 
1.134      6.00        40.09         5.47     0.800               1396600500135 
1.134      6.00        44.91         4.61                         1396600500136 
1.134      6.00        50.74         4.42     0.900               1396600500137 
1.134      6.00        55.12         4.18                         1396600500138 
1.134      6.00        59.96         6.37                         1396600500139 
1.134      6.00        65.76         5.53                         1396600500140 
1.134      6.00        70.25         4.49                         1396600500141 
1.134      6.00        72.19         4.29                         1396600500142 
1.134      6.00        74.74         3.88                         1396600500143 
1.134      6.00        80.38         4.01                         1396600500144 
1.134      6.00        85.29         3.22                         1396600500145 
1.134      6.00        90.11         2.53     0.400               1396600500146 
1.134      6.00        95.97         2.73                         1396600500147 
1.134      6.00       100.37         3.03     0.300               1396600500148 
1.134      6.00       105.06         2.69                         1396600500149 
1.134      6.00       110.79         2.32     0.500               1396600500150 
1.134      6.00       115.17         2.92                         1396600500151 
1.134      6.00       119.67         3.18     0.400               1396600500152 
1.134      6.00       122.69         2.30                         1396600500153 
1.134      6.00       126.14         2.24     0.250               1396600500154 
1.134      6.00       130.30         2.16                         1396600500155 
1.134      6.00       135.05         1.94     0.250               1396600500156 
1.134      6.00       140.78         2.05     0.300               1396600500157 
1.134      6.00       145.01         1.62     0.150               1396600500158 
1.134      6.00       150.08         0.84     0.250               1396600500159 
1.134      6.00       155.96         0.74     0.150               1396600500160 
1.134      6.00       160.14         0.51     0.110               1396600500161 
ENDDATA            152          0                                 1396600500162 
ENDSUBENT          161          0                                 1396600599999 
ENDENTRY             5          0                                 1396699999999 
