ENTRY            13965   20070417                             13431396500000001 
SUBENT        13965001   20070417                             13431396500100001 
BIB                  8         11                                 1396500100002 
INSTITUTE  (1USAANL)                                              1396500100003 
REFERENCE  (R,ANL-NDM-160,2005)                                   1396500100004 
           (J,ANE,32,1926,2005)                                   1396500100005 
AUTHOR     (A.B.Smith)                                            1396500100006 
TITLE      Fast Neutrons Incident on Rotors: Tantalum             1396500100007 
FACILITY   (ACCEL,1USAANL)                                        1396500100008 
INC-SOURCE (P-LI7) up to 0.5 MeV                                  1396500100009 
           (D-D) from 4.5 to 10 MeV                               1396500100010 
DETECTOR   (SCIN)  liquid scintillator                            1396500100011 
HISTORY    (20050217C) DR                                         1396500100012 
           (20061205A) DR ANE reference added                     1396500100013 
ENDBIB              11          0                                 1396500100014 
NOCOMMON             0          0                                 1396500100015 
ENDSUBENT           14          0                                 1396500199999 
SUBENT        13965002   20050217                             13321396500200001 
BIB                  3          3                                 1396500200002 
REACTION   (73-TA-181(N,EL)73-TA-181,,DA)                         1396500200003 
ERR-ANALYS (DATA-ERR) No information                              1396500200004 
STATUS     Data received from A.B. Smith                          1396500200005 
ENDBIB               3          0                                 1396500200006 
NOCOMMON             0          0                                 1396500200007 
DATA                 4        714                                 1396500200008 
EN         ANG        DATA       DATA-ERR                         1396500200009 
MEV        ADEG       B/SR       PER-CENT                         1396500200010 
 0.3230E+00 0.2000E+02 0.1273E+01 0.1000E+02                      1396500200011 
 0.3230E+00 0.3000E+02 0.1104E+01 0.1000E+02                      1396500200012 
 0.3230E+00 0.4500E+02 0.8402E+00 0.1000E+02                      1396500200013 
 0.3230E+00 0.6000E+02 0.6404E+00 0.1000E+02                      1396500200014 
 0.3230E+00 0.7500E+02 0.5212E+00 0.1000E+02                      1396500200015 
 0.3230E+00 0.9000E+02 0.4440E+00 0.1000E+02                      1396500200016 
 0.3230E+00 0.1050E+03 0.3729E+00 0.1000E+02                      1396500200017 
 0.3230E+00 0.1200E+03 0.3094E+00 0.1000E+02                      1396500200018 
 0.3230E+00 0.1350E+03 0.2782E+00 0.1000E+02                      1396500200019 
 0.3230E+00 0.1500E+03 0.2898E+00 0.1000E+02                      1396500200020 
 0.3700E+00 0.2000E+02 0.1215E+01 0.1000E+02                      1396500200021 
 0.3700E+00 0.3000E+02 0.1098E+01 0.1000E+02                      1396500200022 
 0.3700E+00 0.4500E+02 0.8848E+00 0.1000E+02                      1396500200023 
 0.3700E+00 0.6000E+02 0.6802E+00 0.1000E+02                      1396500200024 
 0.3700E+00 0.7500E+02 0.5227E+00 0.1000E+02                      1396500200025 
 0.3700E+00 0.9000E+02 0.4177E+00 0.1000E+02                      1396500200026 
 0.3700E+00 0.1050E+03 0.3491E+00 0.1000E+02                      1396500200027 
 0.3700E+00 0.1200E+03 0.3045E+00 0.1000E+02                      1396500200028 
 0.3700E+00 0.1350E+03 0.2851E+00 0.1000E+02                      1396500200029 
 0.3700E+00 0.1500E+03 0.2933E+00 0.1000E+02                      1396500200030 
 0.4140E+00 0.3000E+02 0.1080E+01 0.1000E+02                      1396500200031 
 0.4140E+00 0.4570E+02 0.8658E+00 0.1000E+02                      1396500200032 
 0.4140E+00 0.6100E+02 0.6556E+00 0.1000E+02                      1396500200033 
 0.4140E+00 0.7600E+02 0.4990E+00 0.1000E+02                      1396500200034 
 0.4140E+00 0.9500E+02 0.3609E+00 0.1000E+02                      1396500200035 
 0.4140E+00 0.1110E+03 0.3136E+00 0.1000E+02                      1396500200036 
 0.4140E+00 0.1260E+03 0.3094E+00 0.1000E+02                      1396500200037 
 0.4140E+00 0.1500E+03 0.3007E+00 0.1000E+02                      1396500200038 
 0.4690E+00 0.2000E+02 0.1281E+01 0.1000E+02                      1396500200039 
 0.4690E+00 0.3000E+02 0.1131E+01 0.1000E+02                      1396500200040 
 0.4690E+00 0.4500E+02 0.8783E+00 0.1000E+02                      1396500200041 
 0.4690E+00 0.6000E+02 0.6545E+00 0.1000E+02                      1396500200042 
 0.4690E+00 0.7500E+02 0.4887E+00 0.1000E+02                      1396500200043 
 0.4690E+00 0.9000E+02 0.3792E+00 0.1000E+02                      1396500200044 
 0.4690E+00 0.1050E+03 0.3174E+00 0.1000E+02                      1396500200045 
 0.4690E+00 0.1200E+03 0.2935E+00 0.1000E+02                      1396500200046 
 0.4690E+00 0.1350E+03 0.2914E+00 0.1000E+02                      1396500200047 
 0.4690E+00 0.1500E+03 0.2924E+00 0.1000E+02                      1396500200048 
 0.5220E+00 0.2000E+02 0.1349E+01 0.5000E+01                      1396500200049 
 0.5220E+00 0.3000E+02 0.1187E+01 0.5000E+01                      1396500200050 
 0.5220E+00 0.4500E+02 0.9022E+00 0.5000E+01                      1396500200051 
 0.5220E+00 0.6000E+02 0.6425E+00 0.5000E+01                      1396500200052 
 0.5220E+00 0.7500E+02 0.4579E+00 0.5000E+01                      1396500200053 
 0.5220E+00 0.9000E+02 0.3529E+00 0.5000E+01                      1396500200054 
 0.5220E+00 0.1050E+03 0.3033E+00 0.5000E+01                      1396500200055 
 0.5220E+00 0.1200E+03 0.2840E+00 0.5000E+01                      1396500200056 
 0.5220E+00 0.1350E+03 0.2837E+00 0.5000E+01                      1396500200057 
 0.5220E+00 0.1500E+03 0.2974E+00 0.5000E+01                      1396500200058 
 0.5680E+00 0.2000E+02 0.1288E+01 0.8000E+01                      1396500200059 
 0.5680E+00 0.3000E+02 0.1132E+01 0.8000E+01                      1396500200060 
 0.5680E+00 0.4500E+02 0.8628E+00 0.8000E+01                      1396500200061 
 0.5680E+00 0.6000E+02 0.6187E+00 0.8000E+01                      1396500200062 
 0.5680E+00 0.7500E+02 0.4405E+00 0.8000E+01                      1396500200063 
 0.5680E+00 0.9000E+02 0.3319E+00 0.8000E+01                      1396500200064 
 0.5680E+00 0.1050E+03 0.2794E+00 0.8000E+01                      1396500200065 
 0.5680E+00 0.1200E+03 0.2671E+00 0.8000E+01                      1396500200066 
 0.5680E+00 0.1350E+03 0.2797E+00 0.8000E+01                      1396500200067 
 0.5680E+00 0.1500E+03 0.3018E+00 0.8000E+01                      1396500200068 
 0.6150E+00 0.2000E+02 0.1375E+01 0.6000E+01                      1396500200069 
 0.6150E+00 0.3000E+02 0.1187E+01 0.6000E+01                      1396500200070 
 0.6150E+00 0.4500E+02 0.8681E+00 0.6000E+01                      1396500200071 
 0.6150E+00 0.6000E+02 0.5866E+00 0.6000E+01                      1396500200072 
 0.6150E+00 0.7500E+02 0.3886E+00 0.6000E+01                      1396500200073 
 0.6150E+00 0.9000E+02 0.2754E+00 0.6000E+01                      1396500200074 
 0.6150E+00 0.1050E+03 0.2282E+00 0.6000E+01                      1396500200075 
 0.6150E+00 0.1200E+03 0.2228E+00 0.6000E+01                      1396500200076 
 0.6150E+00 0.1350E+03 0.2333E+00 0.6000E+01                      1396500200077 
 0.6150E+00 0.1500E+03 0.2396E+00 0.6000E+01                      1396500200078 
 0.6660E+00 0.2000E+02 0.1425E+01 0.7000E+01                      1396500200079 
 0.6660E+00 0.3000E+02 0.1218E+01 0.7000E+01                      1396500200080 
 0.6660E+00 0.4500E+02 0.8699E+00 0.7000E+01                      1396500200081 
 0.6660E+00 0.6000E+02 0.5704E+00 0.7000E+01                      1396500200082 
 0.6660E+00 0.7500E+02 0.3670E+00 0.7000E+01                      1396500200083 
 0.6660E+00 0.9000E+02 0.2534E+00 0.7000E+01                      1396500200084 
 0.6660E+00 0.1050E+03 0.2028E+00 0.7000E+01                      1396500200085 
 0.6660E+00 0.1200E+03 0.1903E+00 0.7000E+01                      1396500200086 
 0.6660E+00 0.1350E+03 0.1964E+00 0.7000E+01                      1396500200087 
 0.6660E+00 0.1500E+03 0.2060E+00 0.7000E+01                      1396500200088 
 0.7190E+00 0.3000E+02 0.1149E+01 0.1000E+02                      1396500200089 
 0.7190E+00 0.4570E+02 0.7893E+00 0.1000E+02                      1396500200090 
 0.7190E+00 0.6100E+02 0.4983E+00 0.1000E+02                      1396500200091 
 0.7190E+00 0.7600E+02 0.3130E+00 0.1000E+02                      1396500200092 
 0.7190E+00 0.9500E+02 0.2013E+00 0.1000E+02                      1396500200093 
 0.7190E+00 0.1110E+03 0.1749E+00 0.1000E+02                      1396500200094 
 0.7190E+00 0.1260E+03 0.1732E+00 0.1000E+02                      1396500200095 
 0.7190E+00 0.1500E+03 0.1954E+00 0.1000E+02                      1396500200096 
 0.7670E+00 0.2000E+02 0.1437E+01 0.1000E+02                      1396500200097 
 0.7670E+00 0.3000E+02 0.1209E+01 0.1000E+02                      1396500200098 
 0.7670E+00 0.4500E+02 0.8246E+00 0.1000E+02                      1396500200099 
 0.7670E+00 0.6000E+02 0.5002E+00 0.1000E+02                      1396500200100 
 0.7670E+00 0.7500E+02 0.2995E+00 0.1000E+02                      1396500200101 
 0.7670E+00 0.9000E+02 0.2100E+00 0.1000E+02                      1396500200102 
 0.7670E+00 0.1050E+03 0.1823E+00 0.1000E+02                      1396500200103 
 0.7670E+00 0.1200E+03 0.1774E+00 0.1000E+02                      1396500200104 
 0.7670E+00 0.1350E+03 0.1848E+00 0.1000E+02                      1396500200105 
 0.7670E+00 0.1500E+03 0.2062E+00 0.1000E+02                      1396500200106 
 0.8150E+00 0.2000E+02 0.1424E+01 0.1100E+02                      1396500200107 
 0.8150E+00 0.3000E+02 0.1187E+01 0.1100E+02                      1396500200108 
 0.8150E+00 0.4500E+02 0.7916E+00 0.1100E+02                      1396500200109 
 0.8150E+00 0.6000E+02 0.4640E+00 0.1100E+02                      1396500200110 
 0.8150E+00 0.7500E+02 0.2677E+00 0.1100E+02                      1396500200111 
 0.8150E+00 0.9000E+02 0.1880E+00 0.1100E+02                      1396500200112 
 0.8150E+00 0.1050E+03 0.1717E+00 0.1100E+02                      1396500200113 
 0.8150E+00 0.1200E+03 0.1748E+00 0.1100E+02                      1396500200114 
 0.8150E+00 0.1350E+03 0.1815E+00 0.1100E+02                      1396500200115 
 0.8150E+00 0.1500E+03 0.1925E+00 0.1100E+02                      1396500200116 
 0.8670E+00 0.2000E+02 0.1504E+01 0.1000E+02                      1396500200117 
 0.8670E+00 0.3000E+02 0.1244E+01 0.1000E+02                      1396500200118 
 0.8670E+00 0.4500E+02 0.8200E+00 0.1000E+02                      1396500200119 
 0.8670E+00 0.6000E+02 0.4761E+00 0.1000E+02                      1396500200120 
 0.8670E+00 0.7500E+02 0.2711E+00 0.1000E+02                      1396500200121 
 0.8670E+00 0.9000E+02 0.1854E+00 0.1000E+02                      1396500200122 
 0.8670E+00 0.1050E+03 0.1678E+00 0.1000E+02                      1396500200123 
 0.8670E+00 0.1200E+03 0.1751E+00 0.1000E+02                      1396500200124 
 0.8670E+00 0.1350E+03 0.1875E+00 0.1000E+02                      1396500200125 
 0.8670E+00 0.1500E+03 0.2011E+00 0.1000E+02                      1396500200126 
 0.9110E+00 0.2000E+02 0.1486E+01 0.8000E+01                      1396500200127 
 0.9110E+00 0.3000E+02 0.1217E+01 0.8000E+01                      1396500200128 
 0.9110E+00 0.4500E+02 0.7753E+00 0.8000E+01                      1396500200129 
 0.9110E+00 0.6000E+02 0.4237E+00 0.8000E+01                      1396500200130 
 0.9110E+00 0.7500E+02 0.2263E+00 0.8000E+01                      1396500200131 
 0.9110E+00 0.9000E+02 0.1571E+00 0.8000E+01                      1396500200132 
 0.9110E+00 0.1050E+03 0.1533E+00 0.8000E+01                      1396500200133 
 0.9110E+00 0.1200E+03 0.1684E+00 0.8000E+01                      1396500200134 
 0.9110E+00 0.1350E+03 0.1863E+00 0.8000E+01                      1396500200135 
 0.9110E+00 0.1500E+03 0.2060E+00 0.8000E+01                      1396500200136 
 0.9670E+00 0.2000E+02 0.1599E+01 0.7000E+01                      1396500200137 
 0.9670E+00 0.3000E+02 0.1301E+01 0.7000E+01                      1396500200138 
 0.9670E+00 0.4500E+02 0.8219E+00 0.7000E+01                      1396500200139 
 0.9670E+00 0.6000E+02 0.4476E+00 0.7000E+01                      1396500200140 
 0.9670E+00 0.7500E+02 0.2403E+00 0.7000E+01                      1396500200141 
 0.9670E+00 0.9000E+02 0.1679E+00 0.7000E+01                      1396500200142 
 0.9670E+00 0.1050E+03 0.1674E+00 0.7000E+01                      1396500200143 
 0.9670E+00 0.1200E+03 0.1897E+00 0.7000E+01                      1396500200144 
 0.9670E+00 0.1350E+03 0.2080E+00 0.7000E+01                      1396500200145 
 0.9670E+00 0.1500E+03 0.2122E+00 0.7000E+01                      1396500200146 
 0.1015E+01 0.3000E+02 0.1267E+01 0.8000E+01                      1396500200147 
 0.1015E+01 0.4570E+02 0.7771E+00 0.8000E+01                      1396500200148 
 0.1015E+01 0.6100E+02 0.4117E+00 0.8000E+01                      1396500200149 
 0.1015E+01 0.7600E+02 0.2195E+00 0.8000E+01                      1396500200150 
 0.1015E+01 0.9500E+02 0.1521E+00 0.8000E+01                      1396500200151 
 0.1015E+01 0.1110E+03 0.1647E+00 0.8000E+01                      1396500200152 
 0.1015E+01 0.1260E+03 0.1817E+00 0.8000E+01                      1396500200153 
 0.1015E+01 0.1500E+03 0.1796E+00 0.8000E+01                      1396500200154 
 0.1068E+01 0.2000E+02 0.1622E+01 0.8000E+01                      1396500200155 
 0.1068E+01 0.3000E+02 0.1312E+01 0.8000E+01                      1396500200156 
 0.1068E+01 0.4500E+02 0.8107E+00 0.8000E+01                      1396500200157 
 0.1068E+01 0.6000E+02 0.4228E+00 0.8000E+01                      1396500200158 
 0.1068E+01 0.7500E+02 0.2198E+00 0.8000E+01                      1396500200159 
 0.1068E+01 0.9000E+02 0.1640E+00 0.8000E+01                      1396500200160 
 0.1068E+01 0.1050E+03 0.1738E+00 0.8000E+01                      1396500200161 
 0.1068E+01 0.1200E+03 0.1879E+00 0.8000E+01                      1396500200162 
 0.1068E+01 0.1350E+03 0.1870E+00 0.8000E+01                      1396500200163 
 0.1068E+01 0.1500E+03 0.1774E+00 0.8000E+01                      1396500200164 
 0.1110E+01 0.2000E+02 0.1661E+01 0.8000E+01                      1396500200165 
 0.1110E+01 0.3000E+02 0.1323E+01 0.8000E+01                      1396500200166 
 0.1110E+01 0.4500E+02 0.7948E+00 0.8000E+01                      1396500200167 
 0.1110E+01 0.6000E+02 0.4022E+00 0.8000E+01                      1396500200168 
 0.1110E+01 0.7500E+02 0.2008E+00 0.8000E+01                      1396500200169 
 0.1110E+01 0.9000E+02 0.1396E+00 0.8000E+01                      1396500200170 
 0.1110E+01 0.1050E+03 0.1393E+00 0.8000E+01                      1396500200171 
 0.1110E+01 0.1200E+03 0.1456E+00 0.8000E+01                      1396500200172 
 0.1110E+01 0.1350E+03 0.1415E+00 0.8000E+01                      1396500200173 
 0.1110E+01 0.1500E+03 0.1327E+00 0.8000E+01                      1396500200174 
 0.1163E+01 0.2000E+02 0.1789E+01 0.7000E+01                      1396500200175 
 0.1163E+01 0.3000E+02 0.1402E+01 0.7000E+01                      1396500200176 
 0.1163E+01 0.4500E+02 0.8076E+00 0.7000E+01                      1396500200177 
 0.1163E+01 0.6000E+02 0.3849E+00 0.7000E+01                      1396500200178 
 0.1163E+01 0.7500E+02 0.1902E+00 0.7000E+01                      1396500200179 
 0.1163E+01 0.9000E+02 0.1488E+00 0.7000E+01                      1396500200180 
 0.1163E+01 0.1050E+03 0.1583E+00 0.7000E+01                      1396500200181 
 0.1163E+01 0.1200E+03 0.1603E+00 0.7000E+01                      1396500200182 
 0.1163E+01 0.1350E+03 0.1501E+00 0.7000E+01                      1396500200183 
 0.1163E+01 0.1500E+03 0.1456E+00 0.7000E+01                      1396500200184 
 0.1213E+01 0.2000E+02 0.1788E+01 0.8000E+01                      1396500200185 
 0.1213E+01 0.3000E+02 0.1412E+01 0.8000E+01                      1396500200186 
 0.1213E+01 0.4500E+02 0.8223E+00 0.8000E+01                      1396500200187 
 0.1213E+01 0.6000E+02 0.3861E+00 0.8000E+01                      1396500200188 
 0.1213E+01 0.7500E+02 0.1764E+00 0.8000E+01                      1396500200189 
 0.1213E+01 0.9000E+02 0.1350E+00 0.8000E+01                      1396500200190 
 0.1213E+01 0.1050E+03 0.1593E+00 0.8000E+01                      1396500200191 
 0.1213E+01 0.1200E+03 0.1747E+00 0.8000E+01                      1396500200192 
 0.1213E+01 0.1350E+03 0.1581E+00 0.8000E+01                      1396500200193 
 0.1213E+01 0.1500E+03 0.1224E+00 0.8000E+01                      1396500200194 
 0.1261E+01 0.2000E+02 0.1807E+01 0.7000E+01                      1396500200195 
 0.1261E+01 0.3000E+02 0.1409E+01 0.7000E+01                      1396500200196 
 0.1261E+01 0.4500E+02 0.8056E+00 0.7000E+01                      1396500200197 
 0.1261E+01 0.6000E+02 0.3736E+00 0.7000E+01                      1396500200198 
 0.1261E+01 0.7500E+02 0.1630E+00 0.7000E+01                      1396500200199 
 0.1261E+01 0.9000E+02 0.1143E+00 0.7000E+01                      1396500200200 
 0.1261E+01 0.1050E+03 0.1376E+00 0.7000E+01                      1396500200201 
 0.1261E+01 0.1200E+03 0.1576E+00 0.7000E+01                      1396500200202 
 0.1261E+01 0.1350E+03 0.1468E+00 0.7000E+01                      1396500200203 
 0.1261E+01 0.1500E+03 0.1262E+00 0.7000E+01                      1396500200204 
 0.1309E+01 0.2000E+02 0.1816E+01 0.8000E+01                      1396500200205 
 0.1309E+01 0.3000E+02 0.1409E+01 0.8000E+01                      1396500200206 
 0.1309E+01 0.4500E+02 0.8056E+00 0.8000E+01                      1396500200207 
 0.1309E+01 0.6000E+02 0.3827E+00 0.8000E+01                      1396500200208 
 0.1309E+01 0.7500E+02 0.1730E+00 0.8000E+01                      1396500200209 
 0.1309E+01 0.9000E+02 0.1204E+00 0.8000E+01                      1396500200210 
 0.1309E+01 0.1050E+03 0.1478E+00 0.8000E+01                      1396500200211 
 0.1309E+01 0.1200E+03 0.1773E+00 0.8000E+01                      1396500200212 
 0.1309E+01 0.1350E+03 0.1691E+00 0.8000E+01                      1396500200213 
 0.1309E+01 0.1500E+03 0.1452E+00 0.8000E+01                      1396500200214 
 0.1359E+01 0.2000E+02 0.1718E+01 0.7000E+01                      1396500200215 
 0.1359E+01 0.3000E+02 0.1321E+01 0.7000E+01                      1396500200216 
 0.1359E+01 0.4500E+02 0.7288E+00 0.7000E+01                      1396500200217 
 0.1359E+01 0.6000E+02 0.3211E+00 0.7000E+01                      1396500200218 
 0.1359E+01 0.7500E+02 0.1337E+00 0.7000E+01                      1396500200219 
 0.1359E+01 0.9000E+02 0.9407E-01 0.7000E+01                      1396500200220 
 0.1359E+01 0.1050E+03 0.1160E+00 0.7000E+01                      1396500200221 
 0.1359E+01 0.1200E+03 0.1382E+00 0.7000E+01                      1396500200222 
 0.1359E+01 0.1350E+03 0.1363E+00 0.7000E+01                      1396500200223 
 0.1359E+01 0.1500E+03 0.1209E+00 0.7000E+01                      1396500200224 
 0.1415E+01 0.2000E+02 0.1919E+01 0.1500E+02                      1396500200225 
 0.1415E+01 0.3000E+02 0.1476E+01 0.1500E+02                      1396500200226 
 0.1415E+01 0.4500E+02 0.8216E+00 0.1500E+02                      1396500200227 
 0.1415E+01 0.6000E+02 0.3694E+00 0.1500E+02                      1396500200228 
 0.1415E+01 0.7500E+02 0.1535E+00 0.1500E+02                      1396500200229 
 0.1415E+01 0.9000E+02 0.1054E+00 0.1500E+02                      1396500200230 
 0.1415E+01 0.1050E+03 0.1387E+00 0.1500E+02                      1396500200231 
 0.1415E+01 0.1200E+03 0.1723E+00 0.1500E+02                      1396500200232 
 0.1415E+01 0.1350E+03 0.1601E+00 0.1500E+02                      1396500200233 
 0.1415E+01 0.1500E+03 0.1168E+00 0.1500E+02                      1396500200234 
 0.1465E+01 0.2000E+02 0.2030E+01 0.1500E+02                      1396500200235 
 0.1465E+01 0.3000E+02 0.1489E+01 0.1500E+02                      1396500200236 
 0.1465E+01 0.4500E+02 0.7707E+00 0.1500E+02                      1396500200237 
 0.1465E+01 0.6000E+02 0.3550E+00 0.1500E+02                      1396500200238 
 0.1465E+01 0.7500E+02 0.1623E+00 0.1500E+02                      1396500200239 
 0.1465E+01 0.9000E+02 0.1147E+00 0.1500E+02                      1396500200240 
 0.1465E+01 0.1050E+03 0.1387E+00 0.1500E+02                      1396500200241 
 0.1465E+01 0.1200E+03 0.1649E+00 0.1500E+02                      1396500200242 
 0.1465E+01 0.1350E+03 0.1403E+00 0.1500E+02                      1396500200243 
 0.1465E+01 0.1450E+03 0.1199E+00 0.1500E+02                      1396500200244 
 0.4510E+01 0.1737E+02 0.3386E+01 0.3021E+01                      1396500200245 
 0.4510E+01 0.2132E+02 0.2989E+01 0.3022E+01                      1396500200246 
 0.4510E+01 0.2528E+02 0.2099E+01 0.3024E+01                      1396500200247 
 0.4510E+01 0.2727E+02 0.1560E+01 0.3027E+01                      1396500200248 
 0.4510E+01 0.2925E+02 0.1377E+01 0.3032E+01                      1396500200249 
 0.4510E+01 0.3124E+02 0.1186E+01 0.3033E+01                      1396500200250 
 0.4510E+01 0.3522E+02 0.7337E+00 0.3049E+01                      1396500200251 
 0.4510E+01 0.3920E+02 0.4429E+00 0.3066E+01                      1396500200252 
 0.4510E+01 0.4269E+02 0.3025E+00 0.3085E+01                      1396500200253 
 0.4510E+01 0.4668E+02 0.2185E+00 0.3124E+01                      1396500200254 
 0.4510E+01 0.5067E+02 0.1744E+00 0.3140E+01                      1396500200255 
 0.4510E+01 0.5466E+02 0.1401E+00 0.3152E+01                      1396500200256 
 0.4510E+01 0.5815E+02 0.1279E+00 0.3164E+01                      1396500200257 
 0.4510E+01 0.6214E+02 0.1069E+00 0.3197E+01                      1396500200258 
 0.4510E+01 0.6614E+02 0.8634E-01 0.3223E+01                      1396500200259 
 0.4510E+01 0.7013E+02 0.6881E-01 0.3350E+01                      1396500200260 
 0.4510E+01 0.7362E+02 0.6460E-01 0.3554E+01                      1396500200261 
 0.4510E+01 0.7762E+02 0.6781E-01 0.3469E+01                      1396500200262 
 0.4510E+01 0.8161E+02 0.7611E-01 0.3274E+01                      1396500200263 
 0.4510E+01 0.8561E+02 0.8695E-01 0.3212E+01                      1396500200264 
 0.4510E+01 0.8910E+02 0.1019E+00 0.3186E+01                      1396500200265 
 0.4510E+01 0.9309E+02 0.1120E+00 0.3178E+01                      1396500200266 
 0.4510E+01 0.9709E+02 0.1180E+00 0.3175E+01                      1396500200267 
 0.4510E+01 0.1011E+03 0.1104E+00 0.3185E+01                      1396500200268 
 0.4510E+01 0.1051E+03 0.9559E-01 0.3204E+01                      1396500200269 
 0.4510E+01 0.1091E+03 0.8004E-01 0.3263E+01                      1396500200270 
 0.4510E+01 0.1131E+03 0.6291E-01 0.3956E+01                      1396500200271 
 0.4510E+01 0.1171E+03 0.4254E-01 0.5344E+01                      1396500200272 
 0.4510E+01 0.1200E+03 0.3372E-01 0.6286E+01                      1396500200273 
 0.4510E+01 0.1240E+03 0.2545E-01 0.7721E+01                      1396500200274 
 0.4510E+01 0.1280E+03 0.2718E-01 0.7347E+01                      1396500200275 
 0.4510E+01 0.1320E+03 0.3096E-01 0.6878E+01                      1396500200276 
 0.4510E+01 0.1355E+03 0.3567E-01 0.6451E+01                      1396500200277 
 0.4510E+01 0.1395E+03 0.4436E-01 0.5636E+01                      1396500200278 
 0.4510E+01 0.1435E+03 0.4978E-01 0.5209E+01                      1396500200279 
 0.4510E+01 0.1455E+03 0.4902E-01 0.5308E+01                      1396500200280 
 0.4510E+01 0.1475E+03 0.5304E-01 0.5012E+01                      1396500200281 
 0.4510E+01 0.1495E+03 0.5159E-01 0.5164E+01                      1396500200282 
 0.4510E+01 0.1534E+03 0.4663E-01 0.5519E+01                      1396500200283 
 0.4510E+01 0.1574E+03 0.4208E-01 0.6147E+01                      1396500200284 
 0.5010E+01 0.1737E+02 0.3732E+01 0.3020E+01                      1396500200285 
 0.5010E+01 0.2132E+02 0.2802E+01 0.3021E+01                      1396500200286 
 0.5010E+01 0.2528E+02 0.2066E+01 0.3024E+01                      1396500200287 
 0.5010E+01 0.2727E+02 0.1602E+01 0.3028E+01                      1396500200288 
 0.5010E+01 0.2925E+02 0.1264E+01 0.3033E+01                      1396500200289 
 0.5010E+01 0.3124E+02 0.1020E+01 0.3035E+01                      1396500200290 
 0.5010E+01 0.3522E+02 0.6645E+00 0.3055E+01                      1396500200291 
 0.5010E+01 0.3920E+02 0.3758E+00 0.3074E+01                      1396500200292 
 0.5010E+01 0.4269E+02 0.2578E+00 0.3096E+01                      1396500200293 
 0.5010E+01 0.4668E+02 0.1954E+00 0.3128E+01                      1396500200294 
 0.5010E+01 0.5067E+02 0.1722E+00 0.3139E+01                      1396500200295 
 0.5010E+01 0.5466E+02 0.1594E+00 0.3145E+01                      1396500200296 
 0.5010E+01 0.5815E+02 0.1400E+00 0.3153E+01                      1396500200297 
 0.5010E+01 0.6214E+02 0.1145E+00 0.3189E+01                      1396500200298 
 0.5010E+01 0.6614E+02 0.8639E-01 0.3219E+01                      1396500200299 
 0.5010E+01 0.7013E+02 0.6905E-01 0.3304E+01                      1396500200300 
 0.5010E+01 0.7362E+02 0.5865E-01 0.3731E+01                      1396500200301 
 0.5010E+01 0.7762E+02 0.5684E-01 0.3942E+01                      1396500200302 
 0.5010E+01 0.8161E+02 0.6577E-01 0.3631E+01                      1396500200303 
 0.5010E+01 0.8561E+02 0.8583E-01 0.3219E+01                      1396500200304 
 0.5010E+01 0.8910E+02 0.9859E-01 0.3194E+01                      1396500200305 
 0.5010E+01 0.9309E+02 0.1115E+00 0.3178E+01                      1396500200306 
 0.5010E+01 0.9709E+02 0.1151E+00 0.3177E+01                      1396500200307 
 0.5010E+01 0.1011E+03 0.1100E+00 0.3186E+01                      1396500200308 
 0.5010E+01 0.1051E+03 0.9955E-01 0.3202E+01                      1396500200309 
 0.5010E+01 0.1091E+03 0.8218E-01 0.3237E+01                      1396500200310 
 0.5010E+01 0.1131E+03 0.5807E-01 0.4200E+01                      1396500200311 
 0.5010E+01 0.1171E+03 0.3913E-01 0.5619E+01                      1396500200312 
 0.5010E+01 0.1200E+03 0.2706E-01 0.7314E+01                      1396500200313 
 0.5010E+01 0.1240E+03 0.2029E-01 0.8741E+01                      1396500200314 
 0.5010E+01 0.1280E+03 0.2216E-01 0.8298E+01                      1396500200315 
 0.5010E+01 0.1320E+03 0.2958E-01 0.7068E+01                      1396500200316 
 0.5010E+01 0.1355E+03 0.3926E-01 0.5972E+01                      1396500200317 
 0.5010E+01 0.1395E+03 0.5006E-01 0.5076E+01                      1396500200318 
 0.5010E+01 0.1435E+03 0.5710E-01 0.4720E+01                      1396500200319 
 0.5010E+01 0.1455E+03 0.6135E-01 0.4476E+01                      1396500200320 
 0.5010E+01 0.1475E+03 0.5955E-01 0.4603E+01                      1396500200321 
 0.5010E+01 0.1495E+03 0.5732E-01 0.4745E+01                      1396500200322 
 0.5010E+01 0.1534E+03 0.4859E-01 0.5362E+01                      1396500200323 
 0.5010E+01 0.1574E+03 0.4072E-01 0.6209E+01                      1396500200324 
 0.5510E+01 0.1737E+02 0.3479E+01 0.3021E+01                      1396500200325 
 0.5510E+01 0.2132E+02 0.2476E+01 0.3023E+01                      1396500200326 
 0.5510E+01 0.2528E+02 0.1620E+01 0.3028E+01                      1396500200327 
 0.5510E+01 0.2727E+02 0.1270E+01 0.3034E+01                      1396500200328 
 0.5510E+01 0.2925E+02 0.9315E+00 0.3043E+01                      1396500200329 
 0.5510E+01 0.3124E+02 0.7730E+00 0.3045E+01                      1396500200330 
 0.5510E+01 0.3522E+02 0.4417E+00 0.3074E+01                      1396500200331 
 0.5510E+01 0.3920E+02 0.2779E+00 0.3096E+01                      1396500200332 
 0.5510E+01 0.4269E+02 0.2313E+00 0.3113E+01                      1396500200333 
 0.5510E+01 0.4668E+02 0.2005E+00 0.3130E+01                      1396500200334 
 0.5510E+01 0.5067E+02 0.1874E+00 0.3132E+01                      1396500200335 
 0.5510E+01 0.5466E+02 0.1702E+00 0.3137E+01                      1396500200336 
 0.5510E+01 0.5815E+02 0.1485E+00 0.3152E+01                      1396500200337 
 0.5510E+01 0.6214E+02 0.1134E+00 0.3185E+01                      1396500200338 
 0.5510E+01 0.6614E+02 0.8097E-01 0.3225E+01                      1396500200339 
 0.5510E+01 0.7013E+02 0.6128E-01 0.3738E+01                      1396500200340 
 0.5510E+01 0.7362E+02 0.5927E-01 0.3869E+01                      1396500200341 
 0.5510E+01 0.7762E+02 0.5907E-01 0.3934E+01                      1396500200342 
 0.5510E+01 0.8161E+02 0.7181E-01 0.3478E+01                      1396500200343 
 0.5510E+01 0.8561E+02 0.8876E-01 0.3205E+01                      1396500200344 
 0.5510E+01 0.8910E+02 0.1013E+00 0.3189E+01                      1396500200345 
 0.5510E+01 0.9309E+02 0.1127E+00 0.3175E+01                      1396500200346 
 0.5510E+01 0.9709E+02 0.1114E+00 0.3174E+01                      1396500200347 
 0.5510E+01 0.1011E+03 0.1011E+00 0.3196E+01                      1396500200348 
 0.5510E+01 0.1051E+03 0.8619E-01 0.3223E+01                      1396500200349 
 0.5510E+01 0.1091E+03 0.6747E-01 0.3762E+01                      1396500200350 
 0.5510E+01 0.1131E+03 0.4532E-01 0.5127E+01                      1396500200351 
 0.5510E+01 0.1171E+03 0.3109E-01 0.6880E+01                      1396500200352 
 0.5510E+01 0.1200E+03 0.2502E-01 0.7975E+01                      1396500200353 
 0.5510E+01 0.1240E+03 0.2135E-01 0.8970E+01                      1396500200354 
 0.5510E+01 0.1280E+03 0.2670E-01 0.7866E+01                      1396500200355 
 0.5510E+01 0.1320E+03 0.3803E-01 0.6183E+01                      1396500200356 
 0.5510E+01 0.1355E+03 0.4974E-01 0.5186E+01                      1396500200357 
 0.5510E+01 0.1395E+03 0.5820E-01 0.4641E+01                      1396500200358 
 0.5510E+01 0.1435E+03 0.6165E-01 0.4446E+01                      1396500200359 
 0.5510E+01 0.1455E+03 0.6248E-01 0.4393E+01                      1396500200360 
 0.5510E+01 0.1475E+03 0.5806E-01 0.4692E+01                      1396500200361 
 0.5510E+01 0.1495E+03 0.5660E-01 0.4817E+01                      1396500200362 
 0.5510E+01 0.1534E+03 0.4653E-01 0.5581E+01                      1396500200363 
 0.5510E+01 0.1574E+03 0.3197E-01 0.7312E+01                      1396500200364 
 0.5910E+01 0.1737E+02 0.3563E+01 0.3020E+01                      1396500200365 
 0.5910E+01 0.2132E+02 0.2482E+01 0.3023E+01                      1396500200366 
 0.5910E+01 0.2528E+02 0.1585E+01 0.3028E+01                      1396500200367 
 0.5910E+01 0.2727E+02 0.1236E+01 0.3034E+01                      1396500200368 
 0.5910E+01 0.2925E+02 0.9487E+00 0.3044E+01                      1396500200369 
 0.5910E+01 0.3124E+02 0.7237E+00 0.3047E+01                      1396500200370 
 0.5910E+01 0.3522E+02 0.4133E+00 0.3077E+01                      1396500200371 
 0.5910E+01 0.3920E+02 0.2704E+00 0.3100E+01                      1396500200372 
 0.5910E+01 0.4269E+02 0.2140E+00 0.3114E+01                      1396500200373 
 0.5910E+01 0.4668E+02 0.2060E+00 0.3125E+01                      1396500200374 
 0.5910E+01 0.5067E+02 0.2093E+00 0.3122E+01                      1396500200375 
 0.5910E+01 0.5466E+02 0.1930E+00 0.3125E+01                      1396500200376 
 0.5910E+01 0.5815E+02 0.1571E+00 0.3137E+01                      1396500200377 
 0.5910E+01 0.6214E+02 0.1208E+00 0.3178E+01                      1396500200378 
 0.5910E+01 0.6614E+02 0.8132E-01 0.3220E+01                      1396500200379 
 0.5910E+01 0.7013E+02 0.6150E-01 0.3648E+01                      1396500200380 
 0.5910E+01 0.7362E+02 0.5490E-01 0.3983E+01                      1396500200381 
 0.5910E+01 0.7762E+02 0.6003E-01 0.3855E+01                      1396500200382 
 0.5910E+01 0.8161E+02 0.7562E-01 0.3316E+01                      1396500200383 
 0.5910E+01 0.8561E+02 0.8756E-01 0.3204E+01                      1396500200384 
 0.5910E+01 0.8910E+02 0.1024E+00 0.3184E+01                      1396500200385 
 0.5910E+01 0.9309E+02 0.1088E+00 0.3180E+01                      1396500200386 
 0.5910E+01 0.9709E+02 0.1065E+00 0.3183E+01                      1396500200387 
 0.5910E+01 0.1011E+03 0.9502E-01 0.3204E+01                      1396500200388 
 0.5910E+01 0.1051E+03 0.8115E-01 0.3238E+01                      1396500200389 
 0.5910E+01 0.1091E+03 0.6617E-01 0.3802E+01                      1396500200390 
 0.5910E+01 0.1131E+03 0.4640E-01 0.5053E+01                      1396500200391 
 0.5910E+01 0.1171E+03 0.3252E-01 0.6594E+01                      1396500200392 
 0.5910E+01 0.1200E+03 0.2280E-01 0.8708E+01                      1396500200393 
 0.5910E+01 0.1240E+03 0.2151E-01 0.8821E+01                      1396500200394 
 0.5910E+01 0.1280E+03 0.2509E-01 0.8053E+01                      1396500200395 
 0.5910E+01 0.1320E+03 0.3559E-01 0.6437E+01                      1396500200396 
 0.5910E+01 0.1355E+03 0.4808E-01 0.5200E+01                      1396500200397 
 0.5910E+01 0.1395E+03 0.5756E-01 0.4635E+01                      1396500200398 
 0.5910E+01 0.1435E+03 0.6420E-01 0.4304E+01                      1396500200399 
 0.5910E+01 0.1455E+03 0.6082E-01 0.4453E+01                      1396500200400 
 0.5910E+01 0.1475E+03 0.6153E-01 0.4444E+01                      1396500200401 
 0.5910E+01 0.1495E+03 0.5760E-01 0.4736E+01                      1396500200402 
 0.5910E+01 0.1534E+03 0.4516E-01 0.5649E+01                      1396500200403 
 0.5910E+01 0.1574E+03 0.3265E-01 0.7299E+01                      1396500200404 
 0.6510E+01 0.1737E+02 0.3135E+01 0.3023E+01                      1396500200405 
 0.6510E+01 0.2132E+02 0.2086E+01 0.3027E+01                      1396500200406 
 0.6510E+01 0.2528E+02 0.1273E+01 0.3034E+01                      1396500200407 
 0.6510E+01 0.2727E+02 0.9255E+00 0.3043E+01                      1396500200408 
 0.6510E+01 0.2925E+02 0.7280E+00 0.3057E+01                      1396500200409 
 0.6510E+01 0.3124E+02 0.5023E+00 0.3062E+01                      1396500200410 
 0.6510E+01 0.3522E+02 0.2959E+00 0.3102E+01                      1396500200411 
 0.6510E+01 0.3920E+02 0.2253E+00 0.3118E+01                      1396500200412 
 0.6510E+01 0.4269E+02 0.2160E+00 0.3119E+01                      1396500200413 
 0.6510E+01 0.4668E+02 0.2335E+00 0.3116E+01                      1396500200414 
 0.6510E+01 0.5067E+02 0.2321E+00 0.3113E+01                      1396500200415 
 0.6510E+01 0.5466E+02 0.2003E+00 0.3119E+01                      1396500200416 
 0.6510E+01 0.5815E+02 0.1531E+00 0.3136E+01                      1396500200417 
 0.6510E+01 0.6214E+02 0.1101E+00 0.3188E+01                      1396500200418 
 0.6510E+01 0.6614E+02 0.7466E-01 0.3248E+01                      1396500200419 
 0.6510E+01 0.7013E+02 0.5646E-01 0.4042E+01                      1396500200420 
 0.6510E+01 0.7362E+02 0.5775E-01 0.4013E+01                      1396500200421 
 0.6510E+01 0.7762E+02 0.6832E-01 0.3642E+01                      1396500200422 
 0.6510E+01 0.8161E+02 0.8482E-01 0.3224E+01                      1396500200423 
 0.6510E+01 0.8561E+02 0.1003E+00 0.3186E+01                      1396500200424 
 0.6510E+01 0.8910E+02 0.1044E+00 0.3182E+01                      1396500200425 
 0.6510E+01 0.9309E+02 0.1040E+00 0.3185E+01                      1396500200426 
 0.6510E+01 0.9709E+02 0.9511E-01 0.3195E+01                      1396500200427 
 0.6510E+01 0.1011E+03 0.8017E-01 0.3346E+01                      1396500200428 
 0.6510E+01 0.1051E+03 0.6283E-01 0.4051E+01                      1396500200429 
 0.6510E+01 0.1091E+03 0.4938E-01 0.4906E+01                      1396500200430 
 0.6510E+01 0.1131E+03 0.3580E-01 0.6340E+01                      1396500200431 
 0.6510E+01 0.1171E+03 0.2724E-01 0.7864E+01                      1396500200432 
 0.6510E+01 0.1200E+03 0.2307E-01 0.9143E+01                      1396500200433 
 0.6510E+01 0.1240E+03 0.2443E-01 0.8707E+01                      1396500200434 
 0.6510E+01 0.1280E+03 0.3013E-01 0.7517E+01                      1396500200435 
 0.6510E+01 0.1320E+03 0.3857E-01 0.6351E+01                      1396500200436 
 0.6510E+01 0.1355E+03 0.4733E-01 0.5501E+01                      1396500200437 
 0.6510E+01 0.1395E+03 0.5529E-01 0.4866E+01                      1396500200438 
 0.6510E+01 0.1435E+03 0.5833E-01 0.4677E+01                      1396500200439 
 0.6510E+01 0.1455E+03 0.5531E-01 0.4885E+01                      1396500200440 
 0.6510E+01 0.1475E+03 0.5530E-01 0.4904E+01                      1396500200441 
 0.6510E+01 0.1495E+03 0.4894E-01 0.5441E+01                      1396500200442 
 0.6510E+01 0.1534E+03 0.3935E-01 0.6360E+01                      1396500200443 
 0.6510E+01 0.1574E+03 0.2680E-01 0.8395E+01                      1396500200444 
 0.7140E+01 0.1737E+02 0.3203E+01 0.3022E+01                      1396500200445 
 0.7140E+01 0.2132E+02 0.2087E+01 0.3027E+01                      1396500200446 
 0.7140E+01 0.2528E+02 0.1095E+01 0.3036E+01                      1396500200447 
 0.7140E+01 0.2727E+02 0.7930E+00 0.3050E+01                      1396500200448 
 0.7140E+01 0.2925E+02 0.5418E+00 0.3069E+01                      1396500200449 
 0.7140E+01 0.3124E+02 0.3896E+00 0.3076E+01                      1396500200450 
 0.7140E+01 0.3522E+02 0.2257E+00 0.3127E+01                      1396500200451 
 0.7140E+01 0.3920E+02 0.2191E+00 0.3128E+01                      1396500200452 
 0.7140E+01 0.4269E+02 0.2362E+00 0.3115E+01                      1396500200453 
 0.7140E+01 0.4668E+02 0.2695E+00 0.3099E+01                      1396500200454 
 0.7140E+01 0.5067E+02 0.2639E+00 0.3098E+01                      1396500200455 
 0.7140E+01 0.5466E+02 0.2123E+00 0.3109E+01                      1396500200456 
 0.7140E+01 0.5815E+02 0.1628E+00 0.3130E+01                      1396500200457 
 0.7140E+01 0.6214E+02 0.1030E+00 0.3199E+01                      1396500200458 
 0.7140E+01 0.6614E+02 0.6436E-01 0.3528E+01                      1396500200459 
 0.7140E+01 0.7013E+02 0.5455E-01 0.4055E+01                      1396500200460 
 0.7140E+01 0.7362E+02 0.6352E-01 0.3733E+01                      1396500200461 
 0.7140E+01 0.7762E+02 0.8394E-01 0.3225E+01                      1396500200462 
 0.7140E+01 0.8161E+02 0.1008E+00 0.3189E+01                      1396500200463 
 0.7140E+01 0.8561E+02 0.1128E+00 0.3172E+01                      1396500200464 
 0.7140E+01 0.8910E+02 0.1095E+00 0.3175E+01                      1396500200465 
 0.7140E+01 0.9309E+02 0.9925E-01 0.3190E+01                      1396500200466 
 0.7140E+01 0.9709E+02 0.8145E-01 0.3230E+01                      1396500200467 
 0.7140E+01 0.1011E+03 0.6309E-01 0.4000E+01                      1396500200468 
 0.7140E+01 0.1051E+03 0.5069E-01 0.4770E+01                      1396500200469 
 0.7140E+01 0.1091E+03 0.4037E-01 0.5741E+01                      1396500200470 
 0.7140E+01 0.1131E+03 0.3125E-01 0.7107E+01                      1396500200471 
 0.7140E+01 0.1171E+03 0.2847E-01 0.7601E+01                      1396500200472 
 0.7140E+01 0.1200E+03 0.2561E-01 0.8504E+01                      1396500200473 
 0.7140E+01 0.1240E+03 0.2839E-01 0.7771E+01                      1396500200474 
 0.7140E+01 0.1280E+03 0.3287E-01 0.7169E+01                      1396500200475 
 0.7140E+01 0.1320E+03 0.3806E-01 0.6408E+01                      1396500200476 
 0.7140E+01 0.1355E+03 0.4462E-01 0.5690E+01                      1396500200477 
 0.7140E+01 0.1395E+03 0.5169E-01 0.5123E+01                      1396500200478 
 0.7140E+01 0.1435E+03 0.5212E-01 0.5154E+01                      1396500200479 
 0.7140E+01 0.1455E+03 0.5079E-01 0.5254E+01                      1396500200480 
 0.7140E+01 0.1475E+03 0.4643E-01 0.5703E+01                      1396500200481 
 0.7140E+01 0.1495E+03 0.4324E-01 0.6078E+01                      1396500200482 
 0.7140E+01 0.1534E+03 0.3404E-01 0.7307E+01                      1396500200483 
 0.7140E+01 0.1574E+03 0.2248E-01 0.9892E+01                      1396500200484 
 0.7510E+01 0.1737E+02 0.3252E+01 0.4294E+00                      1396500200485 
 0.7510E+01 0.2132E+02 0.1961E+01 0.4967E+00                      1396500200486 
 0.7510E+01 0.2528E+02 0.1060E+01 0.5889E+00                      1396500200487 
 0.7510E+01 0.2727E+02 0.7036E+00 0.7394E+00                      1396500200488 
 0.7510E+01 0.2925E+02 0.4990E+00 0.8505E+00                      1396500200489 
 0.7510E+01 0.3124E+02 0.3341E+00 0.9822E+00                      1396500200490 
 0.7510E+01 0.3522E+02 0.2059E+00 0.1165E+01                      1396500200491 
 0.7510E+01 0.3920E+02 0.2149E+00 0.1097E+01                      1396500200492 
 0.7510E+01 0.4269E+02 0.2604E+00 0.1063E+01                      1396500200493 
 0.7510E+01 0.4668E+02 0.2935E+00 0.9775E+00                      1396500200494 
 0.7510E+01 0.5067E+02 0.2815E+00 0.9394E+00                      1396500200495 
 0.7510E+01 0.5466E+02 0.2238E+00 0.1010E+01                      1396500200496 
 0.7510E+01 0.5815E+02 0.1592E+00 0.1171E+01                      1396500200497 
 0.7510E+01 0.6214E+02 0.9868E-01 0.1453E+01                      1396500200498 
 0.7510E+01 0.6614E+02 0.6099E-01 0.1673E+01                      1396500200499 
 0.7510E+01 0.7013E+02 0.5285E-01 0.1791E+01                      1396500200500 
 0.7510E+01 0.7362E+02 0.6594E-01 0.1801E+01                      1396500200501 
 0.7510E+01 0.7762E+02 0.8593E-01 0.1597E+01                      1396500200502 
 0.7510E+01 0.8161E+02 0.1060E+00 0.1397E+01                      1396500200503 
 0.7510E+01 0.8561E+02 0.1147E+00 0.1346E+01                      1396500200504 
 0.7510E+01 0.8910E+02 0.1113E+00 0.1441E+01                      1396500200505 
 0.7510E+01 0.9309E+02 0.9538E-01 0.1526E+01                      1396500200506 
 0.7510E+01 0.9709E+02 0.7389E-01 0.1595E+01                      1396500200507 
 0.7510E+01 0.1011E+03 0.5558E-01 0.1866E+01                      1396500200508 
 0.7510E+01 0.1051E+03 0.4274E-01 0.2230E+01                      1396500200509 
 0.7510E+01 0.1091E+03 0.3336E-01 0.2504E+01                      1396500200510 
 0.7510E+01 0.1131E+03 0.3019E-01 0.2576E+01                      1396500200511 
 0.7510E+01 0.1171E+03 0.2879E-01 0.2671E+01                      1396500200512 
 0.7510E+01 0.1200E+03 0.2950E-01 0.3142E+01                      1396500200513 
 0.7510E+01 0.1240E+03 0.3061E-01 0.3062E+01                      1396500200514 
 0.7510E+01 0.1280E+03 0.3369E-01 0.2786E+01                      1396500200515 
 0.7510E+01 0.1320E+03 0.3732E-01 0.2744E+01                      1396500200516 
 0.7510E+01 0.1355E+03 0.4272E-01 0.2612E+01                      1396500200517 
 0.7510E+01 0.1395E+03 0.4394E-01 0.2563E+01                      1396500200518 
 0.7510E+01 0.1435E+03 0.4465E-01 0.2568E+01                      1396500200519 
 0.7510E+01 0.1455E+03 0.4305E-01 0.2769E+01                      1396500200520 
 0.7510E+01 0.1475E+03 0.4085E-01 0.2742E+01                      1396500200521 
 0.7510E+01 0.1495E+03 0.3724E-01 0.3115E+01                      1396500200522 
 0.7510E+01 0.1534E+03 0.3061E-01 0.3384E+01                      1396500200523 
 0.7510E+01 0.1574E+03 0.2186E-01 0.3971E+01                      1396500200524 
 0.8030E+01 0.1737E+02 0.3349E+01 0.3021E+01                      1396500200525 
 0.8030E+01 0.2132E+02 0.1886E+01 0.3028E+01                      1396500200526 
 0.8030E+01 0.2528E+02 0.9205E+00 0.3042E+01                      1396500200527 
 0.8030E+01 0.2727E+02 0.6043E+00 0.3061E+01                      1396500200528 
 0.8030E+01 0.2925E+02 0.3638E+00 0.3090E+01                      1396500200529 
 0.8030E+01 0.3124E+02 0.2558E+00 0.3103E+01                      1396500200530 
 0.8030E+01 0.3522E+02 0.1821E+00 0.3149E+01                      1396500200531 
 0.8030E+01 0.3920E+02 0.2285E+00 0.3122E+01                      1396500200532 
 0.8030E+01 0.4269E+02 0.2955E+00 0.3099E+01                      1396500200533 
 0.8030E+01 0.4668E+02 0.3250E+00 0.3083E+01                      1396500200534 
 0.8030E+01 0.5067E+02 0.3081E+00 0.3086E+01                      1396500200535 
 0.8030E+01 0.5466E+02 0.2317E+00 0.3099E+01                      1396500200536 
 0.8030E+01 0.5815E+02 0.1601E+00 0.3126E+01                      1396500200537 
 0.8030E+01 0.6214E+02 0.9253E-01 0.3205E+01                      1396500200538 
 0.8030E+01 0.6614E+02 0.5861E-01 0.3667E+01                      1396500200539 
 0.8030E+01 0.7013E+02 0.5242E-01 0.4121E+01                      1396500200540 
 0.8030E+01 0.7362E+02 0.7241E-01 0.3321E+01                      1396500200541 
 0.8030E+01 0.7762E+02 0.9700E-01 0.3196E+01                      1396500200542 
 0.8030E+01 0.8161E+02 0.1171E+00 0.3169E+01                      1396500200543 
 0.8030E+01 0.8561E+02 0.1148E+00 0.3164E+01                      1396500200544 
 0.8030E+01 0.8910E+02 0.1123E+00 0.3179E+01                      1396500200545 
 0.8030E+01 0.9309E+02 0.8913E-01 0.3210E+01                      1396500200546 
 0.8030E+01 0.9709E+02 0.6411E-01 0.3803E+01                      1396500200547 
 0.8030E+01 0.1011E+03 0.4541E-01 0.5142E+01                      1396500200548 
 0.8030E+01 0.1051E+03 0.3526E-01 0.6206E+01                      1396500200549 
 0.8030E+01 0.1091E+03 0.3006E-01 0.7132E+01                      1396500200550 
 0.8030E+01 0.1131E+03 0.2858E-01 0.7488E+01                      1396500200551 
 0.8030E+01 0.1171E+03 0.2957E-01 0.7616E+01                      1396500200552 
 0.8030E+01 0.1200E+03 0.3253E-01 0.7029E+01                      1396500200553 
 0.8030E+01 0.1240E+03 0.3363E-01 0.6930E+01                      1396500200554 
 0.8030E+01 0.1280E+03 0.3201E-01 0.7207E+01                      1396500200555 
 0.8030E+01 0.1320E+03 0.3331E-01 0.7183E+01                      1396500200556 
 0.8030E+01 0.1355E+03 0.3646E-01 0.6639E+01                      1396500200557 
 0.8030E+01 0.1395E+03 0.3681E-01 0.6609E+01                      1396500200558 
 0.8030E+01 0.1435E+03 0.3660E-01 0.6748E+01                      1396500200559 
 0.8030E+01 0.1455E+03 0.3655E-01 0.6787E+01                      1396500200560 
 0.8030E+01 0.1475E+03 0.3115E-01 0.7657E+01                      1396500200561 
 0.8030E+01 0.1495E+03 0.2912E-01 0.7861E+01                      1396500200562 
 0.8030E+01 0.1534E+03 0.2050E-01 0.9854E+01                      1396500200563 
 0.8030E+01 0.1574E+03 0.1675E-01 0.1130E+02                      1396500200564 
 0.8410E+01 0.1747E+02 0.2872E+01 0.3025E+01                      1396500200565 
 0.8410E+01 0.2142E+02 0.1655E+01 0.3032E+01                      1396500200566 
 0.8410E+01 0.2538E+02 0.8047E+00 0.3047E+01                      1396500200567 
 0.8410E+01 0.2736E+02 0.4854E+00 0.3070E+01                      1396500200568 
 0.8410E+01 0.2935E+02 0.3437E+00 0.3104E+01                      1396500200569 
 0.8410E+01 0.3134E+02 0.2123E+00 0.3119E+01                      1396500200570 
 0.8410E+01 0.3532E+02 0.1492E+00 0.3169E+01                      1396500200571 
 0.8410E+01 0.3930E+02 0.2168E+00 0.3134E+01                      1396500200572 
 0.8410E+01 0.4279E+02 0.2839E+00 0.3106E+01                      1396500200573 
 0.8410E+01 0.4678E+02 0.3177E+00 0.3086E+01                      1396500200574 
 0.8410E+01 0.5077E+02 0.2926E+00 0.3089E+01                      1396500200575 
 0.8410E+01 0.5476E+02 0.2175E+00 0.3103E+01                      1396500200576 
 0.8410E+01 0.5825E+02 0.1478E+00 0.3133E+01                      1396500200577 
 0.8410E+01 0.6224E+02 0.8745E-01 0.3222E+01                      1396500200578 
 0.8410E+01 0.6624E+02 0.5857E-01 0.3291E+01                      1396500200579 
 0.8410E+01 0.7023E+02 0.5533E-01 0.3305E+01                      1396500200580 
 0.8410E+01 0.7372E+02 0.6854E-01 0.3254E+01                      1396500200581 
 0.8410E+01 0.7772E+02 0.9233E-01 0.3207E+01                      1396500200582 
 0.8410E+01 0.8171E+02 0.1063E+00 0.3188E+01                      1396500200583 
 0.8410E+01 0.8571E+02 0.1041E+00 0.3191E+01                      1396500200584 
 0.8410E+01 0.8920E+02 0.9118E-01 0.3211E+01                      1396500200585 
 0.8410E+01 0.9319E+02 0.7239E-01 0.3252E+01                      1396500200586 
 0.8410E+01 0.9719E+02 0.5376E-01 0.3474E+01                      1396500200587 
 0.8410E+01 0.1012E+03 0.3713E-01 0.4770E+01                      1396500200588 
 0.8410E+01 0.1052E+03 0.2762E-01 0.6072E+01                      1396500200589 
 0.8410E+01 0.1092E+03 0.2595E-01 0.6404E+01                      1396500200590 
 0.8410E+01 0.1132E+03 0.2755E-01 0.6273E+01                      1396500200591 
 0.8410E+01 0.1172E+03 0.2900E-01 0.5994E+01                      1396500200592 
 0.8410E+01 0.1201E+03 0.2650E-01 0.6641E+01                      1396500200593 
 0.8410E+01 0.1241E+03 0.2795E-01 0.6365E+01                      1396500200594 
 0.8410E+01 0.1281E+03 0.2611E-01 0.6864E+01                      1396500200595 
 0.8410E+01 0.1321E+03 0.2566E-01 0.7005E+01                      1396500200596 
 0.8410E+01 0.1356E+03 0.3009E-01 0.6202E+01                      1396500200597 
 0.8410E+01 0.1396E+03 0.2876E-01 0.6523E+01                      1396500200598 
 0.8410E+01 0.1436E+03 0.2737E-01 0.6761E+01                      1396500200599 
 0.8410E+01 0.1456E+03 0.2751E-01 0.6819E+01                      1396500200600 
 0.8410E+01 0.1476E+03 0.2639E-01 0.7126E+01                      1396500200601 
 0.8410E+01 0.1496E+03 0.2651E-01 0.7175E+01                      1396500200602 
 0.8410E+01 0.1535E+03 0.2178E-01 0.8413E+01                      1396500200603 
 0.8410E+01 0.1575E+03 0.1901E-01 0.9176E+01                      1396500200604 
 0.9060E+01 0.1737E+02 0.3040E+01 0.3024E+01                      1396500200605 
 0.9060E+01 0.2132E+02 0.1689E+01 0.3032E+01                      1396500200606 
 0.9060E+01 0.2528E+02 0.7345E+00 0.3050E+01                      1396500200607 
 0.9060E+01 0.2727E+02 0.4096E+00 0.3079E+01                      1396500200608 
 0.9060E+01 0.2925E+02 0.2485E+00 0.3118E+01                      1396500200609 
 0.9060E+01 0.3124E+02 0.1781E+00 0.3140E+01                      1396500200610 
 0.9060E+01 0.3522E+02 0.1698E+00 0.3160E+01                      1396500200611 
 0.9060E+01 0.3920E+02 0.2715E+00 0.3111E+01                      1396500200612 
 0.9060E+01 0.4269E+02 0.3571E+00 0.3086E+01                      1396500200613 
 0.9060E+01 0.4668E+02 0.3811E+00 0.3073E+01                      1396500200614 
 0.9060E+01 0.5067E+02 0.3325E+00 0.3080E+01                      1396500200615 
 0.9060E+01 0.5466E+02 0.2226E+00 0.3098E+01                      1396500200616 
 0.9060E+01 0.5815E+02 0.1362E+00 0.3135E+01                      1396500200617 
 0.9060E+01 0.6214E+02 0.7880E-01 0.3240E+01                      1396500200618 
 0.9060E+01 0.6614E+02 0.5414E-01 0.3997E+01                      1396500200619 
 0.9060E+01 0.7013E+02 0.5784E-01 0.4000E+01                      1396500200620 
 0.9060E+01 0.7362E+02 0.8498E-01 0.3217E+01                      1396500200621 
 0.9060E+01 0.7762E+02 0.1066E+00 0.3184E+01                      1396500200622 
 0.9060E+01 0.8161E+02 0.1162E+00 0.3170E+01                      1396500200623 
 0.9060E+01 0.8561E+02 0.1073E+00 0.3182E+01                      1396500200624 
 0.9060E+01 0.8910E+02 0.9226E-01 0.3210E+01                      1396500200625 
 0.9060E+01 0.9309E+02 0.6667E-01 0.3796E+01                      1396500200626 
 0.9060E+01 0.9709E+02 0.4620E-01 0.5135E+01                      1396500200627 
 0.9060E+01 0.1011E+03 0.3024E-01 0.7270E+01                      1396500200628 
 0.9060E+01 0.1051E+03 0.2363E-01 0.8959E+01                      1396500200629 
 0.9060E+01 0.1091E+03 0.2581E-01 0.8438E+01                      1396500200630 
 0.9060E+01 0.1131E+03 0.2984E-01 0.7793E+01                      1396500200631 
 0.9060E+01 0.1171E+03 0.3340E-01 0.7213E+01                      1396500200632 
 0.9060E+01 0.1200E+03 0.3569E-01 0.6940E+01                      1396500200633 
 0.9060E+01 0.1240E+03 0.3408E-01 0.7167E+01                      1396500200634 
 0.9060E+01 0.1280E+03 0.2780E-01 0.8496E+01                      1396500200635 
 0.9060E+01 0.1320E+03 0.2513E-01 0.9300E+01                      1396500200636 
 0.9060E+01 0.1355E+03 0.2390E-01 0.9815E+01                      1396500200637 
 0.9060E+01 0.1395E+03 0.2337E-01 0.1007E+02                      1396500200638 
 0.9060E+01 0.1435E+03 0.2185E-01 0.1066E+02                      1396500200639 
 0.9060E+01 0.1455E+03 0.2087E-01 0.1102E+02                      1396500200640 
 0.9060E+01 0.1475E+03 0.2061E-01 0.1117E+02                      1396500200641 
 0.9060E+01 0.1495E+03 0.2077E-01 0.1119E+02                      1396500200642 
 0.9060E+01 0.1534E+03 0.2161E-01 0.1074E+02                      1396500200643 
 0.9060E+01 0.1574E+03 0.1929E-01 0.1154E+02                      1396500200644 
 0.9510E+01 0.1737E+02 0.2803E+01 0.3026E+01                      1396500200645 
 0.9510E+01 0.2132E+02 0.1398E+01 0.3037E+01                      1396500200646 
 0.9510E+01 0.2528E+02 0.5251E+00 0.3062E+01                      1396500200647 
 0.9510E+01 0.2727E+02 0.3303E+00 0.3100E+01                      1396500200648 
 0.9510E+01 0.2925E+02 0.2058E+00 0.3147E+01                      1396500200649 
 0.9510E+01 0.3124E+02 0.1470E+00 0.3162E+01                      1396500200650 
 0.9510E+01 0.3522E+02 0.1931E+00 0.3146E+01                      1396500200651 
 0.9510E+01 0.3920E+02 0.3206E+00 0.3100E+01                      1396500200652 
 0.9510E+01 0.4269E+02 0.3816E+00 0.3082E+01                      1396500200653 
 0.9510E+01 0.4668E+02 0.3768E+00 0.3076E+01                      1396500200654 
 0.9510E+01 0.5067E+02 0.2979E+00 0.3087E+01                      1396500200655 
 0.9510E+01 0.5466E+02 0.2086E+00 0.3111E+01                      1396500200656 
 0.9510E+01 0.5815E+02 0.1195E+00 0.3154E+01                      1396500200657 
 0.9510E+01 0.6214E+02 0.6612E-01 0.3538E+01                      1396500200658 
 0.9510E+01 0.6614E+02 0.5222E-01 0.4364E+01                      1396500200659 
 0.9510E+01 0.7013E+02 0.6321E-01 0.3889E+01                      1396500200660 
 0.9510E+01 0.7362E+02 0.8808E-01 0.3219E+01                      1396500200661 
 0.9510E+01 0.7762E+02 0.1068E+00 0.3190E+01                      1396500200662 
 0.9510E+01 0.8161E+02 0.1047E+00 0.3184E+01                      1396500200663 
 0.9510E+01 0.8561E+02 0.9800E-01 0.3208E+01                      1396500200664 
 0.9510E+01 0.8910E+02 0.7787E-01 0.3445E+01                      1396500200665 
 0.9510E+01 0.9309E+02 0.5309E-01 0.4655E+01                      1396500200666 
 0.9510E+01 0.9709E+02 0.3289E-01 0.6900E+01                      1396500200667 
 0.9510E+01 0.1011E+03 0.2310E-01 0.9278E+01                      1396500200668 
 0.9510E+01 0.1051E+03 0.2089E-01 0.1031E+02                      1396500200669 
 0.9510E+01 0.1091E+03 0.2292E-01 0.9997E+01                      1396500200670 
 0.9510E+01 0.1131E+03 0.2924E-01 0.8256E+01                      1396500200671 
 0.9510E+01 0.1171E+03 0.3568E-01 0.7171E+01                      1396500200672 
 0.9510E+01 0.1200E+03 0.3481E-01 0.7280E+01                      1396500200673 
 0.9510E+01 0.1240E+03 0.3113E-01 0.8126E+01                      1396500200674 
 0.9510E+01 0.1280E+03 0.2558E-01 0.9461E+01                      1396500200675 
 0.9510E+01 0.1320E+03 0.2117E-01 0.1116E+02                      1396500200676 
 0.9510E+01 0.1355E+03 0.1897E-01 0.1194E+02                      1396500200677 
 0.9510E+01 0.1395E+03 0.1673E-01 0.1347E+02                      1396500200678 
 0.9510E+01 0.1435E+03 0.1687E-01 0.1374E+02                      1396500200679 
 0.9510E+01 0.1455E+03 0.1743E-01 0.1330E+02                      1396500200680 
 0.9510E+01 0.1475E+03 0.1785E-01 0.1296E+02                      1396500200681 
 0.9510E+01 0.1495E+03 0.1765E-01 0.1307E+02                      1396500200682 
 0.9510E+01 0.1534E+03 0.1622E-01 0.1390E+02                      1396500200683 
 0.9510E+01 0.1574E+03 0.1822E-01 0.1274E+02                      1396500200684 
 0.9990E+01 0.1737E+02 0.3083E+01 0.3024E+01                      1396500200685 
 0.9990E+01 0.2132E+02 0.1494E+01 0.3034E+01                      1396500200686 
 0.9990E+01 0.2528E+02 0.5922E+00 0.3060E+01                      1396500200687 
 0.9990E+01 0.2727E+02 0.3120E+00 0.3099E+01                      1396500200688 
 0.9990E+01 0.2925E+02 0.1907E+00 0.3148E+01                      1396500200689 
 0.9990E+01 0.3124E+02 0.1438E+00 0.3167E+01                      1396500200690 
 0.9990E+01 0.3522E+02 0.2134E+00 0.3136E+01                      1396500200691 
 0.9990E+01 0.3920E+02 0.3440E+00 0.3091E+01                      1396500200692 
 0.9990E+01 0.4269E+02 0.4298E+00 0.3072E+01                      1396500200693 
 0.9990E+01 0.4668E+02 0.4045E+00 0.3071E+01                      1396500200694 
 0.9990E+01 0.5067E+02 0.3231E+00 0.3084E+01                      1396500200695 
 0.9990E+01 0.5466E+02 0.2001E+00 0.3113E+01                      1396500200696 
 0.9990E+01 0.5815E+02 0.1128E+00 0.3160E+01                      1396500200697 
 0.9990E+01 0.6214E+02 0.6711E-01 0.3374E+01                      1396500200698 
 0.9990E+01 0.6614E+02 0.5575E-01 0.4029E+01                      1396500200699 
 0.9990E+01 0.7013E+02 0.6699E-01 0.3714E+01                      1396500200700 
 0.9990E+01 0.7362E+02 0.9712E-01 0.3203E+01                      1396500200701 
 0.9990E+01 0.7762E+02 0.1075E+00 0.3189E+01                      1396500200702 
 0.9990E+01 0.8161E+02 0.1101E+00 0.3190E+01                      1396500200703 
 0.9990E+01 0.8561E+02 0.9208E-01 0.3216E+01                      1396500200704 
 0.9990E+01 0.8910E+02 0.7346E-01 0.3574E+01                      1396500200705 
 0.9990E+01 0.9309E+02 0.5068E-01 0.4846E+01                      1396500200706 
 0.9990E+01 0.9709E+02 0.3352E-01 0.6661E+01                      1396500200707 
 0.9990E+01 0.1011E+03 0.1985E-01 0.9893E+01                      1396500200708 
 0.9990E+01 0.1051E+03 0.1752E-01 0.1066E+02                      1396500200709 
 0.9990E+01 0.1091E+03 0.2185E-01 0.9264E+01                      1396500200710 
 0.9990E+01 0.1131E+03 0.3068E-01 0.7722E+01                      1396500200711 
 0.9990E+01 0.1171E+03 0.3599E-01 0.7138E+01                      1396500200712 
 0.9990E+01 0.1200E+03 0.3710E-01 0.6945E+01                      1396500200713 
 0.9990E+01 0.1240E+03 0.3054E-01 0.8170E+01                      1396500200714 
 0.9990E+01 0.1280E+03 0.2673E-01 0.8723E+01                      1396500200715 
 0.9990E+01 0.1320E+03 0.1744E-01 0.1180E+02                      1396500200716 
 0.9990E+01 0.1355E+03 0.1376E-01 0.1394E+02                      1396500200717 
 0.9990E+01 0.1395E+03 0.1426E-01 0.1434E+02                      1396500200718 
 0.9990E+01 0.1435E+03 0.1821E-01 0.1276E+02                      1396500200719 
 0.9990E+01 0.1455E+03 0.1874E-01 0.1288E+02                      1396500200720 
 0.9990E+01 0.1475E+03 0.2122E-01 0.1150E+02                      1396500200721 
 0.9990E+01 0.1495E+03 0.1937E-01 0.1235E+02                      1396500200722 
 0.9990E+01 0.1534E+03 0.1884E-01 0.1165E+02                      1396500200723 
 0.9990E+01 0.1574E+03 0.1551E-01 0.1282E+02                      1396500200724 
ENDDATA            716          0                                 1396500200725 
ENDSUBENT          724          0                                 1396500299999 
SUBENT        13965003   20050217                             13321396500300001 
BIB                  3          3                                 1396500300002 
REACTION   (73-TA-181(N,INL)73-TA-181,PAR,SIG)                    1396500300003 
ERR-ANALYS (DATA-ERR) No information                              1396500300004 
STATUS     Data received from A.B. Smith                          1396500300005 
ENDBIB               3          0                                 1396500300006 
NOCOMMON             0          0                                 1396500300007 
DATA                 4         30                                 1396500300008 
E-EXC-MEAN EN         DATA       DATA-ERR                         1396500300009 
MEV        MEV        B          B                                1396500300010 
0.139       0.4625E+00 0.1036E+01 0.1794E+00                      1396500300011 
0.139       0.5385E+00 0.1023E+01 0.1415E+00                      1396500300012 
0.139       0.6469E+00 0.8802E+00 0.1185E+00                      1396500300013 
0.139       0.7604E+00 0.8909E+00 0.1220E+00                      1396500300014 
0.139       0.8664E+00 0.9038E+00 0.1253E+00                      1396500300015 
0.139       0.9637E+00 0.8675E+00 0.1203E+00                      1396500300016 
0.139       0.1061E+01 0.7530E+00 0.1039E+00                      1396500300017 
0.139       0.1164E+01 0.8421E+00 0.1179E+00                      1396500300018 
0.139       0.1258E+01 0.8266E+00 0.1180E+00                      1396500300019 
0.139       0.1364E+01 0.8472E+00 0.1359E+00                      1396500300020 
0.139       0.1448E+01 0.6764E+00 0.1055E+00                      1396500300021 
0.139       0.1550E+01 0.5630E+00 0.1100E+00                      1396500300022 
0.316       0.6333E+00 0.3686E+00 0.5666E-01                      1396500300023 
0.316       0.7500E+00 0.4512E+00 0.6266E-01                      1396500300024 
0.316       0.8151E+00 0.4719E+00 0.6871E-01                      1396500300025 
0.316       0.9035E+00 0.4556E+00 0.6117E-01                      1396500300026 
0.316       0.1006E+01 0.4732E+00 0.6653E-01                      1396500300027 
0.316       0.1104E+01 0.4171E+00 0.5886E-01                      1396500300028 
0.316       0.1209E+01 0.4438E+00 0.6319E-01                      1396500300029 
0.316       0.1319E+01 0.4228E+00 0.6055E-01                      1396500300030 
0.316       0.1416E+01 0.4042E+00 0.5759E-01                      1396500300031 
0.316       0.1537E+01 0.4271E+00 0.6200E-01                      1396500300032 
0.499       0.8000E+00 0.2920E+00 0.5787E-01                      1396500300033 
0.499       0.8974E+00 0.4581E+00 0.7881E-01                      1396500300034 
0.499       0.1000E+01 0.5310E+00 0.8375E-01                      1396500300035 
0.499       0.1111E+01 0.4176E+00 0.7985E-01                      1396500300036 
0.499       0.1216E+01 0.3846E+00 0.8303E-01                      1396500300037 
0.499       0.1311E+01 0.3640E+00 0.8258E-01                      1396500300038 
0.499       0.1400E+01 0.2731E+00 0.7600E-01                      1396500300039 
0.499       0.1499E+01 0.2251E+00 0.7609E-01                      1396500300040 
ENDDATA             32          0                                 1396500300041 
ENDSUBENT           40          0                                 1396500399999 
ENDENTRY             3          0                                 1396599999999 
