ENTRY            14022   20210920                             148714022  0    1 
SUBENT        14022001   20210920                             148714022  1    1 
BIB                 10         14                                 14022  1    2 
INSTITUTE  (1USALTI)                                              14022  1    3 
REFERENCE  (C,88MITO,,853,1988)                                   14022  1    4 
AUTHOR     (W.A.Schier,D.J.Pullen,G.P.Couchell,M.H.Haghighi,      14022  1    5 
            E.S.Jacobs,M.F.Villani,P.R.Bennett)                   14022  1    6 
TITLE      Measured composite delayed neutron spectra from fission14022  1    7 
            of U-235, U-238 and Pu-239 and derived six-group      14022  1    8 
            spectra                                               14022  1    9 
FACILITY   (ACCEL,1USALTI)                                        14022  1   10 
INC-SOURCE (P-LI7)                                                14022  1   11 
METHOD     (TOF,HEJET)                                            14022  1   12 
SAMPLE     No information                                         14022  1   13 
DETECTOR   (SCIN) Li-6 glass and BC501 liquid scintillators       14022  1   14 
HISTORY    (20050701C) DR                                         14022  1   15 
           (20210829A) OS. REACTION coding changed in all subs.   14022  1   16 
ENDBIB              14          0                                 14022  1   17 
NOCOMMON             0          0                                 14022  1   18 
ENDSUBENT           17          0                                 14022  199999 
SUBENT        14022002   20210920                             148714022  2    1 
BIB                  4          6                                 14022  2    2 
REACTION   (94-PU-239(N,F),DL/GRP,NU/DE,,REL)                     14022  2    3 
           For time interval 0.17 to 0.37 sec.                    14022  2    4 
ERR-ANALYS No information                                         14022  2    5 
STATUS     (CURVE) Data read from Fig. 3                          14022  2    6 
HISTORY    (20210829A) REACTION coding updated, replaced MISC1,2  14022  2    7 
            by HL-MIN,MAX                                         14022  2    8 
ENDBIB               6          0                                 14022  2    9 
COMMON               3          3                                 14022  2   10 
EN-DUMMY   HL-MIN     HL-MAX                                      14022  2   11 
EV         SEC        SEC                                         14022  2   12 
0.0253     0.17       0.37                                        14022  2   13 
ENDCOMMON            3          0                                 14022  2   14 
DATA                 2         74                                 14022  2   15 
E          DATA                                                   14022  2   16 
MEV        ARB-UNITS                                              14022  2   17 
   0.00E+00   1.67E+02                                            14022  2   18 
   6.18E-04   1.27E+02                                            14022  2   19 
   3.02E-03   2.17E+02                                            14022  2   20 
   3.00E-02   8.52E+01                                            14022  2   21 
   3.54E-02   1.18E+02                                            14022  2   22 
   5.22E-02   9.97E+01                                            14022  2   23 
   5.94E-02   1.81E+02                                            14022  2   24 
   7.70E-02   1.39E+02                                            14022  2   25 
   7.77E-02   2.18E+02                                            14022  2   26 
   1.03E-01   1.33E+02                                            14022  2   27 
   1.11E-01   1.76E+02                                            14022  2   28 
   1.21E-01   1.60E+02                                            14022  2   29 
   1.34E-01   1.80E+02                                            14022  2   30 
   1.47E-01   1.59E+02                                            14022  2   31 
   1.61E-01   1.50E+02                                            14022  2   32 
   1.74E-01   1.38E+02                                            14022  2   33 
   1.97E-01   1.30E+02                                            14022  2   34 
   2.03E-01   1.45E+02                                            14022  2   35 
   2.26E-01   1.36E+02                                            14022  2   36 
   2.62E-01   1.35E+02                                            14022  2   37 
   2.73E-01   1.10E+02                                            14022  2   38 
   2.91E-01   1.36E+02                                            14022  2   39 
   3.25E-01   1.12E+02                                            14022  2   40 
   3.44E-01   1.23E+02                                            14022  2   41 
   3.70E-01   1.14E+02                                            14022  2   42 
   4.03E-01   1.10E+02                                            14022  2   43 
   4.13E-01   1.05E+02                                            14022  2   44 
   4.38E-01   1.10E+02                                            14022  2   45 
   4.61E-01   1.06E+02                                            14022  2   46 
   4.78E-01   9.46E+01                                            14022  2   47 
   4.98E-01   8.66E+01                                            14022  2   48 
   5.14E-01   9.25E+01                                            14022  2   49 
   5.34E-01   7.79E+01                                            14022  2   50 
   5.57E-01   7.25E+01                                            14022  2   51 
   5.66E-01   8.04E+01                                            14022  2   52 
   5.86E-01   7.30E+01                                            14022  2   53 
   6.02E-01   7.63E+01                                            14022  2   54 
   6.12E-01   7.29E+01                                            14022  2   55 
   6.25E-01   6.29E+01                                            14022  2   56 
   6.45E-01   6.55E+01                                            14022  2   57 
   6.61E-01   5.02E+01                                            14022  2   58 
   6.90E-01   6.00E+01                                            14022  2   59 
   7.00E-01   6.39E+01                                            14022  2   60 
   7.20E-01   5.72E+01                                            14022  2   61 
   7.30E-01   5.26E+01                                            14022  2   62 
   7.56E-01   5.25E+01                                            14022  2   63 
   7.66E-01   4.58E+01                                            14022  2   64 
   7.85E-01   4.44E+01                                            14022  2   65 
   8.37E-01   3.49E+01                                            14022  2   66 
   8.60E-01   3.35E+01                                            14022  2   67 
   8.86E-01   2.88E+01                                            14022  2   68 
   9.03E-01   3.20E+01                                            14022  2   69 
   9.42E-01   3.25E+01                                            14022  2   70 
   9.81E-01   3.17E+01                                            14022  2   71 
   1.02E+00   2.56E+01                                            14022  2   72 
   1.05E+00   1.81E+01                                            14022  2   73 
   1.09E+00   2.26E+01                                            14022  2   74 
   1.13E+00   2.05E+01                                            14022  2   75 
   1.15E+00   1.45E+01                                            14022  2   76 
   1.19E+00   1.49E+01                                            14022  2   77 
   1.23E+00   1.68E+01                                            14022  2   78 
   1.25E+00   1.07E+01                                            14022  2   79 
   1.27E+00   1.06E+01                                            14022  2   80 
   1.30E+00   1.38E+01                                            14022  2   81 
   1.32E+00   1.18E+01                                            14022  2   82 
   1.35E+00   9.70E+00                                            14022  2   83 
   1.39E+00   1.02E+01                                            14022  2   84 
   1.40E+00   6.85E+00                                            14022  2   85 
   1.47E+00   7.90E+00                                            14022  2   86 
   1.50E+00   3.80E+00                                            14022  2   87 
   1.58E+00   3.48E+00                                            14022  2   88 
   1.60E+00   1.43E+00                                            14022  2   89 
   1.72E+00   9.46E-01                                            14022  2   90 
   1.89E+00   2.36E-01                                            14022  2   91 
ENDDATA             76          0                                 14022  2   92 
ENDSUBENT           91          0                                 14022  299999 
SUBENT        14022003   20210920                             148714022  3    1 
BIB                  4          5                                 14022  3    2 
REACTION   (94-PU-239(N,F),DL/GRP,NU/DE,,REL)                     14022  3    3 
           For time interval 0.41 to 0.85 sec.                    14022  3    4 
ERR-ANALYS No information                                         14022  3    5 
STATUS     (CURVE) Data read from Fig. 3                          14022  3    6 
HISTORY    (20210829A) REACTION coding updated                    14022  3    7 
ENDBIB               5          0                                 14022  3    8 
COMMON               3          3                                 14022  3    9 
EN-DUMMY   HL-MIN     HL-MAX                                      14022  3   10 
EV         SEC        SEC                                         14022  3   11 
0.0253     0.41       0.85                                        14022  3   12 
ENDCOMMON            3          0                                 14022  3   13 
DATA                 2         65                                 14022  3   14 
E          DATA                                                   14022  3   15 
MEV        ARB-UNITS                                              14022  3   16 
   0.00E+00   1.93E+02                                            14022  3   17 
   2.54E-02   3.07E+01                                            14022  3   18 
   4.46E-02   4.77E+01                                            14022  3   19 
   6.62E-02   1.21E+02                                            14022  3   20 
   7.84E-02   1.70E+02                                            14022  3   21 
   1.11E-01   1.32E+02                                            14022  3   22 
   1.20E-01   1.68E+02                                            14022  3   23 
   1.46E-01   1.44E+02                                            14022  3   24 
   1.53E-01   1.57E+02                                            14022  3   25 
   1.69E-01   1.54E+02                                            14022  3   26 
   1.95E-01   1.57E+02                                            14022  3   27 
   2.01E-01   1.67E+02                                            14022  3   28 
   2.11E-01   1.36E+02                                            14022  3   29 
   2.37E-01   1.25E+02                                            14022  3   30 
   2.37E-01   1.46E+02                                            14022  3   31 
   2.50E-01   1.31E+02                                            14022  3   32 
   2.76E-01   1.32E+02                                            14022  3   33 
   2.92E-01   1.30E+02                                            14022  3   34 
   3.02E-01   1.21E+02                                            14022  3   35 
   3.25E-01   1.31E+02                                            14022  3   36 
   3.35E-01   1.14E+02                                            14022  3   37 
   3.61E-01   1.14E+02                                            14022  3   38 
   3.83E-01   1.18E+02                                            14022  3   39 
   3.87E-01   1.09E+02                                            14022  3   40 
   4.06E-01   1.18E+02                                            14022  3   41 
   4.26E-01   1.04E+02                                            14022  3   42 
   4.58E-01   1.04E+02                                            14022  3   43 
   4.75E-01   9.65E+01                                            14022  3   44 
   4.97E-01   9.71E+01                                            14022  3   45 
   5.04E-01   8.96E+01                                            14022  3   46 
   5.33E-01   9.97E+01                                            14022  3   47 
   5.52E-01   8.33E+01                                            14022  3   48 
   5.66E-01   7.02E+01                                            14022  3   49 
   5.69E-01   8.25E+01                                            14022  3   50 
   6.04E-01   7.83E+01                                            14022  3   51 
   6.47E-01   6.31E+01                                            14022  3   52 
   6.86E-01   6.37E+01                                            14022  3   53 
   7.08E-01   5.88E+01                                            14022  3   54 
   7.18E-01   5.20E+01                                            14022  3   55 
   7.54E-01   5.19E+01                                            14022  3   56 
   7.90E-01   4.42E+01                                            14022  3   57 
   8.32E-01   4.14E+01                                            14022  3   58 
   8.74E-01   2.96E+01                                            14022  3   59 
   9.16E-01   2.88E+01                                            14022  3   60 
   9.39E-01   3.21E+01                                            14022  3   61 
   9.75E-01   2.66E+01                                            14022  3   62 
   1.00E+00   2.30E+01                                            14022  3   63 
   1.05E+00   1.88E+01                                            14022  3   64 
   1.09E+00   1.94E+01                                            14022  3   65 
   1.14E+00   2.06E+01                                            14022  3   66 
   1.17E+00   1.37E+01                                            14022  3   67 
   1.21E+00   1.15E+01                                            14022  3   68 
   1.24E+00   1.00E+01                                            14022  3   69 
   1.26E+00   1.27E+01                                            14022  3   70 
   1.30E+00   7.85E+00                                            14022  3   71 
   1.34E+00   8.43E+00                                            14022  3   72 
   1.37E+00   1.10E+01                                            14022  3   73 
   1.40E+00   7.57E+00                                            14022  3   74 
   1.44E+00   8.14E+00                                            14022  3   75 
   1.46E+00   3.96E+00                                            14022  3   76 
   1.53E+00   4.43E+00                                            14022  3   77 
   1.55E+00   3.02E+00                                            14022  3   78 
   1.61E+00   7.87E-01                                            14022  3   79 
   1.67E+00   1.31E+00                                            14022  3   80 
   1.69E+00   5.62E-01                                            14022  3   81 
ENDDATA             67          0                                 14022  3   82 
ENDSUBENT           81          0                                 14022  399999 
SUBENT        14022004   20210920                             148714022  4    1 
BIB                  4          5                                 14022  4    2 
REACTION   (94-PU-239(N,F),DL/GRP,NU/DE,,REL)                     14022  4    3 
           For time interval 0.79 to 1.25 sec.                    14022  4    4 
ERR-ANALYS No information                                         14022  4    5 
STATUS     (CURVE) Data read from Fig. 3                          14022  4    6 
HISTORY    (20210829A) REACTION coding updated                    14022  4    7 
ENDBIB               5          0                                 14022  4    8 
COMMON               3          3                                 14022  4    9 
EN-DUMMY   HL-MIN     HL-MAX                                      14022  4   10 
EV         SEC        SEC                                         14022  4   11 
0.0253     0.79       1.25                                        14022  4   12 
ENDCOMMON            3          0                                 14022  4   13 
DATA                 2         57                                 14022  4   14 
E          DATA                                                   14022  4   15 
MEV        ARB-UNITS                                              14022  4   16 
   0.00E+00   2.00E+02                                            14022  4   17 
   1.92E-02   5.88E+00                                            14022  4   18 
   2.06E-02   6.43E+01                                            14022  4   19 
   4.19E-02   1.10E+02                                            14022  4   20 
   6.19E-02   9.19E+01                                            14022  4   21 
   7.92E-02   1.60E+02                                            14022  4   22 
   9.38E-02   1.05E+02                                            14022  4   23 
   9.88E-02   1.53E+02                                            14022  4   24 
   1.40E-01   1.60E+02                                            14022  4   25 
   1.47E-01   1.67E+02                                            14022  4   26 
   1.63E-01   1.51E+02                                            14022  4   27 
   1.83E-01   1.55E+02                                            14022  4   28 
   1.86E-01   1.47E+02                                            14022  4   29 
   2.06E-01   1.44E+02                                            14022  4   30 
   2.32E-01   1.25E+02                                            14022  4   31 
   2.45E-01   1.32E+02                                            14022  4   32 
   2.62E-01   1.18E+02                                            14022  4   33 
   2.84E-01   1.20E+02                                            14022  4   34 
   2.91E-01   1.11E+02                                            14022  4   35 
   3.33E-01   1.12E+02                                            14022  4   36 
   3.65E-01   1.17E+02                                            14022  4   37 
   3.88E-01   1.03E+02                                            14022  4   38 
   4.08E-01   1.02E+02                                            14022  4   39 
   4.24E-01   1.08E+02                                            14022  4   40 
   4.40E-01   9.61E+01                                            14022  4   41 
   4.56E-01   1.02E+02                                            14022  4   42 
   4.79E-01   9.39E+01                                            14022  4   43 
   4.99E-01   9.78E+01                                            14022  4   44 
   5.15E-01   8.58E+01                                            14022  4   45 
   5.22E-01   9.44E+01                                            14022  4   46 
   5.45E-01   7.77E+01                                            14022  4   47 
   5.70E-01   8.62E+01                                            14022  4   48 
   5.90E-01   7.35E+01                                            14022  4   49 
   6.10E-01   7.01E+01                                            14022  4   50 
   6.33E-01   6.33E+01                                            14022  4   51 
   6.81E-01   5.98E+01                                            14022  4   52 
   7.21E-01   5.36E+01                                            14022  4   53 
   7.66E-01   5.14E+01                                            14022  4   54 
   7.86E-01   4.47E+01                                            14022  4   55 
   8.05E-01   4.46E+01                                            14022  4   56 
   8.21E-01   4.78E+01                                            14022  4   57 
   8.54E-01   4.10E+01                                            14022  4   58 
   8.83E-01   3.62E+01                                            14022  4   59 
   9.32E-01   2.94E+01                                            14022  4   60 
   9.77E-01   2.78E+01                                            14022  4   61 
   1.03E+00   2.69E+01                                            14022  4   62 
   1.06E+00   2.01E+01                                            14022  4   63 
   1.11E+00   1.85E+01                                            14022  4   64 
   1.17E+00   1.76E+01                                            14022  4   65 
   1.22E+00   1.34E+01                                            14022  4   66 
   1.27E+00   1.18E+01                                            14022  4   67 
   1.32E+00   9.62E+00                                            14022  4   68 
   1.37E+00   7.39E+00                                            14022  4   69 
   1.43E+00   3.79E+00                                            14022  4   70 
   1.47E+00   3.58E+00                                            14022  4   71 
   1.52E+00   4.01E+00                                            14022  4   72 
   1.55E+00   5.40E-01                                            14022  4   73 
ENDDATA             59          0                                 14022  4   74 
ENDSUBENT           73          0                                 14022  499999 
SUBENT        14022005   20210920                             148714022  5    1 
BIB                  4          5                                 14022  5    2 
REACTION   (94-PU-239(N,F),DL/GRP,NU/DE,,REL)                     14022  5    3 
           For time interval 1.2 to 1.9 sec.                      14022  5    4 
ERR-ANALYS No information                                         14022  5    5 
STATUS     (CURVE) Data read from Fig. 3                          14022  5    6 
HISTORY    (20210829A) REACTION coding updated                    14022  5    7 
ENDBIB               5          0                                 14022  5    8 
COMMON               3          3                                 14022  5    9 
EN-DUMMY   HL-MIN     HL-MAX                                      14022  5   10 
EV         SEC        SEC                                         14022  5   11 
0.0253     1.2        1.9                                         14022  5   12 
ENDCOMMON            3          0                                 14022  5   13 
DATA                 2         56                                 14022  5   14 
E          DATA                                                   14022  5   15 
MEV        ARB-UNITS                                              14022  5   16 
   0.00E+00   6.08E+01                                            14022  5   17 
   4.03E-02   2.34E+01                                            14022  5   18 
   4.74E-02   1.10E+02                                            14022  5   19 
   6.86E-02   8.29E+01                                            14022  5   20 
   7.66E-02   1.54E+02                                            14022  5   21 
   9.64E-02   1.01E+02                                            14022  5   22 
   1.01E-01   1.27E+02                                            14022  5   23 
   1.17E-01   1.22E+02                                            14022  5   24 
   1.31E-01   1.02E+02                                            14022  5   25 
   1.48E-01   1.49E+02                                            14022  5   26 
   1.64E-01   1.39E+02                                            14022  5   27 
   1.90E-01   1.44E+02                                            14022  5   28 
   2.00E-01   1.36E+02                                            14022  5   29 
   2.26E-01   1.33E+02                                            14022  5   30 
   2.39E-01   1.36E+02                                            14022  5   31 
   2.53E-01   1.22E+02                                            14022  5   32 
   2.62E-01   1.33E+02                                            14022  5   33 
   2.84E-01   1.41E+02                                            14022  5   34 
   2.98E-01   1.24E+02                                            14022  5   35 
   3.33E-01   1.24E+02                                            14022  5   36 
   3.44E-01   1.06E+02                                            14022  5   37 
   3.66E-01   1.15E+02                                            14022  5   38 
   4.00E-01   9.69E+01                                            14022  5   39 
   4.09E-01   1.00E+02                                            14022  5   40 
   4.54E-01   1.01E+02                                            14022  5   41 
   4.81E-01   9.75E+01                                            14022  5   42 
   5.14E-01   8.15E+01                                            14022  5   43 
   5.40E-01   8.49E+01                                            14022  5   44 
   5.62E-01   8.42E+01                                            14022  5   45 
   5.66E-01   7.87E+01                                            14022  5   46 
   5.95E-01   7.66E+01                                            14022  5   47 
   6.02E-01   6.76E+01                                            14022  5   48 
   6.41E-01   6.61E+01                                            14022  5   49 
   6.58E-01   5.85E+01                                            14022  5   50 
   6.93E-01   5.91E+01                                            14022  5   51 
   7.19E-01   5.84E+01                                            14022  5   52 
   7.49E-01   5.00E+01                                            14022  5   53 
   7.94E-01   5.48E+01                                            14022  5   54 
   8.24E-01   4.09E+01                                            14022  5   55 
   8.53E-01   3.88E+01                                            14022  5   56 
   8.95E-01   3.74E+01                                            14022  5   57 
   9.18E-01   3.53E+01                                            14022  5   58 
   9.53E-01   3.52E+01                                            14022  5   59 
   9.83E-01   3.10E+01                                            14022  5   60 
   1.03E+00   2.68E+01                                            14022  5   61 
   1.09E+00   2.53E+01                                            14022  5   62 
   1.10E+00   1.84E+01                                            14022  5   63 
   1.13E+00   1.63E+01                                            14022  5   64 
   1.18E+00   1.69E+01                                            14022  5   65 
   1.19E+00   9.99E+00                                            14022  5   66 
   1.28E+00   1.19E+01                                            14022  5   67 
   1.30E+00   7.75E+00                                            14022  5   68 
   1.38E+00   8.32E+00                                            14022  5   69 
   1.39E+00   4.85E+00                                            14022  5   70 
   1.45E+00   3.38E+00                                            14022  5   71 
   1.53E+00   3.25E+00                                            14022  5   72 
ENDDATA             58          0                                 14022  5   73 
ENDSUBENT           72          0                                 14022  599999 
SUBENT        14022006   20210920                             148714022  6    1 
BIB                  4          5                                 14022  6    2 
REACTION   (94-PU-239(N,F),DL/GRP,NU/DE,,REL)                     14022  6    3 
           For time interval 2.1 to 3.9 sec.                      14022  6    4 
ERR-ANALYS No information                                         14022  6    5 
STATUS     (CURVE) Data read from Fig. 3                          14022  6    6 
HISTORY    (20210829A) REACTION coding updated                    14022  6    7 
ENDBIB               5          0                                 14022  6    8 
COMMON               3          3                                 14022  6    9 
EN-DUMMY   HL-MIN     HL-MAX                                      14022  6   10 
EV         SEC        SEC                                         14022  6   11 
0.0253     2.1        3.9                                         14022  6   12 
ENDCOMMON            3          0                                 14022  6   13 
DATA                 2         53                                 14022  6   14 
E          DATA                                                   14022  6   15 
MEV        ARB-UNITS                                              14022  6   16 
   6.37E-03   1.55E+02                                            14022  6   17 
   2.89E-02   4.20E+00                                            14022  6   18 
   3.17E-02   1.26E+02                                            14022  6   19 
   5.02E-02   1.01E+02                                            14022  6   20 
   5.65E-02   1.42E+02                                            14022  6   21 
   8.22E-02   1.48E+02                                            14022  6   22 
   8.39E-02   1.27E+02                                            14022  6   23 
   1.01E-01   1.48E+02                                            14022  6   24 
   1.02E-01   1.36E+02                                            14022  6   25 
   1.12E-01   1.81E+02                                            14022  6   26 
   1.39E-01   1.70E+02                                            14022  6   27 
   1.54E-01   1.84E+02                                            14022  6   28 
   1.61E-01   1.76E+02                                            14022  6   29 
   1.84E-01   1.76E+02                                            14022  6   30 
   2.30E-01   1.40E+02                                            14022  6   31 
   2.49E-01   1.47E+02                                            14022  6   32 
   2.68E-01   1.45E+02                                            14022  6   33 
   2.86E-01   1.34E+02                                            14022  6   34 
   2.91E-01   1.45E+02                                            14022  6   35 
   3.16E-01   1.29E+02                                            14022  6   36 
   3.25E-01   1.36E+02                                            14022  6   37 
   3.32E-01   1.25E+02                                            14022  6   38 
   3.63E-01   1.15E+02                                            14022  6   39 
   3.75E-01   1.18E+02                                            14022  6   40 
   4.12E-01   1.18E+02                                            14022  6   41 
   4.35E-01   1.09E+02                                            14022  6   42 
   4.55E-01   1.02E+02                                            14022  6   43 
   4.79E-01   9.16E+01                                            14022  6   44 
   5.10E-01   7.49E+01                                            14022  6   45 
   5.49E-01   7.49E+01                                            14022  6   46 
   5.89E-01   6.59E+01                                            14022  6   47 
   6.02E-01   6.73E+01                                            14022  6   48 
   6.53E-01   5.41E+01                                            14022  6   49 
   6.89E-01   5.41E+01                                            14022  6   50 
   7.05E-01   4.79E+01                                            14022  6   51 
   7.55E-01   4.44E+01                                            14022  6   52 
   7.78E-01   3.89E+01                                            14022  6   53 
   8.28E-01   2.77E+01                                            14022  6   54 
   8.61E-01   2.78E+01                                            14022  6   55 
   8.84E-01   3.13E+01                                            14022  6   56 
   9.04E-01   2.71E+01                                            14022  6   57 
   9.59E-01   2.64E+01                                            14022  6   58 
   9.82E-01   2.30E+01                                            14022  6   59 
   1.01E+00   1.60E+01                                            14022  6   60 
   1.05E+00   1.61E+01                                            14022  6   61 
   1.07E+00   1.33E+01                                            14022  6   62 
   1.11E+00   1.33E+01                                            14022  6   63 
   1.14E+00   9.21E+00                                            14022  6   64 
   1.23E+00   7.88E+00                                            14022  6   65 
   1.35E+00   5.18E+00                                            14022  6   66 
   1.39E+00   3.82E+00                                            14022  6   67 
   1.42E+00   2.45E+00                                            14022  6   68 
   1.54E+00   1.14E+00                                            14022  6   69 
ENDDATA             55          0                                 14022  6   70 
ENDSUBENT           69          0                                 14022  699999 
SUBENT        14022007   20210920                             148714022  7    1 
BIB                  4          5                                 14022  7    2 
REACTION   (94-PU-239(N,F),DL/GRP,NU/DE,,REL)                     14022  7    3 
           For time interval 4.7 to 10.2 sec.                     14022  7    4 
ERR-ANALYS No information                                         14022  7    5 
STATUS     (CURVE) Data read from Fig. 3                          14022  7    6 
HISTORY    (20210829A) REACTION coding updated                    14022  7    7 
ENDBIB               5          0                                 14022  7    8 
COMMON               3          3                                 14022  7    9 
EN-DUMMY   HL-MIN     HL-MAX                                      14022  7   10 
EV         SEC        SEC                                         14022  7   11 
0.0253     4.7        10.2                                        14022  7   12 
ENDCOMMON            3          0                                 14022  7   13 
DATA                 2         47                                 14022  7   14 
E          DATA                                                   14022  7   15 
MEV        ARB-UNITS                                              14022  7   16 
   9.35E-03   1.34E+02                                            14022  7   17 
   3.68E-02   3.22E+01                                            14022  7   18 
   4.51E-02   9.39E+01                                            14022  7   19 
   6.30E-02   1.59E+02                                            14022  7   20 
   8.07E-02   9.95E+01                                            14022  7   21 
   8.82E-02   1.30E+02                                            14022  7   22 
   1.02E-01   1.51E+02                                            14022  7   23 
   1.19E-01   1.47E+02                                            14022  7   24 
   1.48E-01   2.00E+02                                            14022  7   25 
   1.61E-01   1.62E+02                                            14022  7   26 
   1.76E-01   1.80E+02                                            14022  7   27 
   1.99E-01   1.74E+02                                            14022  7   28 
   2.16E-01   1.58E+02                                            14022  7   29 
   2.26E-01   1.63E+02                                            14022  7   30 
   2.49E-01   1.56E+02                                            14022  7   31 
   2.72E-01   1.59E+02                                            14022  7   32 
   2.81E-01   1.69E+02                                            14022  7   33 
   3.15E-01   1.47E+02                                            14022  7   34 
   3.55E-01   1.49E+02                                            14022  7   35 
   4.02E-01   1.31E+02                                            14022  7   36 
   4.16E-01   1.18E+02                                            14022  7   37 
   4.32E-01   1.23E+02                                            14022  7   38 
   4.59E-01   1.11E+02                                            14022  7   39 
   4.80E-01   9.78E+01                                            14022  7   40 
   5.04E-01   7.96E+01                                            14022  7   41 
   5.23E-01   8.73E+01                                            14022  7   42 
   5.40E-01   7.46E+01                                            14022  7   43 
   5.67E-01   6.34E+01                                            14022  7   44 
   6.03E-01   6.12E+01                                            14022  7   45 
   6.30E-01   5.21E+01                                            14022  7   46 
   6.64E-01   4.44E+01                                            14022  7   47 
   6.96E-01   4.71E+01                                            14022  7   48 
   7.53E-01   3.59E+01                                            14022  7   49 
   7.85E-01   3.94E+01                                            14022  7   50 
   7.92E-01   3.09E+01                                            14022  7   51 
   8.32E-01   2.95E+01                                            14022  7   52 
   8.62E-01   2.18E+01                                            14022  7   53 
   9.04E-01   2.24E+01                                            14022  7   54 
   9.70E-01   1.33E+01                                            14022  7   55 
   1.00E+00   1.32E+01                                            14022  7   56 
   1.03E+00   9.04E+00                                            14022  7   57 
   1.13E+00   8.97E+00                                            14022  7   58 
   1.22E+00   8.19E+00                                            14022  7   59 
   1.24E+00   1.16E+00                                            14022  7   60 
   1.30E+00   1.12E+00                                            14022  7   61 
   1.39E+00   1.75E+00                                            14022  7   62 
   1.53E+00   1.65E+00                                            14022  7   63 
ENDDATA             49          0                                 14022  7   64 
ENDSUBENT           63          0                                 14022  799999 
SUBENT        14022008   20210920                             148714022  8    1 
BIB                  4          5                                 14022  8    2 
REACTION   (94-PU-239(N,F),DL/GRP,NU/DE,,REL)                     14022  8    3 
           For time interval 12.5 to 29.0 sec.                    14022  8    4 
ERR-ANALYS No information                                         14022  8    5 
STATUS     (CURVE) Data read from Fig. 3                          14022  8    6 
HISTORY    (20210829A) REACTION coding updated                    14022  8    7 
ENDBIB               5          0                                 14022  8    8 
COMMON               3          3                                 14022  8    9 
EN-DUMMY   HL-MIN     HL-MAX                                      14022  8   10 
EV         SEC        SEC                                         14022  8   11 
0.0253     12.5       29.0                                        14022  8   12 
ENDCOMMON            3          0                                 14022  8   13 
DATA                 2         35                                 14022  8   14 
E          DATA                                                   14022  8   15 
MEV        ARB-UNITS                                              14022  8   16 
   2.80E-01   1.21E+02                                            14022  8   17 
   3.02E-01   1.39E+02                                            14022  8   18 
   3.19E-01   1.22E+02                                            14022  8   19 
   3.23E-01   1.56E+02                                            14022  8   20 
   3.43E-01   1.56E+02                                            14022  8   21 
   3.85E-01   1.58E+02                                            14022  8   22 
   4.07E-01   1.26E+02                                            14022  8   23 
   4.34E-01   1.16E+02                                            14022  8   24 
   4.40E-01   1.29E+02                                            14022  8   25 
   4.56E-01   1.34E+02                                            14022  8   26 
   4.70E-01   1.18E+02                                            14022  8   27 
   4.98E-01   9.46E+01                                            14022  8   28 
   5.20E-01   1.06E+02                                            14022  8   29 
   5.27E-01   9.89E+01                                            14022  8   30 
   5.57E-01   9.39E+01                                            14022  8   31 
   5.64E-01   8.69E+01                                            14022  8   32 
   5.84E-01   8.12E+01                                            14022  8   33 
   5.89E-01   6.43E+01                                            14022  8   34 
   6.01E-01   7.27E+01                                            14022  8   35 
   6.58E-01   6.07E+01                                            14022  8   36 
   6.90E-01   6.14E+01                                            14022  8   37 
   7.39E-01   6.14E+01                                            14022  8   38 
   7.70E-01   4.73E+01                                            14022  8   39 
   7.99E-01   4.94E+01                                            14022  8   40 
   8.63E-01   2.89E+01                                            14022  8   41 
   9.05E-01   3.46E+01                                            14022  8   42 
   9.35E-01   2.82E+01                                            14022  8   43 
   9.42E-01   2.19E+01                                            14022  8   44 
   1.02E+00   1.90E+01                                            14022  8   45 
   1.09E+00   1.76E+01                                            14022  8   46 
   1.15E+00   9.89E+00                                            14022  8   47 
   1.23E+00   4.94E+00                                            14022  8   48 
   1.30E+00   2.12E+00                                            14022  8   49 
   1.35E+00   7.06E-01                                            14022  8   50 
   1.41E+00   1.41E+00                                            14022  8   51 
ENDDATA             37          0                                 14022  8   52 
ENDSUBENT           51          0                                 14022  899999 
SUBENT        14022009   20210920                             148714022  9    1 
BIB                  5          7                                 14022  9    2 
REACTION   (92-U-238(N,F),DL/GRP,NU/DE,,REL)                      14022  9    3 
           For time interval 0.79 to 1.25 sec.                    14022  9    4 
ERR-ANALYS No information                                         14022  9    5 
COMMENT    Incident neutron energy given as "fast neutrons" in    14022  9    6 
            the text                                              14022  9    7 
STATUS     (CURVE) Data read from Fig. 4                          14022  9    8 
HISTORY    (20210829A) REACTION coding updated                    14022  9    9 
ENDBIB               7          0                                 14022  9   10 
COMMON               3          3                                 14022  9   11 
EN-MIN-APX HL-MIN     HL-MAX                                      14022  9   12 
MEV        SEC        SEC                                         14022  9   13 
1.         0.79       1.25                                        14022  9   14 
ENDCOMMON            3          0                                 14022  9   15 
DATA                 2         96                                 14022  9   16 
E          DATA                                                   14022  9   17 
MEV        ARB-UNITS                                              14022  9   18 
   1.42E-02   1.60E+02                                            14022  9   19 
   1.97E-02   4.85E+01                                            14022  9   20 
   3.48E-02   7.69E+01                                            14022  9   21 
   4.91E-02   6.81E+01                                            14022  9   22 
   6.20E-02   8.44E+01                                            14022  9   23 
   7.95E-02   1.21E+02                                            14022  9   24 
   8.72E-02   1.33E+02                                            14022  9   25 
   9.40E-02   1.07E+02                                            14022  9   26 
   1.10E-01   1.19E+02                                            14022  9   27 
   1.34E-01   1.23E+02                                            14022  9   28 
   1.44E-01   1.57E+02                                            14022  9   29 
   1.47E-01   1.43E+02                                            14022  9   30 
   1.66E-01   1.47E+02                                            14022  9   31 
   1.83E-01   1.49E+02                                            14022  9   32 
   1.86E-01   1.33E+02                                            14022  9   33 
   1.89E-01   1.38E+02                                            14022  9   34 
   2.11E-01   1.31E+02                                            14022  9   35 
   2.22E-01   1.37E+02                                            14022  9   36 
   2.59E-01   1.14E+02                                            14022  9   37 
   2.79E-01   1.04E+02                                            14022  9   38 
   3.09E-01   1.09E+02                                            14022  9   39 
   3.28E-01   1.07E+02                                            14022  9   40 
   3.50E-01   1.05E+02                                            14022  9   41 
   3.59E-01   9.98E+01                                            14022  9   42 
   3.70E-01   1.02E+02                                            14022  9   43 
   3.87E-01   9.57E+01                                            14022  9   44 
   4.19E-01   1.03E+02                                            14022  9   45 
   4.42E-01   9.85E+01                                            14022  9   46 
   4.69E-01   1.00E+02                                            14022  9   47 
   4.88E-01   1.04E+02                                            14022  9   48 
   5.13E-01   9.68E+01                                            14022  9   49 
   5.36E-01   8.56E+01                                            14022  9   50 
   5.61E-01   8.61E+01                                            14022  9   51 
   5.94E-01   7.64E+01                                            14022  9   52 
   6.14E-01   6.85E+01                                            14022  9   53 
   6.34E-01   6.67E+01                                            14022  9   54 
   6.53E-01   6.76E+01                                            14022  9   55 
   6.61E-01   5.88E+01                                            14022  9   56 
   6.80E-01   6.54E+01                                            14022  9   57 
   7.08E-01   5.84E+01                                            14022  9   58 
   7.39E-01   6.08E+01                                            14022  9   59 
   7.69E-01   5.48E+01                                            14022  9   60 
   7.91E-01   5.43E+01                                            14022  9   61 
   8.25E-01   4.32E+01                                            14022  9   62 
   8.47E-01   4.32E+01                                            14022  9   63 
   8.69E-01   3.86E+01                                            14022  9   64 
   8.89E-01   4.00E+01                                            14022  9   65 
   9.22E-01   3.96E+01                                            14022  9   66 
   9.66E-01   4.16E+01                                            14022  9   67 
   9.96E-01   4.11E+01                                            14022  9   68 
   1.02E+00   3.75E+01                                            14022  9   69 
   1.05E+00   3.42E+01                                            14022  9   70 
   1.06E+00   2.96E+01                                            14022  9   71 
   1.10E+00   2.78E+01                                            14022  9   72 
   1.14E+00   2.74E+01                                            14022  9   73 
   1.18E+00   2.56E+01                                            14022  9   74 
   1.23E+00   2.43E+01                                            14022  9   75 
   1.25E+00   2.20E+01                                            14022  9   76 
   1.29E+00   2.06E+01                                            14022  9   77 
   1.33E+00   1.88E+01                                            14022  9   78 
   1.40E+00   1.75E+01                                            14022  9   79 
   1.45E+00   1.62E+01                                            14022  9   80 
   1.50E+00   1.44E+01                                            14022  9   81 
   1.53E+00   1.12E+01                                            14022  9   82 
   1.61E+00   9.53E+00                                            14022  9   83 
   1.65E+00   1.05E+01                                            14022  9   84 
   1.70E+00   8.28E+00                                            14022  9   85 
   1.75E+00   8.36E+00                                            14022  9   86 
   1.82E+00   8.46E+00                                            14022  9   87 
   2.02E+00   4.72E+00                                            14022  9   88 
   2.05E+00   4.35E+00                                            14022  9   89 
   2.08E+00   4.23E+00                                            14022  9   90 
   2.11E+00   4.24E+00                                            14022  9   91 
   2.14E+00   4.07E+00                                            14022  9   92 
   2.19E+00   4.01E+00                                            14022  9   93 
   2.23E+00   3.06E+00                                            14022  9   94 
   2.28E+00   3.02E+00                                            14022  9   95 
   2.30E+00   2.65E+00                                            14022  9   96 
   2.37E+00   2.63E+00                                            14022  9   97 
   2.40E+00   2.09E+00                                            14022  9   98 
   2.48E+00   1.98E+00                                            14022  9   99 
   2.53E+00   1.89E+00                                            14022  9  100 
   2.64E+00   1.76E+00                                            14022  9  101 
   2.70E+00   1.67E+00                                            14022  9  102 
   2.72E+00   1.27E+00                                            14022  9  103 
   2.81E+00   1.23E+00                                            14022  9  104 
   2.83E+00   1.07E+00                                            14022  9  105 
   2.95E+00   9.86E-01                                            14022  9  106 
   3.08E+00   8.29E-01                                            14022  9  107 
   3.10E+00   5.28E-01                                            14022  9  108 
   3.24E+00   4.64E-01                                            14022  9  109 
   3.25E+00   3.26E-01                                            14022  9  110 
   3.38E+00   3.31E-01                                            14022  9  111 
   3.47E+00   2.65E-01                                            14022  9  112 
   3.48E+00   1.73E-01                                            14022  9  113 
   3.75E+00   2.07E-01                                            14022  9  114 
ENDDATA             98          0                                 14022  9  115 
ENDSUBENT          114          0                                 14022  999999 
SUBENT        14022010   20210920                             148714022 10    1 
BIB                  5          7                                 14022 10    2 
REACTION   (92-U-238(N,F),DL/GRP,NU/DE,,REL)                      14022 10    3 
           For time interval 1.2 to 1.9 sec.                      14022 10    4 
ERR-ANALYS No information                                         14022 10    5 
COMMENT    Incident neutron energy given as "fast neutrons" in    14022 10    6 
            the text                                              14022 10    7 
STATUS     (CURVE) Data read from Fig. 4                          14022 10    8 
HISTORY    (20210829A) REACTION coding updated                    14022 10    9 
ENDBIB               7          0                                 14022 10   10 
COMMON               3          3                                 14022 10   11 
EN-MIN-APX HL-MIN     HL-MAX                                      14022 10   12 
MEV        SEC        SEC                                         14022 10   13 
1.         1.2        1.9                                         14022 10   14 
ENDCOMMON            3          0                                 14022 10   15 
DATA                 2        111                                 14022 10   16 
E          DATA                                                   14022 10   17 
MEV        ARB-UNITS                                              14022 10   18 
   1.96E-02   9.55E+01                                            14022 10   19 
   2.73E-02   8.43E+00                                            14022 10   20 
   4.07E-02   2.33E+01                                            14022 10   21 
   6.34E-02   1.10E+02                                            14022 10   22 
   8.56E-02   1.00E+02                                            14022 10   23 
   9.62E-02   1.17E+02                                            14022 10   24 
   1.45E-01   1.27E+02                                            14022 10   25 
   1.53E-01   1.41E+02                                            14022 10   26 
   1.72E-01   1.48E+02                                            14022 10   27 
   1.83E-01   1.39E+02                                            14022 10   28 
   2.08E-01   1.47E+02                                            14022 10   29 
   2.42E-01   1.09E+02                                            14022 10   30 
   2.67E-01   1.03E+02                                            14022 10   31 
   2.83E-01   1.05E+02                                            14022 10   32 
   2.95E-01   1.00E+02                                            14022 10   33 
   3.11E-01   1.05E+02                                            14022 10   34 
   3.33E-01   9.98E+01                                            14022 10   35 
   3.50E-01   1.03E+02                                            14022 10   36 
   3.58E-01   9.93E+01                                            14022 10   37 
   3.72E-01   1.01E+02                                            14022 10   38 
   3.80E-01   9.75E+01                                            14022 10   39 
   4.02E-01   9.66E+01                                            14022 10   40 
   4.24E-01   9.81E+01                                            14022 10   41 
   4.35E-01   9.57E+01                                            14022 10   42 
   4.52E-01   1.01E+02                                            14022 10   43 
   4.71E-01   1.01E+02                                            14022 10   44 
   4.90E-01   1.06E+02                                            14022 10   45 
   5.10E-01   9.49E+01                                            14022 10   46 
   5.51E-01   8.94E+01                                            14022 10   47 
   5.73E-01   8.15E+01                                            14022 10   48 
   5.84E-01   8.29E+01                                            14022 10   49 
   6.15E-01   7.22E+01                                            14022 10   50 
   6.37E-01   7.37E+01                                            14022 10   51 
   6.62E-01   6.49E+01                                            14022 10   52 
   6.87E-01   6.44E+01                                            14022 10   53 
   7.17E-01   6.12E+01                                            14022 10   54 
   7.58E-01   5.99E+01                                            14022 10   55 
   8.05E-01   5.39E+01                                            14022 10   56 
   8.27E-01   5.44E+01                                            14022 10   57 
   8.47E-01   4.88E+01                                            14022 10   58 
   8.77E-01   4.52E+01                                            14022 10   59 
   9.21E-01   4.34E+01                                            14022 10   60 
   9.63E-01   4.25E+01                                            14022 10   61 
   9.87E-01   4.49E+01                                            14022 10   62 
   1.01E+00   4.68E+01                                            14022 10   63 
   1.05E+00   4.40E+01                                            14022 10   64 
   1.07E+00   4.03E+01                                            14022 10   65 
   1.09E+00   3.80E+01                                            14022 10   66 
   1.12E+00   3.30E+01                                            14022 10   67 
   1.14E+00   3.11E+01                                            14022 10   68 
   1.16E+00   2.88E+01                                            14022 10   69 
   1.20E+00   2.70E+01                                            14022 10   70 
   1.23E+00   2.61E+01                                            14022 10   71 
   1.27E+00   2.53E+01                                            14022 10   72 
   1.30E+00   2.35E+01                                            14022 10   73 
   1.35E+00   2.17E+01                                            14022 10   74 
   1.40E+00   1.85E+01                                            14022 10   75 
   1.46E+00   1.86E+01                                            14022 10   76 
   1.50E+00   1.77E+01                                            14022 10   77 
   1.53E+00   1.64E+01                                            14022 10   78 
   1.58E+00   1.50E+01                                            14022 10   79 
   1.63E+00   1.19E+01                                            14022 10   80 
   1.67E+00   1.10E+01                                            14022 10   81 
   1.73E+00   9.73E+00                                            14022 10   82 
   1.82E+00   9.40E+00                                            14022 10   83 
   1.91E+00   8.14E+00                                            14022 10   84 
   2.01E+00   6.42E+00                                            14022 10   85 
   2.04E+00   6.35E+00                                            14022 10   86 
   2.05E+00   5.63E+00                                            14022 10   87 
   2.09E+00   5.61E+00                                            14022 10   88 
   2.13E+00   4.80E+00                                            14022 10   89 
   2.18E+00   4.67E+00                                            14022 10   90 
   2.21E+00   4.67E+00                                            14022 10   91 
   2.25E+00   4.60E+00                                            14022 10   92 
   2.27E+00   4.51E+00                                            14022 10   93 
   2.31E+00   4.33E+00                                            14022 10   94 
   2.33E+00   4.24E+00                                            14022 10   95 
   2.36E+00   4.22E+00                                            14022 10   96 
   2.39E+00   3.10E+00                                            14022 10   97 
   2.41E+00   2.99E+00                                            14022 10   98 
   2.47E+00   2.90E+00                                            14022 10   99 
   2.49E+00   2.46E+00                                            14022 10  100 
   2.53E+00   2.49E+00                                            14022 10  101 
   2.55E+00   2.35E+00                                            14022 10  102 
   2.57E+00   2.35E+00                                            14022 10  103 
   2.59E+00   2.12E+00                                            14022 10  104 
   2.67E+00   2.08E+00                                            14022 10  105 
   2.69E+00   2.02E+00                                            14022 10  106 
   2.70E+00   1.83E+00                                            14022 10  107 
   2.74E+00   1.86E+00                                            14022 10  108 
   2.76E+00   1.72E+00                                            14022 10  109 
   2.81E+00   1.73E+00                                            14022 10  110 
   2.83E+00   1.47E+00                                            14022 10  111 
   2.94E+00   1.42E+00                                            14022 10  112 
   2.96E+00   1.25E+00                                            14022 10  113 
   3.08E+00   1.24E+00                                            14022 10  114 
   3.10E+00   1.06E+00                                            14022 10  115 
   3.22E+00   1.10E+00                                            14022 10  116 
   3.24E+00   8.01E-01                                            14022 10  117 
   3.37E+00   8.17E-01                                            14022 10  118 
   3.39E+00   6.09E-01                                            14022 10  119 
   3.50E+00   6.22E-01                                            14022 10  120 
   3.52E+00   5.31E-01                                            14022 10  121 
   3.65E+00   5.46E-01                                            14022 10  122 
   3.66E+00   4.31E-01                                            14022 10  123 
   3.73E+00   4.16E-01                                            14022 10  124 
   3.75E+00   5.59E-01                                            14022 10  125 
   3.90E+00   6.00E-01                                            14022 10  126 
   3.91E+00   4.37E-01                                            14022 10  127 
   3.95E+00   4.42E-01                                            14022 10  128 
   3.98E+00   3.76E-01                                            14022 10  129 
ENDDATA            113          0                                 14022 10  130 
ENDSUBENT          129          0                                 14022 1099999 
ENDENTRY            10          0                                 1402299999999 
