ENTRY            14035   20160830                             142314035  0    1 
SUBENT        14035001   20160830                             142314035  1    1 
BIB                 10         17                                 14035  1    2 
TITLE      Measurements of the fission cross section of 237Np     14035  1    3 
AUTHOR     (A.D.Carlson,W.E.Parker,P.W.Lisowski,G.L.Morgan,       14035  1    4 
           S.J.Seestrom,N.W.Hill,K.Meggers)                       14035  1    5 
REFERENCE  (C,94GATLIN,1,40,1994) Shorter version.                14035  1    6 
           (C,93VAIL,,704,1993) Extensive details.                14035  1    7 
INSTITUTE  (1USANIS,1USALRL,1USALAS,1USAORL,2GERKIG)              14035  1    8 
FACILITY   (LINAC,1USALAS)  LANSCE 800 MeV proton beam            14035  1    9 
INC-SOURCE (SPALL) Spallation neutron source                      14035  1   10 
DETECTOR   (IOCH) Fast multiplate ionization chamber, containing  14035  1   11 
           30 % Ar and 70 % CH4 at 137 kPa.                       14035  1   12 
SAMPLE     237Np and 235U deposits, about 200 microg/cm2 and 10   14035  1   13 
           cm diameter.                                           14035  1   14 
CORRECTION 237Np target contain 0.06 % of 239Pu, correction was   14035  1   15 
           made.                                                  14035  1   16 
HISTORY    (20050913C) DR                                         14035  1   17 
           (20160830A) BP: Updated authors, references,           14035  1   18 
           digitized C,93VAIL,,704,1994, uncertainties.           14035  1   19 
ENDBIB              17          0                                 14035  1   20 
NOCOMMON             0          0                                 14035  1   21 
ENDSUBENT           20          0                                 14035  199999 
SUBENT        14035002   20160830                             142314035  2    1 
BIB                  3          6                                 14035  2    2 
REACTION   (93-NP-237(N,F),,SIG) Broadened to 40% delta E/E cross 14035  2    3 
           section.                                               14035  2    4 
ERR-ANALYS (ERR-S,1.,4.) Smaller than the size of the data points.14035  2    5 
STATUS     (CURVE) Fig. 2, page 709 of C,93VAIL,,704,1994.        14035  2    6 
           Replaced the data of Fig.1 of 94GATLIN by Fig.2 of     14035  2    7 
           93VAIL.                                                14035  2    8 
ENDBIB               6          0                                 14035  2    9 
NOCOMMON             0          0                                 14035  2   10 
DATA                 2        105                                 14035  2   11 
EN         DATA                                                   14035  2   12 
KEV        B                                                      14035  2   13 
  5.171E-03  4.748E-02                                            14035  2   14 
  5.591E-03  5.026E-02                                            14035  2   15 
  5.978E-03  5.319E-02                                            14035  2   16 
  6.538E-03  5.129E-02                                            14035  2   17 
  6.915E-03  4.852E-02                                            14035  2   18 
  7.314E-03  4.505E-02                                            14035  2   19 
  7.824E-03  4.184E-02                                            14035  2   20 
  8.277E-03  3.742E-02                                            14035  2   21 
  8.852E-03  3.607E-02                                            14035  2   22 
  9.468E-03  3.477E-02                                            14035  2   23 
  1.012E-02  3.480E-02                                            14035  2   24 
  1.095E-02  3.355E-02                                            14035  2   25 
  1.171E-02  3.174E-02                                            14035  2   26 
  1.239E-02  3.003E-02                                            14035  2   27 
  1.325E-02  2.895E-02                                            14035  2   28 
  1.386E-02  2.687E-02                                            14035  2   29 
  1.499E-02  2.496E-02                                            14035  2   30 
  1.639E-02  2.545E-02                                            14035  2   31 
  1.752E-02  2.796E-02                                            14035  2   32 
  1.852E-02  3.373E-02                                            14035  2   33 
  1.978E-02  4.223E-02                                            14035  2   34 
  2.114E-02  5.593E-02                                            14035  2   35 
  2.232E-02  7.688E-02                                            14035  2   36 
  2.358E-02  1.018E-01                                            14035  2   37 
  2.519E-02  1.399E-01                                            14035  2   38 
  2.691E-02  1.819E-01                                            14035  2   39 
  2.843E-02  2.364E-01                                            14035  2   40 
  3.004E-02  3.016E-01                                            14035  2   41 
  3.210E-02  3.637E-01                                            14035  2   42 
  3.392E-02  4.470E-01                                            14035  2   43 
  3.625E-02  5.194E-01                                            14035  2   44 
  3.833E-02  5.600E-01                                            14035  2   45 
  4.144E-02  6.039E-01                                            14035  2   46 
  4.383E-02  5.608E-01                                            14035  2   47 
  4.635E-02  5.405E-01                                            14035  2   48 
  4.796E-02  4.744E-01                                            14035  2   49 
  5.132E-02  3.866E-01                                            14035  2   50 
  5.372E-02  2.977E-01                                            14035  2   51 
  5.687E-02  2.168E-01                                            14035  2   52 
  6.022E-02  1.521E-01                                            14035  2   53 
  6.378E-02  9.906E-02                                            14035  2   54 
  6.680E-02  6.571E-02                                            14035  2   55 
  7.074E-02  4.441E-02                                            14035  2   56 
  7.405E-02  3.295E-02                                            14035  2   57 
  7.835E-02  2.839E-02                                            14035  2   58 
  8.471E-02  3.005E-02                                            14035  2   59 
  8.953E-02  3.492E-02                                            14035  2   60 
  9.461E-02  4.211E-02                                            14035  2   61 
  9.998E-02  5.079E-02                                            14035  2   62 
  1.069E-01  5.902E-02                                            14035  2   63 
  1.130E-01  6.483E-02                                            14035  2   64 
  1.221E-01  6.863E-02                                            14035  2   65 
  1.306E-01  6.867E-02                                            14035  2   66 
  1.397E-01  6.745E-02                                            14035  2   67 
  1.493E-01  7.138E-02                                            14035  2   68 
  1.596E-01  7.843E-02                                            14035  2   69 
  1.687E-01  9.112E-02                                            14035  2   70 
  1.803E-01  1.020E-01                                            14035  2   71 
  1.906E-01  1.163E-01                                            14035  2   72 
  2.038E-01  1.278E-01                                            14035  2   73 
  2.228E-01  1.328E-01                                            14035  2   74 
  2.410E-01  1.233E-01                                            14035  2   75 
  2.607E-01  1.124E-01                                            14035  2   76 
  2.789E-01  9.869E-02                                            14035  2   77 
  2.951E-01  8.664E-02                                            14035  2   78 
  3.157E-01  7.897E-02                                            14035  2   79 
  3.414E-01  7.334E-02                                            14035  2   80 
  3.612E-01  6.810E-02                                            14035  2   81 
  3.906E-01  6.444E-02                                            14035  2   82 
  4.226E-01  5.874E-02                                            14035  2   83 
  4.571E-01  5.354E-02                                            14035  2   84 
  4.890E-01  4.880E-02                                            14035  2   85 
  5.173E-01  4.448E-02                                            14035  2   86 
  5.472E-01  4.053E-02                                            14035  2   87 
  5.852E-01  3.907E-02                                            14035  2   88 
  6.258E-01  3.910E-02                                            14035  2   89 
  6.692E-01  3.986E-02                                            14035  2   90 
  7.075E-01  4.140E-02                                            14035  2   91 
  7.650E-01  4.302E-02                                            14035  2   92 
  8.180E-01  4.468E-02                                            14035  2   93 
  8.844E-01  4.642E-02                                            14035  2   94 
  9.352E-01  4.732E-02                                            14035  2   95 
  9.889E-01  4.824E-02                                            14035  2   96 
  1.094E+00  4.829E-02                                            14035  2   97 
  1.183E+00  4.656E-02                                            14035  2   98 
  1.279E+00  4.324E-02                                            14035  2   99 
  1.384E+00  4.016E-02                                            14035  2  100 
  1.480E+00  3.729E-02                                            14035  2  101 
  1.601E+00  3.463E-02                                            14035  2  102 
  1.732E+00  3.157E-02                                            14035  2  103 
  1.873E+00  3.044E-02                                            14035  2  104 
  2.003E+00  2.880E-02                                            14035  2  105 
  2.191E+00  2.882E-02                                            14035  2  106 
  2.343E+00  2.831E-02                                            14035  2  107 
  2.534E+00  2.833E-02                                            14035  2  108 
  2.740E+00  2.836E-02                                            14035  2  109 
  2.930E+00  2.891E-02                                            14035  2  110 
  3.168E+00  2.840E-02                                            14035  2  111 
  3.465E+00  2.790E-02                                            14035  2  112 
  3.706E+00  2.639E-02                                            14035  2  113 
  4.008E+00  2.545E-02                                            14035  2  114 
  4.239E+00  2.453E-02                                            14035  2  115 
  4.534E+00  2.364E-02                                            14035  2  116 
  4.849E+00  2.322E-02                                            14035  2  117 
  5.128E+00  2.281E-02                                            14035  2  118 
ENDDATA            107          0                                 14035  2  119 
ENDSUBENT          118          0                                 14035  299999 
ENDENTRY             2          0                                 1403599999999 
