ENTRY            14579   20200117                             146314579  0    1 
SUBENT        14579001   20200117                             146314579  1    1 
BIB                  8         18                                 14579  1    2 
TITLE      Fragment-mass and kinetic-energy distributions from    14579  1    3 
           the spontaneous fission of 246Cm                       14579  1    4 
AUTHOR     (F.Pleasonton,R.L.Ferguson,F.Plasil,C.E.Bemis Jr)      14579  1    5 
INSTITUTE  (1USAORL)                                              14579  1    6 
REFERENCE  (J,PR/C,8,1018,1973)                                   14579  1    7 
           #doi:10.1103/PhysRevC.8.1018                           14579  1    8 
           #NSR: 1973PL04                                         14579  1    9 
DETECTOR   (SIBAR) Two surface-barrier silicon detectors. One     14579  1   10 
           detector was placed at a distance of 1.9 cm from the   14579  1   11 
           source and subtended an angle of 49 degrees at the     14579  1   12 
           center of the source, and the other detector was at a  14579  1   13 
           distance of 1.0 cm and subtended an angle of 76        14579  1   14 
           degrees.                                               14579  1   15 
SAMPLE     The 246Cm source material was deposited onto a about   14579  1   16 
           40-mu-g cm-2 carbon foil using an electromagnetic      14579  1   17 
           isotope separator.                                     14579  1   18 
METHOD     (COINC)                                                14579  1   19 
HISTORY    (20200113C) OG.                                        14579  1   20 
ENDBIB              18          0                                 14579  1   21 
NOCOMMON             0          0                                 14579  1   22 
ENDSUBENT           21          0                                 14579  199999 
SUBENT        14579002   20200117                             146314579  2    1 
BIB                  4          6                                 14579  2    2 
REACTION   (96-CM-246(0,F)MASS,PRE,FY)                            14579  2    3 
CORRECTION Correction for the emission of neutrons from the       14579  2    4 
           fragments                                              14579  2    5 
ERR-ANALYS No information on uncertainties.                       14579  2    6 
STATUS     (CURVE) Fig.2 in Phys.Rev.C,8,1018,1973 digitized by   14579  2    7 
           GSYS2.4.7                                              14579  2    8 
ENDBIB               6          0                                 14579  2    9 
NOCOMMON             0          0                                 14579  2   10 
DATA                 2         88                                 14579  2   11 
MASS       DATA                                                   14579  2   12 
NO-DIM     PC/FIS                                                 14579  2   13 
        80.     0.0266                                            14579  2   14 
        81.     0.0265                                            14579  2   15 
        82.     0.0400                                            14579  2   16 
        83.     0.0407                                            14579  2   17 
        84.     0.0801                                            14579  2   18 
        85.     0.1455                                            14579  2   19 
        86.     0.2108                                            14579  2   20 
        87.     0.1984                                            14579  2   21 
        88.     0.3282                                            14579  2   22 
        89.     0.3936                                            14579  2   23 
        90.     0.5108                                            14579  2   24 
        91.     0.6538                                            14579  2   25 
        92.     0.7451                                            14579  2   26 
        93.     0.8752                                            14579  2   27 
        94.     1.0310                                            14579  2   28 
        95.     1.3168                                            14579  2   29 
        96.     1.5892                                            14579  2   30 
        97.     2.0171                                            14579  2   31 
        98.     2.3155                                            14579  2   32 
        99.     3.0672                                            14579  2   33 
       100.     3.5858                                            14579  2   34 
       101.     4.3375                                            14579  2   35 
       102.     4.8690                                            14579  2   36 
       103.     4.9731                                            14579  2   37 
       104.     5.2457                                            14579  2   38 
       105.     6.1269                                            14579  2   39 
       106.     6.7879                                            14579  2   40 
       107.     6.8016                                            14579  2   41 
       108.     6.1028                                            14579  2   42 
       109.     5.7666                                            14579  2   43 
       110.     5.4565                                            14579  2   44 
       111.     5.0684                                            14579  2   45 
       112.     4.7840                                            14579  2   46 
       113.     3.9947                                            14579  2   47 
       114.     3.5937                                            14579  2   48 
       115.     2.5843                                            14579  2   49 
       116.     1.8984                                            14579  2   50 
       117.     1.0443                                            14579  2   51 
       118.     0.5009                                            14579  2   52 
       119.     0.2296                                            14579  2   53 
       120.     0.1006                                            14579  2   54 
       121.     0.0796                                            14579  2   55 
       122.     0.2315                                            14579  2   56 
       123.     0.0617                                            14579  2   57 
       124.     0.0528                                            14579  2   58 
       125.     0.1073                                            14579  2   59 
       126.     0.1707                                            14579  2   60 
       127.     0.3519                                            14579  2   61 
       128.     0.7139                                            14579  2   62 
       129.     1.3661                                            14579  2   63 
       130.     2.2043                                            14579  2   64 
       131.     2.9301                                            14579  2   65 
       132.     3.7337                                            14579  2   66 
       133.     4.3946                                            14579  2   67 
       134.     4.7061                                            14579  2   68 
       135.     5.3929                                            14579  2   69 
       136.     5.7560                                            14579  2   70 
       137.     5.9638                                            14579  2   71 
       138.     6.3270                                            14579  2   72 
       139.     6.6383                                            14579  2   73 
       140.     6.6391                                            14579  2   74 
       141.     6.0181                                            14579  2   75 
       142.     5.0344                                            14579  2   76 
       143.     4.5817                                            14579  2   77 
       144.     4.6600                                            14579  2   78 
       145.     4.3239                                            14579  2   79 
       146.     3.5861                                            14579  2   80 
       147.     2.7580                                            14579  2   81 
       148.     2.2105                                            14579  2   82 
       149.     1.8123                                            14579  2   83 
       150.     1.5861                                            14579  2   84 
       151.     1.1970                                            14579  2   85 
       152.     1.0071                                            14579  2   86 
       153.     0.8987                                            14579  2   87 
       154.     0.7358                                            14579  2   88 
       155.     0.6002                                            14579  2   89 
       156.     0.5008                                            14579  2   90 
       157.     0.3937                                            14579  2   91 
       158.     0.3036                                            14579  2   92 
       159.     0.2568                                            14579  2   93 
       160.     0.1301                                            14579  2   94 
       161.     0.1665                                            14579  2   95 
       162.     0.1123                                            14579  2   96 
       163.     0.0475                                            14579  2   97 
       164.     0.0579                                            14579  2   98 
       164.     0.0764                                            14579  2   99 
       165.     0.0585                                            14579  2  100 
       166.     0.0225                                            14579  2  101 
ENDDATA             90          0                                 14579  2  102 
ENDSUBENT          101          0                                 14579  299999 
SUBENT        14579003   20200117                             146314579  3    1 
BIB                  5          8                                 14579  3    2 
REACTION   (96-CM-246(0,F)MASS,PRE,KE)                            14579  3    3 
MISC-COL   (MISC) The rms widths of the total-kinetic-energy      14579  3    4 
           distributions                                          14579  3    5 
CORRECTION Correction for the effects of neutron emission from the14579  3    6 
           fragments.                                             14579  3    7 
ERR-ANALYS (DATA-ERR) No information on source of uncertainties.  14579  3    8 
STATUS     (CURVE) Fig.4 in Phys.Rev.C,8,1018,1973 digitized by   14579  3    9 
           GSYS2.4.7                                              14579  3   10 
ENDBIB               8          0                                 14579  3   11 
NOCOMMON             0          0                                 14579  3   12 
DATA                 5         83                                 14579  3   13 
MASS       DATA       DATA-ERR   MISC       MISC-ERR              14579  3   14 
NO-DIM     MEV        MEV        MEV        MEV                   14579  3   15 
    82.       153.4206                                            14579  3   16 
    83.       156.3412                8.6570                      14579  3   17 
    84.       158.0515                8.3543                      14579  3   18 
    85.       161.0733     1.5591     8.6509     0.7336           14579  3   19 
    86.       163.0862                8.5664                      14579  3   20 
    87.       163.0752                9.1763                      14579  3   21 
    88.       165.1112                9.3042                      14579  3   22 
    89.       165.0215                8.2754                      14579  3   23 
    90.       167.6525     0.8504     8.1784     0.4817           14579  3   24 
    91.       169.0932                8.8525                      14579  3   25 
    92.       169.1739                8.6271                      14579  3   26 
    93.       169.8499                8.8835                      14579  3   27 
    94.       171.5456                8.6580                      14579  3   28 
    95.       172.7312     0.5943     8.7216     0.3740           14579  3   29 
    96.       173.2365                9.2029                      14579  3   30 
    97.       174.5076                9.1058                      14579  3   31 
    98.       176.3736                8.8482                      14579  3   32 
    99.       177.3893                9.2653                      14579  3   33 
   100.       179.3403                9.4687     0.2344           14579  3   34 
   101.       181.1210                9.2962                      14579  3   35 
   102.       181.1166                9.3598                      14579  3   36 
   103.       181.6223                9.1662                      14579  3   37 
   104.       182.7229                9.4869                      14579  3   38 
   105.       183.9940     0.5943     9.5124     0.1873           14579  3   39 
   106.       185.5196                9.3573                      14579  3   40 
   107.       185.6003                9.2603                      14579  3   41 
   108.       186.6163                9.1632                      14579  3   42 
   109.       186.8670                9.4198                      14579  3   43 
   110.       188.0527                9.3688     0.1405           14579  3   44 
   111.       188.8980                9.6110                      14579  3   45 
   112.       190.0843                9.6748                      14579  3   46 
   113.       191.5247                9.8827                      14579  3   47 
   114.       192.4560                9.9577                      14579  3   48 
   115.       192.1117                9.5998     0.2809           14579  3   49 
   116.       191.8520                9.7301                      14579  3   50 
   117.       191.2530     0.5104    10.0906     0.5153           14579  3   51 
   118.       190.2290                9.2701                      14579  3   52 
   119.       186.8246     1.2743    10.4406     0.7730           14579  3   53 
   120.       181.3803     1.7854    10.0418     1.4994           14579  3   54 
   121.       183.5009     3.9100    13.3096     3.0107           14579  3   55 
   122.       179.4166     1.5307    10.8838     1.0071           14579  3   56 
   123.       181.1122     4.6750                                 14579  3   57 
   124.       193.0933     5.1854    11.9659     1.7925           14579  3   58 
   125.       183.3989     2.1243    10.2328     1.7324           14579  3   59 
   126.       185.1796     1.7004    10.8594     1.1951           14579  3   60 
   127.       187.3003     1.1043    10.1120     1.2847           14579  3   61 
   128.       189.5063               10.3414     0.6796           14579  3   62 
   129.       191.7120     0.7661     9.8722     0.3982           14579  3   63 
   130.       192.3880                9.9653     0.0241           14579  3   64 
   131.       193.5733     0.5089     9.9179     0.3279           14579  3   65 
   132.       192.4643                9.8470                      14579  3   66 
   133.       191.1003                9.6297                      14579  3   67 
   134.       189.9913               10.0146                      14579  3   68 
   135.       188.8816                9.6578     0.2342           14579  3   69 
   136.       187.9423                9.6598                      14579  3   70 
   137.       187.2579                9.4023                      14579  3   71 
   138.       186.4890                9.5624                      14579  3   72 
   139.       186.6550                9.1440                      14579  3   73 
   140.       184.7803                9.5933                      14579  3   74 
   141.       184.2655                9.3998                      14579  3   75 
   142.       183.2419                9.4634                      14579  3   76 
   143.       181.8776                9.1095                      14579  3   77 
   144.       181.3632                9.1730                      14579  3   78 
   145.       180.5942                9.4407     0.1638           14579  3   79 
   146.       179.8245                9.3324                      14579  3   80 
   147.       177.3555                9.3640                      14579  3   81 
   148.       175.9062                8.9778                      14579  3   82 
   149.       174.4568                8.7845                      14579  3   83 
   150.       173.7728                9.1800     0.3044           14579  3   84 
   151.       172.5781                9.3936                      14579  3   85 
   152.       171.7238                9.0716                      14579  3   86 
   153.       171.0398                8.4286                      14579  3   87 
   154.       169.6754                8.8456                      14579  3   88 
   155.       168.5664     0.5950     8.5879     0.4251           14579  3   89 
   156.       167.2021                7.5913                      14579  3   90 
   157.       165.6677                9.6791                      14579  3   91 
   158.       163.7087                8.2327                      14579  3   92 
   159.       161.6644                9.7421                      14579  3   93 
   160.       163.0201     1.5300     8.0434     0.7917           14579  3   94 
   161.       160.5507                8.6839                      14579  3   95 
   162.       158.7613                9.1359                      14579  3   96 
   163.       156.5470                8.9466                      14579  3   97 
   164.       155.6930                7.0605                      14579  3   98 
ENDDATA             85          0                                 14579  3   99 
ENDSUBENT           98          0                                 14579  399999 
SUBENT        14579004   20200117                             146314579  4    1 
BIB                  5          8                                 14579  4    2 
REACTION  1(96-CM-246(0,F),PRE,AP,LF)                             14579  4    3 
          2(96-CM-246(0,F),PRE,AP,HF)                             14579  4    4 
MISC-COL   (MISC) The rms width of the heavy-fragment mass        14579  4    5 
           distribution                                           14579  4    6 
CORRECTION Correction for the effects of neutron emission from the14579  4    7 
           fragments.                                             14579  4    8 
ERR-ANALYS No information on uncertainties.                       14579  4    9 
STATUS     (TABLE) Tab.1 in Phys.Rev.C,8,1018,1973                14579  4   10 
ENDBIB               8          0                                 14579  4   11 
NOCOMMON             0          0                                 14579  4   12 
DATA                 3          1                                 14579  4   13 
DATA      1DATA      2MISC                                        14579  4   14 
NO-DIM     NO-DIM     NO-DIM                                      14579  4   15 
105.9      140.1      6.4                                         14579  4   16 
ENDDATA              3          0                                 14579  4   17 
ENDSUBENT           16          0                                 14579  499999 
SUBENT        14579005   20200117                             146314579  5    1 
BIB                  6         12                                 14579  5    2 
REACTION  1(96-CM-246(0,F),PRE,KEP,LF)                            14579  5    3 
          2(96-CM-246(0,F),PRE,KEP,HF)                            14579  5    4 
MISC-COL   (MISC1) The rms widths of the light-fragment           14579  5    5 
           total-kinetic-energy distributions                     14579  5    6 
           (MISC2) The rms widths of the heavy-fragment           14579  5    7 
           total-kinetic-energy distributions                     14579  5    8 
COMMENT    The total-kinetic-energy is 184.2 MeV with the rms     14579  5    9 
           widths of total-kinetic-energy distribution 11.3 MeV   14579  5   10 
CORRECTION Correction for the effects of neutron emission from the14579  5   11 
           fragments.                                             14579  5   12 
ERR-ANALYS No information on uncertainties.                       14579  5   13 
STATUS     (TABLE) Tab.1 in Phys.Rev.C,8,1018,1973                14579  5   14 
ENDBIB              12          0                                 14579  5   15 
NOCOMMON             0          0                                 14579  5   16 
DATA                 4          1                                 14579  5   17 
DATA      1DATA      2MISC1      MISC2                            14579  5   18 
MEV        MEV        MEV        MEV                              14579  5   19 
104.4      79.4       5.4        8.3                              14579  5   20 
ENDDATA              3          0                                 14579  5   21 
ENDSUBENT           20          0                                 14579  599999 
ENDENTRY             5          0                                 1457999999999 
