ENTRY            21024   19800228                             00002102400000001 
SUBENT        21024001   19800228                             00002102400100001 
BIB                 11         13                                 2102400100002 
INSTITUTE  (2FR BRC)                                              2102400100003 
REFERENCE  (W,CABE,,65) DATA FROM EXPERIMENTAL NOTE BY CABE       2102400100004 
            SENT AS PRIVATE COMMUNICATION BY JOLY.                2102400100005 
AUTHOR     (J.CABE,R.JOLY)                                        2102400100006 
TITLE      -TOTAL CROSS SECTION MEASUREMENT OF GA-.               2102400100007 
FACILITY   (VDG  ) VAN DER GRAAFF.                                2102400100008 
INC-SOURCE (PHOTO)                                                2102400100009 
SAMPLE     .METALLIC GA.                                          2102400100010 
METHOD     (TOF  ) TIME OF FLIGHT.                                2102400100011 
DETECTOR   (SCIN ) CRYSTAL SCINTILLATOR.                          2102400100012 
STATUS     (NDD  )                                                2102400100013 
HISTORY    (790814T)                                              2102400100014 
           (790831E)                                              2102400100015 
ENDBIB              13          0                                 2102400100016 
NOCOMMON             0          0                                 2102400100017 
ENDSUBENT           16          0                                 2102400199999 
SUBENT        21024002   19790831                             00002102400200001 
BIB                  2          2                                 2102400200002 
REACTION   (31-GA-0(N,TOT),,SIG)                                  2102400200003 
STATUS     (NDD  )                                                2102400200004 
ENDBIB               2          0                                 2102400200005 
COMMON               2          3                                 2102400200006 
EN-RSL     DATA-ERR                                               2102400200007 
MEV        PER-CENT                                               2102400200008 
 3.0000E-03 3.0000E+00                                            2102400200009 
ENDCOMMON            3          0                                 2102400200010 
DATA                 2        207                                 2102400200011 
EN         DATA                                                   2102400200012 
MEV        B                                                      2102400200013 
 3.4500E-01 5.3500E+00                                            2102400200014 
 3.5000E-01 5.4400E+00                                            2102400200015 
 3.5400E-01 5.4600E+00                                            2102400200016 
 3.5900E-01 5.6800E+00                                            2102400200017 
 3.6400E-01 5.5200E+00                                            2102400200018 
 3.6600E-01 5.4000E+00                                            2102400200019 
 3.6800E-01 5.2000E+00                                            2102400200020 
 3.7200E-01 5.6600E+00                                            2102400200021 
 3.7400E-01 5.8000E+00                                            2102400200022 
 3.8000E-01 5.2600E+00                                            2102400200023 
 3.8500E-01 5.4000E+00                                            2102400200024 
 3.8900E-01 5.5600E+00                                            2102400200025 
 3.9400E-01 5.0800E+00                                            2102400200026 
 3.9800E-01 4.3500E+00                                            2102400200027 
 4.0300E-01 5.0200E+00                                            2102400200028 
 4.0800E-01 5.5400E+00                                            2102400200029 
 4.1200E-01 5.2700E+00                                            2102400200030 
 4.1700E-01 5.0200E+00                                            2102400200031 
 4.2100E-01 4.9300E+00                                            2102400200032 
 4.2500E-01 5.1500E+00                                            2102400200033 
 4.2900E-01 5.5200E+00                                            2102400200034 
 4.3400E-01 5.0200E+00                                            2102400200035 
 4.3800E-01 4.1700E+00                                            2102400200036 
 4.4300E-01 4.1600E+00                                            2102400200037 
 4.4500E-01 5.4400E+00                                            2102400200038 
 4.5000E-01 5.0800E+00                                            2102400200039 
 4.5400E-01 5.0000E+00                                            2102400200040 
 4.5800E-01 4.9400E+00                                            2102400200041 
 4.6300E-01 5.2500E+00                                            2102400200042 
 4.6700E-01 5.5200E+00                                            2102400200043 
 4.7200E-01 4.7900E+00                                            2102400200044 
 4.7600E-01 4.5000E+00                                            2102400200045 
 4.8000E-01 4.9300E+00                                            2102400200046 
 4.8400E-01 5.3400E+00                                            2102400200047 
 4.8800E-01 5.2500E+00                                            2102400200048 
 4.9300E-01 4.6100E+00                                            2102400200049 
 4.9700E-01 4.7100E+00                                            2102400200050 
 5.0200E-01 4.9200E+00                                            2102400200051 
 5.0600E-01 5.3000E+00                                            2102400200052 
 5.1000E-01 5.2200E+00                                            2102400200053 
 5.1500E-01 4.1800E+00                                            2102400200054 
 5.1900E-01 4.5300E+00                                            2102400200055 
 5.2300E-01 5.0600E+00                                            2102400200056 
 5.2800E-01 4.8600E+00                                            2102400200057 
 5.3200E-01 4.4800E+00                                            2102400200058 
 5.3700E-01 4.7000E+00                                            2102400200059 
 5.4100E-01 4.3200E+00                                            2102400200060 
 5.4500E-01 4.5800E+00                                            2102400200061 
 5.4900E-01 4.4400E+00                                            2102400200062 
 5.5400E-01 4.6600E+00                                            2102400200063 
 5.5900E-01 4.5800E+00                                            2102400200064 
 5.6400E-01 4.6600E+00                                            2102400200065 
 5.6800E-01 4.1400E+00                                            2102400200066 
 5.7200E-01 4.8000E+00                                            2102400200067 
 5.7700E-01 4.6000E+00                                            2102400200068 
 5.8100E-01 4.6000E+00                                            2102400200069 
 5.8600E-01 4.3000E+00                                            2102400200070 
 5.9000E-01 4.3900E+00                                            2102400200071 
 5.9400E-01 4.5600E+00                                            2102400200072 
 5.9800E-01 4.1700E+00                                            2102400200073 
 6.0300E-01 4.4800E+00                                            2102400200074 
 6.0700E-01 4.4000E+00                                            2102400200075 
 6.1100E-01 4.2900E+00                                            2102400200076 
 6.1600E-01 4.3300E+00                                            2102400200077 
 6.2000E-01 4.4800E+00                                            2102400200078 
 6.2400E-01 4.1500E+00                                            2102400200079 
 6.2900E-01 4.8500E+00                                            2102400200080 
 6.3300E-01 4.4000E+00                                            2102400200081 
 6.3700E-01 3.8200E+00                                            2102400200082 
 6.4100E-01 4.9000E+00                                            2102400200083 
 6.4600E-01 4.9900E+00                                            2102400200084 
 6.5000E-01 4.7600E+00                                            2102400200085 
 6.5400E-01 4.3000E+00                                            2102400200086 
 6.5800E-01 4.6700E+00                                            2102400200087 
 6.6300E-01 4.4500E+00                                            2102400200088 
 6.6700E-01 3.9200E+00                                            2102400200089 
 6.7100E-01 4.3000E+00                                            2102400200090 
 6.7500E-01 4.2300E+00                                            2102400200091 
 6.8000E-01 3.8500E+00                                            2102400200092 
 6.8400E-01 3.9000E+00                                            2102400200093 
 6.8800E-01 4.5200E+00                                            2102400200094 
 6.9200E-01 4.3000E+00                                            2102400200095 
 6.9700E-01 5.1000E+00                                            2102400200096 
 7.0100E-01 3.9000E+00                                            2102400200097 
 7.0500E-01 4.4400E+00                                            2102400200098 
 7.0900E-01 4.1000E+00                                            2102400200099 
 7.1300E-01 4.4000E+00                                            2102400200100 
 7.1800E-01 4.6300E+00                                            2102400200101 
 7.2200E-01 4.4000E+00                                            2102400200102 
 7.2600E-01 5.2300E+00                                            2102400200103 
 7.3000E-01 4.2600E+00                                            2102400200104 
 7.3500E-01 3.5600E+00                                            2102400200105 
 7.3900E-01 4.2200E+00                                            2102400200106 
 7.4300E-01 3.9500E+00                                            2102400200107 
 7.4700E-01 5.1600E+00                                            2102400200108 
 7.5200E-01 3.6200E+00                                            2102400200109 
 7.5700E-01 4.5200E+00                                            2102400200110 
 7.6000E-01 4.2000E+00                                            2102400200111 
 7.6400E-01 3.9600E+00                                            2102400200112 
 7.6800E-01 3.9300E+00                                            2102400200113 
 7.7300E-01 3.8300E+00                                            2102400200114 
 7.7700E-01 3.6800E+00                                            2102400200115 
 7.8100E-01 4.3400E+00                                            2102400200116 
 7.8500E-01 4.4000E+00                                            2102400200117 
 7.8700E-01 4.0000E+00                                            2102400200118 
 7.9000E-01 3.8000E+00                                            2102400200119 
 7.9400E-01 4.1200E+00                                            2102400200120 
 7.9800E-01 4.6200E+00                                            2102400200121 
 8.0200E-01 4.2600E+00                                            2102400200122 
 8.0600E-01 3.9000E+00                                            2102400200123 
 8.1000E-01 4.1000E+00                                            2102400200124 
 8.1500E-01 3.7000E+00                                            2102400200125 
 8.1900E-01 4.1500E+00                                            2102400200126 
 8.2300E-01 4.0000E+00                                            2102400200127 
 8.2700E-01 3.7500E+00                                            2102400200128 
 8.3100E-01 3.7000E+00                                            2102400200129 
 8.3600E-01 4.0800E+00                                            2102400200130 
 8.4000E-01 3.7500E+00                                            2102400200131 
 8.4400E-01 4.5200E+00                                            2102400200132 
 8.4800E-01 3.8500E+00                                            2102400200133 
 8.5200E-01 3.9600E+00                                            2102400200134 
 8.5600E-01 4.0500E+00                                            2102400200135 
 8.6100E-01 4.2000E+00                                            2102400200136 
 8.6500E-01 3.5600E+00                                            2102400200137 
 8.6900E-01 3.8600E+00                                            2102400200138 
 8.7300E-01 4.3200E+00                                            2102400200139 
 8.7600E-01 3.7600E+00                                            2102400200140 
 8.8000E-01 4.0600E+00                                            2102400200141 
 8.8500E-01 3.7800E+00                                            2102400200142 
 8.8900E-01 4.1200E+00                                            2102400200143 
 8.9300E-01 3.8500E+00                                            2102400200144 
 8.9700E-01 3.8000E+00                                            2102400200145 
 9.0100E-01 3.8900E+00                                            2102400200146 
 9.0500E-01 3.6900E+00                                            2102400200147 
 9.0900E-01 3.8500E+00                                            2102400200148 
 9.1400E-01 3.5600E+00                                            2102400200149 
 9.1800E-01 3.6200E+00                                            2102400200150 
 9.2200E-01 3.5000E+00                                            2102400200151 
 9.2700E-01 3.6800E+00                                            2102400200152 
 9.3100E-01 3.8400E+00                                            2102400200153 
 9.3500E-01 3.8000E+00                                            2102400200154 
 9.4000E-01 3.2400E+00                                            2102400200155 
 9.4400E-01 3.5700E+00                                            2102400200156 
 9.4800E-01 3.7000E+00                                            2102400200157 
 9.5200E-01 3.5000E+00                                            2102400200158 
 9.5600E-01 3.9200E+00                                            2102400200159 
 9.6000E-01 3.8000E+00                                            2102400200160 
 9.6400E-01 3.6400E+00                                            2102400200161 
 9.6900E-01 3.5400E+00                                            2102400200162 
 9.7300E-01 3.8200E+00                                            2102400200163 
 9.7700E-01 3.1800E+00                                            2102400200164 
 9.8100E-01 3.6600E+00                                            2102400200165 
 9.8500E-01 3.4800E+00                                            2102400200166 
 9.8900E-01 3.8500E+00                                            2102400200167 
 9.9300E-01 3.7200E+00                                            2102400200168 
 9.9700E-01 3.5400E+00                                            2102400200169 
 1.0020E+00 3.5600E+00                                            2102400200170 
 1.0060E+00 4.0800E+00                                            2102400200171 
 1.0100E+00 3.6500E+00                                            2102400200172 
 1.0140E+00 3.5900E+00                                            2102400200173 
 1.0180E+00 3.8000E+00                                            2102400200174 
 1.0220E+00 3.2000E+00                                            2102400200175 
 1.0260E+00 3.6700E+00                                            2102400200176 
 1.0300E+00 4.0500E+00                                            2102400200177 
 1.0350E+00 3.6400E+00                                            2102400200178 
 1.0390E+00 3.7100E+00                                            2102400200179 
 1.0430E+00 3.8000E+00                                            2102400200180 
 1.0470E+00 3.5900E+00                                            2102400200181 
 1.0510E+00 3.7200E+00                                            2102400200182 
 1.0550E+00 3.5700E+00                                            2102400200183 
 1.0590E+00 3.3800E+00                                            2102400200184 
 1.0640E+00 4.1400E+00                                            2102400200185 
 1.0680E+00 3.2000E+00                                            2102400200186 
 1.0720E+00 3.6100E+00                                            2102400200187 
 1.0760E+00 3.5200E+00                                            2102400200188 
 1.0800E+00 3.4000E+00                                            2102400200189 
 1.0840E+00 3.4100E+00                                            2102400200190 
 1.0880E+00 3.3300E+00                                            2102400200191 
 1.0920E+00 3.3100E+00                                            2102400200192 
 1.0960E+00 3.6000E+00                                            2102400200193 
 1.1010E+00 3.9000E+00                                            2102400200194 
 1.1040E+00 3.7600E+00                                            2102400200195 
 1.1080E+00 3.2500E+00                                            2102400200196 
 1.1120E+00 3.6200E+00                                            2102400200197 
 1.1160E+00 3.0000E+00                                            2102400200198 
 1.1200E+00 3.6300E+00                                            2102400200199 
 1.1240E+00 3.4400E+00                                            2102400200200 
 1.1280E+00 3.4100E+00                                            2102400200201 
 1.1320E+00 3.2800E+00                                            2102400200202 
 1.1370E+00 3.3400E+00                                            2102400200203 
 1.1420E+00 3.5200E+00                                            2102400200204 
 1.1460E+00 3.3400E+00                                            2102400200205 
 1.1500E+00 3.4500E+00                                            2102400200206 
 1.1540E+00 3.5000E+00                                            2102400200207 
 1.1580E+00 3.6300E+00                                            2102400200208 
 1.1620E+00 3.3300E+00                                            2102400200209 
 1.1660E+00 3.6300E+00                                            2102400200210 
 1.1700E+00 2.9000E+00                                            2102400200211 
 1.1740E+00 3.1200E+00                                            2102400200212 
 1.1780E+00 2.9200E+00                                            2102400200213 
 1.1830E+00 3.3000E+00                                            2102400200214 
 1.1870E+00 3.7200E+00                                            2102400200215 
 1.1910E+00 3.2100E+00                                            2102400200216 
 1.1950E+00 3.6400E+00                                            2102400200217 
 1.1990E+00 3.3100E+00                                            2102400200218 
 1.2030E+00 3.4500E+00                                            2102400200219 
 1.2070E+00 3.5400E+00                                            2102400200220 
ENDDATA            209          0                                 2102400200221 
ENDSUBENT          220          0                                 2102400299999 
SUBENT        21024003   19790831                             00002102400300001 
BIB                  2          2                                 2102400300002 
REACTION   (31-GA-0(N,TOT),,SIG)                                  2102400300003 
STATUS     (NDD  )                                                2102400300004 
ENDBIB               2          0                                 2102400300005 
COMMON               2          3                                 2102400300006 
EN-RSL     DATA-ERR                                               2102400300007 
MEV        PER-CENT                                               2102400300008 
 3.0000E-02 3.0000E+00                                            2102400300009 
ENDCOMMON            3          0                                 2102400300010 
DATA                 2         29                                 2102400300011 
EN         DATA                                                   2102400300012 
MEV        B                                                      2102400300013 
 3.6400E+00 3.4000E+00                                            2102400300014 
 3.7100E+00 3.3000E+00                                            2102400300015 
 3.7700E+00 3.1200E+00                                            2102400300016 
 3.8400E+00 3.2600E+00                                            2102400300017 
 3.9000E+00 3.4000E+00                                            2102400300018 
 3.9600E+00 3.5000E+00                                            2102400300019 
 4.0200E+00 3.4400E+00                                            2102400300020 
 4.0800E+00 3.4400E+00                                            2102400300021 
 4.1400E+00 3.4400E+00                                            2102400300022 
 4.2000E+00 3.4400E+00                                            2102400300023 
 4.2600E+00 3.0200E+00                                            2102400300024 
 4.3100E+00 3.4400E+00                                            2102400300025 
 4.3700E+00 3.0800E+00                                            2102400300026 
 4.4300E+00 3.6000E+00                                            2102400300027 
 4.4800E+00 3.6800E+00                                            2102400300028 
 4.5400E+00 3.1200E+00                                            2102400300029 
 4.5900E+00 3.7600E+00                                            2102400300030 
 4.6500E+00 3.4000E+00                                            2102400300031 
 4.7000E+00 3.5600E+00                                            2102400300032 
 4.7600E+00 3.6800E+00                                            2102400300033 
 4.8200E+00 3.7600E+00                                            2102400300034 
 4.8700E+00 3.5400E+00                                            2102400300035 
 4.9200E+00 3.8000E+00                                            2102400300036 
 4.9700E+00 3.7800E+00                                            2102400300037 
 5.0300E+00 3.5000E+00                                            2102400300038 
 5.0800E+00 3.3000E+00                                            2102400300039 
 5.1400E+00 3.5000E+00                                            2102400300040 
 5.1900E+00 3.6600E+00                                            2102400300041 
 5.2400E+00 3.6000E+00                                            2102400300042 
ENDDATA             31          0                                 2102400300043 
ENDSUBENT           42          0                                 2102400399999 
ENDENTRY             3          0                                 2102499999999 
