ENTRY            21068   19800311                             00002106800000001 
SUBENT        21068001   19800311                             00002106800100001 
BIB                 10         13                                 2106800100002 
INSTITUTE  (2UK HAR)                                              2106800100003 
REFERENCE  (J,JNE/A,11,14,5911)                                   2106800100004 
           (C,58GENEVA,16,44,5809) PAPER 11.                      2106800100005 
           (R,AERE-NP/GEN-9,5903) METHOD.                         2106800100006 
AUTHOR     (N.J.PATTENDEN,V.S.RAINEY)                             2106800100007 
TITLE      -THE SLOW NEUTRON TOTAL CROSS SECTION OF PU-240 -.     2106800100008 
FACILITY   (SPECC) CRYSTAL SPECTROMETER.                          2106800100009 
SAMPLE     .ENRICHED PU-240.                                      2106800100010 
METHOD     (TOF  ) TIME OF FLIGHT.                                2106800100011 
DETECTOR   (SCIN ) NO DETAILS.                                    2106800100012 
STATUS     (NDD  )                                                2106800100013 
HISTORY    (790823T)                                              2106800100014 
           (790918E)                                              2106800100015 
ENDBIB              13          0                                 2106800100016 
NOCOMMON             0          0                                 2106800100017 
ENDSUBENT           16          0                                 2106800199999 
SUBENT        21068002   19790918                             00002106800200001 
BIB                  2          2                                 2106800200002 
REACTION   (94-PU-240(N,TOT),,SIG)                                2106800200003 
STATUS     (NDD  )                                                2106800200004 
ENDBIB               2          0                                 2106800200005 
NOCOMMON             0          0                                 2106800200006 
DATA                 2        288                                 2106800200007 
EN         DATA                                                   2106800200008 
MEV        B                                                      2106800200009 
 6.5300E-08 1.9030E+02                                            2106800200010 
 6.5600E-08 1.8450E+02                                            2106800200011 
 6.6000E-08 1.9030E+02                                            2106800200012 
 6.6300E-08 1.8520E+02                                            2106800200013 
 6.6700E-08 1.7480E+02                                            2106800200014 
 6.7000E-08 1.7560E+02                                            2106800200015 
 6.7400E-08 1.7540E+02                                            2106800200016 
 6.7800E-08 1.9250E+02                                            2106800200017 
 6.8100E-08 1.8730E+02                                            2106800200018 
 6.8500E-08 1.8480E+02                                            2106800200019 
 6.8900E-08 1.8660E+02                                            2106800200020 
 6.9200E-08 1.8720E+02                                            2106800200021 
 6.9600E-08 1.8360E+02                                            2106800200022 
 7.0000E-08 1.8510E+02                                            2106800200023 
 7.0400E-08 1.8640E+02                                            2106800200024 
 7.0800E-08 1.8080E+02                                            2106800200025 
 7.1100E-08 1.8040E+02                                            2106800200026 
 7.1500E-08 1.8080E+02                                            2106800200027 
 7.1900E-08 1.8050E+02                                            2106800200028 
 7.2300E-08 1.8080E+02                                            2106800200029 
 7.2700E-08 1.8160E+02                                            2106800200030 
 7.3100E-08 1.8290E+02                                            2106800200031 
 7.3500E-08 1.8420E+02                                            2106800200032 
 7.3900E-08 1.8280E+02                                            2106800200033 
 7.4300E-08 1.8130E+02                                            2106800200034 
 7.4700E-08 1.7900E+02                                            2106800200035 
 7.5200E-08 1.8140E+02                                            2106800200036 
 7.5600E-08 1.7820E+02                                            2106800200037 
 7.6000E-08 1.7500E+02                                            2106800200038 
 7.6400E-08 1.8020E+02                                            2106800200039 
 7.6800E-08 1.8050E+02                                            2106800200040 
 7.7300E-08 1.8090E+02                                            2106800200041 
 7.7700E-08 1.7650E+02                                            2106800200042 
 7.8100E-08 1.7460E+02                                            2106800200043 
 7.8600E-08 1.7780E+02                                            2106800200044 
 7.9000E-08 1.7280E+02                                            2106800200045 
 7.9500E-08 1.7130E+02                                            2106800200046 
 7.9900E-08 1.7460E+02                                            2106800200047 
 8.0400E-08 1.7550E+02                                            2106800200048 
 8.0600E-08 1.7290E+02                                            2106800200049 
 8.1300E-08 1.7360E+02                                            2106800200050 
 8.1700E-08 1.7350E+02                                            2106800200051 
 8.2200E-08 1.7170E+02                                            2106800200052 
 8.2700E-08 1.7180E+02                                            2106800200053 
 8.3100E-08 1.7300E+02                                            2106800200054 
 8.3600E-08 1.7260E+02                                            2106800200055 
 8.4100E-08 1.7210E+02                                            2106800200056 
 8.4600E-08 1.7330E+02                                            2106800200057 
 8.5100E-08 1.6840E+02                                            2106800200058 
 8.5600E-08 1.6890E+02                                            2106800200059 
 8.6100E-08 1.7060E+02                                            2106800200060 
 8.6600E-08 1.7140E+02                                            2106800200061 
 8.7000E-08 1.7020E+02                                            2106800200062 
 8.7600E-08 1.7000E+02                                            2106800200063 
 8.8100E-08 1.7110E+02                                            2106800200064 
 8.8600E-08 1.7040E+02                                            2106800200065 
 8.9100E-08 1.6860E+02                                            2106800200066 
 8.9600E-08 1.6460E+02                                            2106800200067 
 9.0200E-08 1.6790E+02                                            2106800200068 
 9.0700E-08 1.6280E+02                                            2106800200069 
 9.1200E-08 1.6890E+02                                            2106800200070 
 9.1800E-08 1.6790E+02                                            2106800200071 
 9.2300E-08 1.6510E+02                                            2106800200072 
 9.2900E-08 1.6720E+02                                            2106800200073 
 9.3400E-08 1.6590E+02                                            2106800200074 
 9.4000E-08 1.6350E+02                                            2106800200075 
 9.4500E-08 1.6490E+02                                            2106800200076 
 9.5100E-08 1.6750E+02                                            2106800200077 
 9.5700E-08 1.6350E+02                                            2106800200078 
 9.6300E-08 1.6770E+02                                            2106800200079 
 9.6800E-08 1.6540E+02                                            2106800200080 
 9.7400E-08 1.6530E+02                                            2106800200081 
 9.8000E-08 1.6400E+02                                            2106800200082 
 9.8600E-08 1.6270E+02                                            2106800200083 
 9.9200E-08 1.6460E+02                                            2106800200084 
 9.9800E-08 1.6460E+02                                            2106800200085 
 1.0040E-07 1.5890E+02                                            2106800200086 
 1.0110E-07 1.6300E+02                                            2106800200087 
 1.0170E-07 1.6000E+02                                            2106800200088 
 1.0230E-07 1.5710E+02                                            2106800200089 
 1.0300E-07 1.5870E+02                                            2106800200090 
 1.0360E-07 1.6240E+02                                            2106800200091 
 1.0430E-07 1.6100E+02                                            2106800200092 
 1.0490E-07 1.6020E+02                                            2106800200093 
 1.0560E-07 1.6090E+02                                            2106800200094 
 1.0620E-07 1.6310E+02                                            2106800200095 
 1.0690E-07 1.5870E+02                                            2106800200096 
 1.0760E-07 1.6060E+02                                            2106800200097 
 1.0820E-07 1.6170E+02                                            2106800200098 
 1.0900E-07 1.6180E+02                                            2106800200099 
 1.0960E-07 1.6020E+02                                            2106800200100 
 1.1030E-07 1.6000E+02                                            2106800200101 
 1.1100E-07 1.5620E+02                                            2106800200102 
 1.1180E-07 1.5590E+02                                            2106800200103 
 1.1250E-07 1.6150E+02                                            2106800200104 
 1.1320E-07 1.5750E+02                                            2106800200105 
 1.1400E-07 1.5600E+02                                            2106800200106 
 1.1470E-07 1.5590E+02                                            2106800200107 
 1.1540E-07 1.5270E+02                                            2106800200108 
 1.1620E-07 1.5580E+02                                            2106800200109 
 1.1700E-07 1.5650E+02                                            2106800200110 
 1.1770E-07 1.5840E+02                                            2106800200111 
 1.1850E-07 1.5670E+02                                            2106800200112 
 1.1930E-07 1.5660E+02                                            2106800200113 
 1.2010E-07 1.5500E+02                                            2106800200114 
 1.2090E-07 1.5810E+02                                            2106800200115 
 1.2170E-07 1.5240E+02                                            2106800200116 
 1.2250E-07 1.5780E+02                                            2106800200117 
 1.2340E-07 1.5640E+02                                            2106800200118 
 1.2420E-07 1.5750E+02                                            2106800200119 
 1.2500E-07 1.5200E+02                                            2106800200120 
 1.2590E-07 1.5300E+02                                            2106800200121 
 1.2670E-07 1.5360E+02                                            2106800200122 
 1.2760E-07 1.5450E+02                                            2106800200123 
 1.2850E-07 1.5510E+02                                            2106800200124 
 1.2940E-07 1.5340E+02                                            2106800200125 
 1.3030E-07 1.4290E+02                                            2106800200126 
 1.3120E-07 1.5060E+02                                            2106800200127 
 1.3210E-07 1.5520E+02                                            2106800200128 
 1.3300E-07 1.4920E+02                                            2106800200129 
 1.3400E-07 1.5360E+02                                            2106800200130 
 1.3490E-07 1.5380E+02                                            2106800200131 
 1.3580E-07 1.4850E+02                                            2106800200132 
 1.3680E-07 1.5070E+02                                            2106800200133 
 1.3780E-07 1.5590E+02                                            2106800200134 
 1.3870E-07 1.5280E+02                                            2106800200135 
 1.3970E-07 1.4860E+02                                            2106800200136 
 1.4070E-07 1.5310E+02                                            2106800200137 
 1.4180E-07 1.5210E+02                                            2106800200138 
 1.4280E-07 1.4740E+02                                            2106800200139 
 1.4380E-07 1.5470E+02                                            2106800200140 
 1.4490E-07 1.4990E+02                                            2106800200141 
 1.4590E-07 1.4970E+02                                            2106800200142 
 1.4700E-07 1.4610E+02                                            2106800200143 
 1.4810E-07 1.4720E+02                                            2106800200144 
 1.4920E-07 1.4760E+02                                            2106800200145 
 1.5030E-07 1.4220E+02                                            2106800200146 
 1.5140E-07 1.4510E+02                                            2106800200147 
 1.5250E-07 1.5140E+02                                            2106800200148 
 1.5370E-07 1.4090E+02                                            2106800200149 
 1.5480E-07 1.4730E+02                                            2106800200150 
 1.5600E-07 1.4740E+02                                            2106800200151 
 1.5720E-07 1.4440E+02                                            2106800200152 
 1.5840E-07 1.4670E+02                                            2106800200153 
 1.5960E-07 1.4530E+02                                            2106800200154 
 1.6080E-07 1.4930E+02                                            2106800200155 
 1.6200E-07 1.4720E+02                                            2106800200156 
 1.6330E-07 1.4890E+02                                            2106800200157 
 1.6450E-07 1.4650E+02                                            2106800200158 
 1.6580E-07 1.4000E+02                                            2106800200159 
 1.6710E-07 1.4250E+02                                            2106800200160 
 1.6840E-07 1.5040E+02                                            2106800200161 
 1.6970E-07 1.4700E+02                                            2106800200162 
 1.7110E-07 1.4560E+02                                            2106800200163 
 1.7240E-07 1.5100E+02                                            2106800200164 
 1.7380E-07 1.5140E+02                                            2106800200165 
 1.7520E-07 1.4670E+02                                            2106800200166 
 1.7660E-07 1.4790E+02                                            2106800200167 
 1.7800E-07 1.4990E+02                                            2106800200168 
 1.7940E-07 1.5420E+02                                            2106800200169 
 1.8090E-07 1.4700E+02                                            2106800200170 
 1.8240E-07 1.5500E+02                                            2106800200171 
 1.8390E-07 1.5310E+02                                            2106800200172 
 1.8540E-07 1.4440E+02                                            2106800200173 
 1.8690E-07 1.5050E+02                                            2106800200174 
 1.8840E-07 1.4790E+02                                            2106800200175 
 1.9000E-07 1.4810E+02                                            2106800200176 
 1.9160E-07 1.4860E+02                                            2106800200177 
 1.9320E-07 1.5530E+02                                            2106800200178 
 1.9480E-07 1.4930E+02                                            2106800200179 
 1.9820E-07 1.5210E+02                                            2106800200180 
 1.9990E-07 1.6050E+02                                            2106800200181 
 2.0160E-07 1.4230E+02                                            2106800200182 
 2.0330E-07 1.4720E+02                                            2106800200183 
 2.0510E-07 1.5060E+02                                            2106800200184 
 2.0690E-07 1.4410E+02                                            2106800200185 
 2.0860E-07 1.4960E+02                                            2106800200186 
 2.1050E-07 1.4960E+02                                            2106800200187 
 2.1230E-07 1.5570E+02                                            2106800200188 
 2.1420E-07 1.4710E+02                                            2106800200189 
 2.1610E-07 1.4820E+02                                            2106800200190 
 2.1800E-07 1.5350E+02                                            2106800200191 
 2.2000E-07 1.5150E+02                                            2106800200192 
 2.2190E-07 1.5180E+02                                            2106800200193 
 2.2400E-07 1.5150E+02                                            2106800200194 
 2.2600E-07 1.4860E+02                                            2106800200195 
 2.2810E-07 1.5080E+02                                            2106800200196 
 2.3020E-07 1.5320E+02                                            2106800200197 
 2.3230E-07 1.5500E+02                                            2106800200198 
 2.3450E-07 1.4710E+02                                            2106800200199 
 2.3660E-07 1.5410E+02                                            2106800200200 
 2.3880E-07 1.5170E+02                                            2106800200201 
 2.4110E-07 1.4350E+02                                            2106800200202 
 2.4330E-07 1.4450E+02                                            2106800200203 
 2.4570E-07 1.4110E+02                                            2106800200204 
 2.4790E-07 1.3200E+02                                            2106800200205 
 2.5030E-07 1.4310E+02                                            2106800200206 
 2.5270E-07 1.4450E+02                                            2106800200207 
 2.5520E-07 1.4470E+02                                            2106800200208 
 2.5760E-07 1.3960E+02                                            2106800200209 
 2.6020E-07 1.5300E+02                                            2106800200210 
 2.6270E-07 1.4640E+02                                            2106800200211 
 2.6530E-07 1.4680E+02                                            2106800200212 
 2.6790E-07 1.4810E+02                                            2106800200213 
 2.7060E-07 1.4720E+02                                            2106800200214 
 2.7330E-07 1.5050E+02                                            2106800200215 
 2.7610E-07 1.4810E+02                                            2106800200216 
 2.7890E-07 1.4450E+02                                            2106800200217 
 2.8170E-07 1.4730E+02                                            2106800200218 
 2.8460E-07 1.5270E+02                                            2106800200219 
 2.8750E-07 1.6010E+02                                            2106800200220 
 2.9050E-07 1.5870E+02                                            2106800200221 
 2.9340E-07 1.5310E+02                                            2106800200222 
 2.9650E-07 1.5110E+02                                            2106800200223 
 2.9960E-07 1.5170E+02                                            2106800200224 
 3.0280E-07 1.5970E+02                                            2106800200225 
 3.0600E-07 1.5410E+02                                            2106800200226 
 3.0920E-07 1.5810E+02                                            2106800200227 
 3.1250E-07 1.6380E+02                                            2106800200228 
 3.1590E-07 1.5980E+02                                            2106800200229 
 3.1930E-07 1.5680E+02                                            2106800200230 
 3.2280E-07 1.6090E+02                                            2106800200231 
 3.2640E-07 1.6660E+02                                            2106800200232 
 3.2990E-07 1.5890E+02                                            2106800200233 
 3.3360E-07 1.7290E+02                                            2106800200234 
 3.3730E-07 1.6980E+02                                            2106800200235 
 3.4110E-07 1.6970E+02                                            2106800200236 
 3.4490E-07 1.6740E+02                                            2106800200237 
 3.4880E-07 1.6850E+02                                            2106800200238 
 3.5280E-07 1.6570E+02                                            2106800200239 
 3.5690E-07 1.6220E+02                                            2106800200240 
 3.6090E-07 1.6740E+02                                            2106800200241 
 3.6510E-07 1.6780E+02                                            2106800200242 
 3.6930E-07 1.6720E+02                                            2106800200243 
 3.7360E-07 1.6720E+02                                            2106800200244 
 3.7810E-07 1.7290E+02                                            2106800200245 
 3.8250E-07 1.7200E+02                                            2106800200246 
 3.8710E-07 1.7440E+02                                            2106800200247 
 3.9170E-07 1.7300E+02                                            2106800200248 
 3.9640E-07 1.7370E+02                                            2106800200249 
 4.0130E-07 1.8570E+02                                            2106800200250 
 4.0620E-07 1.8160E+02                                            2106800200251 
 4.1130E-07 1.6820E+02                                            2106800200252 
 4.1640E-07 1.7540E+02                                            2106800200253 
 4.2160E-07 1.8400E+02                                            2106800200254 
 4.2700E-07 1.8110E+02                                            2106800200255 
 4.3230E-07 1.7750E+02                                            2106800200256 
 4.3790E-07 1.8250E+02                                            2106800200257 
 4.4350E-07 1.8870E+02                                            2106800200258 
 4.4930E-07 1.8920E+02                                            2106800200259 
 4.5500E-07 1.9750E+02                                            2106800200260 
 4.6100E-07 1.9420E+02                                            2106800200261 
 4.6710E-07 1.9550E+02                                            2106800200262 
 4.7330E-07 2.0780E+02                                            2106800200263 
 4.7960E-07 2.0100E+02                                            2106800200264 
 4.8600E-07 2.0870E+02                                            2106800200265 
 4.9250E-07 2.0750E+02                                            2106800200266 
 4.9930E-07 2.2150E+02                                            2106800200267 
 5.0620E-07 2.1850E+02                                            2106800200268 
 5.1310E-07 2.2130E+02                                            2106800200269 
 5.2020E-07 2.2740E+02                                            2106800200270 
 5.2760E-07 2.3570E+02                                            2106800200271 
 5.3500E-07 2.3650E+02                                            2106800200272 
 5.4260E-07 2.4880E+02                                            2106800200273 
 5.5050E-07 2.4240E+02                                            2106800200274 
 5.5840E-07 2.5620E+02                                            2106800200275 
 5.6650E-07 2.7530E+02                                            2106800200276 
 5.7480E-07 2.7190E+02                                            2106800200277 
 5.8320E-07 2.8580E+02                                            2106800200278 
 5.9180E-07 2.8110E+02                                            2106800200279 
 6.0080E-07 2.9790E+02                                            2106800200280 
 6.0980E-07 3.0610E+02                                            2106800200281 
 6.1910E-07 3.1540E+02                                            2106800200282 
 6.2870E-07 3.2740E+02                                            2106800200283 
 6.3820E-07 3.3700E+02                                            2106800200284 
 6.4820E-07 3.5600E+02                                            2106800200285 
 6.5830E-07 3.5740E+02                                            2106800200286 
 6.6880E-07 3.7890E+02                                            2106800200287 
 6.7950E-07 3.9520E+02                                            2106800200288 
 6.9020E-07 4.1330E+02                                            2106800200289 
 7.0150E-07 4.4370E+02                                            2106800200290 
 7.1290E-07 4.7550E+02                                            2106800200291 
 7.2470E-07 5.0190E+02                                            2106800200292 
 7.3680E-07 5.4360E+02                                            2106800200293 
 7.4940E-07 5.8020E+02                                            2106800200294 
 7.6210E-07 6.1940E+02                                            2106800200295 
 7.7510E-07 6.6110E+02                                            2106800200296 
 7.8840E-07 7.2990E+02                                            2106800200297 
ENDDATA            290          0                                 2106800200298 
ENDSUBENT          297          0                                 2106800299999 
SUBENT        21068003   19790918                             00002106800300001 
BIB                  4          4                                 2106800300002 
REACTION   (94-PU-240(N,TOT),,SIG)                                2106800300003 
ANALYSIS   .FROM DIFFERENTIAL CRYSTAL SPECTROMETER DATA.          2106800300004 
STATUS     (NDD  )                                                2106800300005 
ERR-ANALYS .ONE STANDARD DEVIATION.                               2106800300006 
ENDBIB               4          0                                 2106800300007 
NOCOMMON             0          0                                 2106800300008 
DATA                 3          1                                 2106800300009 
EN         DATA       DATA-ERR                                    2106800300010 
EV         B          B                                           2106800300011 
 2.5300E-02 2.7300E+02 8.0000E+00                                 2106800300012 
ENDDATA              3          0                                 2106800300013 
ENDSUBENT           12          0                                 2106800399999 
SUBENT        21068004   19790918                             00002106800400001 
BIB                  4          6                                 2106800400002 
REACTION  1(94-PU-240(N,TOT),,WID)                                2106800400003 
          2(94-PU-240(N,EL),,WID/RED)                             2106800400004 
          3(94-PU-240(N,G),,WID)                                  2106800400005 
ANALYSIS   (AREA ) NO DETAILS.                                    2106800400006 
STATUS     (NDD  )                                                2106800400007 
ERR-ANALYS .ONE STANDARD DEVIATION.                               2106800400008 
ENDBIB               6          0                                 2106800400009 
COMMON               1          3                                 2106800400010 
MOMENTUM L                                                        2106800400011 
NO-DIM                                                            2106800400012 
 0.0000E+00                                                       2106800400013 
ENDCOMMON            3          0                                 2106800400014 
DATA                 6          1                                 2106800400015 
EN-RES     DATA      1DATA-ERR  1DATA      2DATA-ERR  2DATA      32106800400016 
EV         MILLI-EV   MILLI-EV   MILLI-EV   MILLI-EV   MILLI-EV   2106800400017 
 1.0570E+00 3.2100E+01 4.0000E+00 2.4000E+00 2.0000E+00 2.9600E+012106800400018 
ENDDATA              3          0                                 2106800400019 
ENDSUBENT           18          0                                 2106800499999 
ENDENTRY             4          0                                 2106899999999 
