ENTRY            21111   19800411                             00002111100000001 
SUBENT        21111001   19800411                             00002111100100001 
BIB                 10         12                                 2111100100002 
INSTITUTE  (2UK HAR)                                              2111100100003 
REFERENCE  (R,NRDC-123,,59)                                       2111100100004 
AUTHOR     (BROOKS)                                               2111100100005 
TITLE      -FISSION RESONANCE PARAMETERS IN U-235 BY THE SELF-    2111100100006 
            INDICATION METHOD-.                                   2111100100007 
FACILITY   (CHOPS) NO DETAILS.                                    2111100100008 
SAMPLE     .ENRICHED U-235, NO DETAILS.                           2111100100009 
METHOD     .SELF INDICATION METHOD.                               2111100100010 
PART-DET   (FF   ) FISSION FRAGMENTS.                             2111100100011 
STATUS     (NDD  )                                                2111100100012 
HISTORY    (790916T)                                              2111100100013 
           (791001E)                                              2111100100014 
ENDBIB              12          0                                 2111100100015 
NOCOMMON             0          0                                 2111100100016 
ENDSUBENT           15          0                                 2111100199999 
SUBENT        21111002   19791001                             00002111100200001 
BIB                  4          4                                 2111100200002 
REACTION   (92-U-235(N,F),,WID)                                   2111100200003 
ANALYSIS   .NO DETAILS.                                           2111100200004 
STATUS     (NDD  )                                                2111100200005 
ERR-ANALYS .ABSOLUTE STANDARD DEVIATION ERRORS GIVEN.             2111100200006 
ENDBIB               4          0                                 2111100200007 
NOCOMMON             0          0                                 2111100200008 
DATA                 3         39                                 2111100200009 
EN-RES     DATA       DATA-ERR                                    2111100200010 
EV         MILLI-EV   MILLI-EV                                    2111100200011 
 6.1000E+00 3.9000E+01 2.8000E+01                                 2111100200012 
 6.3800E+00 1.2000E+01 3.0000E+00                                 2111100200013 
 7.1000E+00 1.6000E+01 3.0000E+00                                 2111100200014 
 8.7800E+00 5.6000E+01 5.0000E+00                                 2111100200015 
 9.2600E+00 1.0000E+02 5.0000E+01                                 2111100200016 
 1.1650E+01 6.8000E+00 1.5000E+00                                 2111100200017 
 1.2400E+01 2.1000E+01 3.0000E+00                                 2111100200018 
 1.2850E+01 3.4000E+01 1.2000E+01                                 2111100200019 
 1.3300E+01 6.4000E+01 4.8000E+01                                 2111100200020 
 1.3800E+01 7.7000E+01 3.0000E+01                                 2111100200021 
 1.4100E+01 7.0000E+01 2.0000E+01                                 2111100200022 
 1.4600E+01 3.6000E+01 9.0000E+00                                 2111100200023 
 1.5400E+01 3.6000E+01 1.2000E+01                                 2111100200024 
 1.6100E+01 1.3000E+01 3.0000E+00                                 2111100200025 
 1.6700E+01 3.3000E+01 8.0000E+00                                 2111100200026 
 1.8100E+01 3.6000E+01 9.0000E+00                                 2111100200027 
 1.8700E+01 2.5000E+01 5.0000E+00                                 2111100200028 
 1.9300E+01 2.5000E+01 2.0000E+00                                 2111100200029 
 2.0600E+01 1.4000E+01 3.0000E+00                                 2111100200030 
 2.1200E+01 1.0000E+01 2.0000E+00                                 2111100200031 
 2.3000E+01 1.8000E+01 2.0000E+00                                 2111100200032 
 2.3700E+01 2.7000E+01 2.0000E+00                                 2111100200033 
 2.4400E+01 2.8000E+01 2.0000E+00                                 2111100200034 
 2.5100E+01 6.4000E+01 2.2000E+01                                 2111100200035 
 2.5600E+01 6.2000E+01 1.1000E+01                                 2111100200036 
 2.6500E+01 3.1000E+01 6.0000E+00                                 2111100200037 
 2.7900E+01 2.6000E+01 7.0000E+00                                 2111100200038 
 3.0900E+01 1.1000E+01 2.0000E+00                                 2111100200039 
 3.2100E+01 1.5000E+01 1.0000E+00                                 2111100200040 
 3.3600E+01 1.4000E+01 2.0000E+00                                 2111100200041 
 3.4500E+01 2.2000E+01 4.0000E+00                                 2111100200042 
 3.5300E+01 2.8000E+01 2.0000E+00                                 2111100200043 
 3.9700E+01 1.9000E+01 2.0000E+00                                 2111100200044 
 4.0700E+01 1.9000E+01 6.0000E+00                                 2111100200045 
 4.2000E+01 1.7000E+01 2.0000E+00                                 2111100200046 
 4.3600E+01 2.1000E+01 6.0000E+00                                 2111100200047 
 4.4800E+01 2.9000E+01 7.0000E+00                                 2111100200048 
 4.7100E+01 1.9000E+01 3.0000E+00                                 2111100200049 
 4.8500E+01 2.3000E+01 3.0000E+00                                 2111100200050 
ENDDATA             41          0                                 2111100200051 
ENDSUBENT           50          0                                 2111100299999 
ENDENTRY             2          0                                 2111199999999 
