ENTRY            21323   19801103                             00002132300000001 
SUBENT        21323001   19801103                             00002132300100001 
BIB                 12         14                                 2132300100002 
INSTITUTE  (2ITYCAS)                                              2132300100003 
REFERENCE  (J,NIM,33,229,6503)                                    2132300100004 
AUTHOR     (B.ANTONINI,N.MERZAGORA,G.PAULI)                       2132300100005 
TITLE      -A SLOW NEUTRON CHOPPER FOR ENERGIES BETWEEN 0.1 AND   2132300100006 
            0.001 EV -.                                           2132300100007 
FACILITY   (CHOPS) SLOW CHOPPER.                                  2132300100008 
INC-SOURCE (REAC ) RC-1 REACTOR, THERMAL COLUMN.                  2132300100009 
SAMPLE     .METAL FOIL, 0.2 MM THICK.                             2132300100010 
METHOD     (TOF  ) TIME OF FLIGHT.                                2132300100011 
DETECTOR   (PROPC) B-F3 PROPORTIONAL COUNTER.                     2132300100012 
STATUS     (NDD  )                                                2132300100013 
HISTORY    (800204T)                                              2132300100014 
           (800213E)                                              2132300100015 
ERR-ANALYS .STATISTICAL ERRORS ONLY.                              2132300100016 
ENDBIB              14          0                                 2132300100017 
NOCOMMON             0          0                                 2132300100018 
ENDSUBENT           17          0                                 2132300199999 
SUBENT        21323002   19800213                             00002132300200001 
BIB                  4          5                                 2132300200002 
REACTION   (79-AU-197(N,TOT),,SIG) TOTAL CROSS SECTION.           2132300200003 
ANALYSIS   .AT WAVELENGTHS GREATER THAN 4.71 ANGSTROMS, THE       2132300200004 
            CROSS SECTION IS FITTED BY (53.8+-0.8)*WAVELENGTH.    2132300200005 
MISC-COL   (MISC) WAVELENGTH IN ANGSTROMS.                        2132300200006 
STATUS     (NDD  ) ORIGINALLY READ FROM GRAPH BY ANTONINI.        2132300200007 
ENDBIB               5          0                                 2132300200008 
NOCOMMON             0          0                                 2132300200009 
DATA                 4        109                                 2132300200010 
EN         MISC       DATA       DATA-ERR                         2132300200011 
MEV        ANGSTROM   B          B                                2132300200012 
 6.7636E-10 1.0998E+01 6.6700E+02 5.5000E+01                      2132300200013 
 6.8807E-10 1.0904E+01 6.1400E+02 5.3000E+01                      2132300200014 
 7.0009E-10 1.0810E+01 5.6500E+02 5.0000E+01                      2132300200015 
 7.1243E-10 1.0716E+01 6.3100E+02 4.9000E+01                      2132300200016 
 7.2509E-10 1.0622E+01 6.0500E+02 4.7000E+01                      2132300200017 
 7.3810E-10 1.0528E+01 6.2200E+02 4.5000E+01                      2132300200018 
 7.5146E-10 1.0434E+01 5.2800E+02 4.4000E+01                      2132300200019 
 7.6518E-10 1.0340E+01 6.2300E+02 4.0000E+01                      2132300200020 
 7.7929E-10 1.0246E+01 5.3700E+02 3.8000E+01                      2132300200021 
 7.9378E-10 1.0152E+01 5.9700E+02 3.8000E+01                      2132300200022 
 8.0869E-10 1.0058E+01 5.1000E+02 3.5000E+01                      2132300200023 
 8.2402E-10 9.9640E+00 5.2300E+02 3.4000E+01                      2132300200024 
 8.3979E-10 9.8700E+00 5.0700E+02 3.3000E+01                      2132300200025 
 8.5602E-10 9.7760E+00 4.9400E+02 3.2000E+01                      2132300200026 
 8.7272E-10 9.6820E+00 5.3300E+02 3.2000E+01                      2132300200027 
 8.8992E-10 9.5880E+00 5.1300E+02 3.1000E+01                      2132300200028 
 9.0763E-10 9.4940E+00 5.0400E+02 2.9000E+01                      2132300200029 
 9.2587E-10 9.4000E+00 4.3700E+02 2.8000E+01                      2132300200030 
 9.4467E-10 9.3060E+00 4.2800E+02 2.7000E+01                      2132300200031 
 9.6404E-10 9.2120E+00 4.8300E+02 2.7000E+01                      2132300200032 
 9.8402E-10 9.1180E+00 5.1800E+02 2.7000E+01                      2132300200033 
 1.0046E-09 9.0240E+00 5.1600E+02 2.7000E+01                      2132300200034 
 1.0259E-09 8.9300E+00 4.8400E+02 2.3000E+01                      2132300200035 
 1.0478E-09 8.8360E+00 5.0700E+02 2.2000E+01                      2132300200036 
 1.0705E-09 8.7420E+00 4.6400E+02 2.1000E+01                      2132300200037 
 1.0939E-09 8.6480E+00 4.6700E+02 2.2000E+01                      2132300200038 
 1.1181E-09 8.5540E+00 4.3400E+02 2.0000E+01                      2132300200039 
 1.1430E-09 8.4600E+00 4.9600E+02 2.0000E+01                      2132300200040 
 1.1689E-09 8.3660E+00 4.4400E+02 2.0000E+01                      2132300200041 
 1.1956E-09 8.2720E+00 4.2200E+02 1.9000E+01                      2132300200042 
 1.2232E-09 8.1780E+00 4.5900E+02 1.8000E+01                      2132300200043 
 1.2518E-09 8.0840E+00 4.3800E+02 1.8000E+01                      2132300200044 
 1.2815E-09 7.9900E+00 4.4300E+02 1.7000E+01                      2132300200045 
 1.3122E-09 7.8960E+00 4.0300E+02 1.5000E+01                      2132300200046 
 1.3440E-09 7.8020E+00 3.7900E+02 1.6000E+01                      2132300200047 
 1.3770E-09 7.7080E+00 3.8500E+02 1.5000E+01                      2132300200048 
 1.4112E-09 7.6140E+00 4.1400E+02 1.5000E+01                      2132300200049 
 1.4467E-09 7.5200E+00 4.0800E+02 1.4000E+01                      2132300200050 
 1.4835E-09 7.4260E+00 3.9400E+02 1.4000E+01                      2132300200051 
 1.5218E-09 7.3320E+00 3.8900E+02 1.3000E+01                      2132300200052 
 1.5616E-09 7.2380E+00 3.9200E+02 1.2000E+01                      2132300200053 
 1.6029E-09 7.1440E+00 3.8400E+02 1.2000E+01                      2132300200054 
 1.6460E-09 7.0500E+00 3.6700E+02 1.4000E+01                      2132300200055 
 1.6908E-09 6.9560E+00 3.8600E+02 1.4000E+01                      2132300200056 
 1.7374E-09 6.8620E+00 3.4700E+02 1.5000E+01                      2132300200057 
 1.7860E-09 6.7680E+00 3.5000E+02 1.5000E+01                      2132300200058 
 1.8367E-09 6.6740E+00 3.4200E+02 1.5000E+01                      2132300200059 
 1.8895E-09 6.5800E+00 3.2800E+02 1.6000E+01                      2132300200060 
 1.9447E-09 6.4860E+00 3.6100E+02 1.6000E+01                      2132300200061 
 2.0023E-09 6.3920E+00 3.3700E+02 1.6000E+01                      2132300200062 
 2.0625E-09 6.2980E+00 3.3400E+02 1.6000E+01                      2132300200063 
 2.1255E-09 6.2040E+00 3.3100E+02 1.5000E+01                      2132300200064 
 2.1914E-09 6.1100E+00 3.2900E+02 1.5000E+01                      2132300200065 
 2.2604E-09 6.0160E+00 3.5100E+02 1.3000E+01                      2132300200066 
 2.3327E-09 5.9220E+00 3.3700E+02 1.3000E+01                      2132300200067 
 2.4086E-09 5.8280E+00 3.2000E+02 1.2000E+01                      2132300200068 
 2.4882E-09 5.7340E+00 3.1200E+02 1.2000E+01                      2132300200069 
 2.5719E-09 5.6400E+00 3.0900E+02 1.1000E+01                      2132300200070 
 2.6598E-09 5.5460E+00 2.9100E+02 1.1000E+01                      2132300200071 
 2.7523E-09 5.4520E+00 2.8800E+02 1.1000E+01                      2132300200072 
 2.8497E-09 5.3580E+00 2.8300E+02 1.0000E+01                      2132300200073 
 2.9524E-09 5.2640E+00 2.7100E+02 1.0000E+01                      2132300200074 
 3.0607E-09 5.1700E+00 2.8600E+02 1.0000E+01                      2132300200075 
 3.1751E-09 5.0760E+00 2.7000E+02 1.0000E+01                      2132300200076 
 3.2961E-09 4.9820E+00 2.6400E+02 1.0000E+01                      2132300200077 
 3.4241E-09 4.8880E+00 2.6000E+02 1.0000E+01                      2132300200078 
 3.5597E-09 4.7940E+00 2.6800E+02 9.0000E+00                      2132300200079 
 3.7035E-09 4.7000E+00 2.5600E+02 8.0000E+00                      2132300200080 
 3.8562E-09 4.6060E+00 2.5200E+02 8.0000E+00                      2132300200081 
 4.0185E-09 4.5120E+00 2.3100E+02 8.0000E+00                      2132300200082 
 4.1913E-09 4.4180E+00 2.5200E+02 8.0000E+00                      2132300200083 
 4.3756E-09 4.3240E+00 2.1800E+02 7.0000E+00                      2132300200084 
 4.5722E-09 4.2300E+00 2.3500E+02 8.0000E+00                      2132300200085 
 4.7824E-09 4.1360E+00 2.2200E+02 8.0000E+00                      2132300200086 
 5.0074E-09 4.0420E+00 2.2800E+02 8.0000E+00                      2132300200087 
 5.2487E-09 3.9480E+00 2.0600E+02 7.0000E+00                      2132300200088 
 5.5078E-09 3.8540E+00 2.0800E+02 7.0000E+00                      2132300200089 
 5.7867E-09 3.7600E+00 1.9700E+02 7.0000E+00                      2132300200090 
 6.0872E-09 3.6660E+00 2.0100E+02 6.0000E+00                      2132300200091 
 6.4118E-09 3.5720E+00 1.7900E+02 7.0000E+00                      2132300200092 
 6.7631E-09 3.4780E+00 1.9400E+02 7.0000E+00                      2132300200093 
 7.1440E-09 3.3840E+00 1.9200E+02 7.0000E+00                      2132300200094 
 7.5581E-09 3.2900E+00 1.8400E+02 6.0000E+00                      2132300200095 
 8.0093E-09 3.1960E+00 1.8400E+02 6.0000E+00                      2132300200096 
 8.5020E-09 3.1020E+00 1.6900E+02 6.0000E+00                      2132300200097 
 9.0417E-09 3.0080E+00 1.5800E+02 6.0000E+00                      2132300200098 
 9.6344E-09 2.9140E+00 1.5900E+02 6.0000E+00                      2132300200099 
 1.0287E-08 2.8200E+00 1.5100E+02 5.0000E+00                      2132300200100 
 1.1009E-08 2.7260E+00 1.5600E+02 6.0000E+00                      2132300200101 
 1.1810E-08 2.6320E+00 1.4400E+02 6.0000E+00                      2132300200102 
 1.2701E-08 2.5380E+00 1.4400E+02 6.0000E+00                      2132300200103 
 1.3696E-08 2.4440E+00 1.3800E+02 6.0000E+00                      2132300200104 
 1.4814E-08 2.3500E+00 1.2100E+02 6.0000E+00                      2132300200105 
 1.6074E-08 2.2560E+00 1.2000E+02 6.0000E+00                      2132300200106 
 1.7502E-08 2.1620E+00 1.1900E+02 6.0000E+00                      2132300200107 
 1.9129E-08 2.0680E+00 1.2100E+02 6.0000E+00                      2132300200108 
 2.0995E-08 1.9740E+00 1.2300E+02 6.0000E+00                      2132300200109 
 2.3147E-08 1.8800E+00 1.1200E+02 7.0000E+00                      2132300200110 
 2.5647E-08 1.7860E+00 9.1000E+01 7.0000E+00                      2132300200111 
 2.8576E-08 1.6920E+00 1.0900E+02 7.0000E+00                      2132300200112 
 3.2037E-08 1.5980E+00 8.3000E+01 7.0000E+00                      2132300200113 
 3.6167E-08 1.5040E+00 9.6000E+01 7.0000E+00                      2132300200114 
 4.1150E-08 1.4100E+00 7.2000E+01 7.0000E+00                      2132300200115 
 4.7238E-08 1.3160E+00 7.7000E+01 7.0000E+00                      2132300200116 
 5.4785E-08 1.2220E+00 8.3000E+01 7.0000E+00                      2132300200117 
 6.4296E-08 1.1280E+00 6.3000E+01 8.0000E+00                      2132300200118 
 7.6518E-08 1.0340E+00 7.0000E+01 8.0000E+00                      2132300200119 
 9.2587E-08 9.4000E-01 6.3000E+01 8.0000E+00                      2132300200120 
 1.1430E-07 8.4600E-01 8.1000E+01 1.0000E+01                      2132300200121 
ENDDATA            111          0                                 2132300200122 
ENDSUBENT          121          0                                 2132300299999 
ENDENTRY             2          0                                 2132399999999 
