ENTRY            22533   19991214                             00002253300000001 
SUBENT        22533001   19991214                             00002253300100001 
BIB                  7          8                                 2253300100002 
INSTITUTE  (2FR SAC)                                              2253300100003 
REFERENCE  (J,JPR,17,565,1956)                                    2253300100004 
AUTHOR     (F.NETTER,J.JULIEN,C.CORGE,R.BALLINI)                  2253300100005 
TITLE      FISSION CROSS SECTIONS FOR NEUTRONS FROM 1 TO 3 MEV.   2253300100006 
DETECTOR   (FISCH)    IONIZATION CHAMBER                          2253300100007 
STATUS     (SCSRS)                                                2253300100008 
HISTORY    (19820331C)  COMPILED BY NNDC                          2253300100009 
           (19991214T)  Converted by S.M.                         2253300100010 
ENDBIB               8          0                                 2253300100011 
NOCOMMON             0          0                                 2253300100012 
ENDSUBENT           11          0                                 2253300199999 
SUBENT        22533003   19991214                             00002253300300001 
BIB                  3          3                                 2253300300002 
REACTION   (94-PU-239(N,F),,SIG)                                  2253300300003 
MONITOR    (94-PU-239(N,F),,SIG)                                  2253300300004 
HISTORY    (19991214T)  Converted from SUBENT 60496010            2253300300005 
ENDBIB               3          0                                 2253300300006 
NOCOMMON             0          0                                 2253300300007 
DATA                 2         40                                 2253300300008 
EN         DATA                                                   2253300300009 
MEV        B                                                      2253300300010 
 6.8000E-01 1.8700E+00                                            2253300300011 
 7.0000E-01 1.5700E+00                                            2253300300012 
 7.6000E-01 1.5400E+00                                            2253300300013 
 7.6000E-01 1.5600E+00                                            2253300300014 
 8.7000E-01 1.6200E+00                                            2253300300015 
 8.7000E-01 1.7000E+00                                            2253300300016 
 8.8000E-01 1.7800E+00                                            2253300300017 
 8.9000E-01 1.7600E+00                                            2253300300018 
 1.0000E+00 1.8100E+00                                            2253300300019 
 1.0000E+00 1.7900E+00                                            2253300300020 
 1.2300E+00 1.9600E+00                                            2253300300021 
 1.2300E+00 1.8100E+00                                            2253300300022 
 1.2300E+00 1.6600E+00                                            2253300300023 
 1.4200E+00 2.1200E+00                                            2253300300024 
 1.4300E+00 1.9600E+00                                            2253300300025 
 1.5900E+00 2.1100E+00                                            2253300300026 
 1.6000E+00 2.0200E+00                                            2253300300027 
 1.6000E+00 1.9600E+00                                            2253300300028 
 1.7700E+00 1.9300E+00                                            2253300300029 
 1.7900E+00 2.0100E+00                                            2253300300030 
 1.7900E+00 1.9300E+00                                            2253300300031 
 1.7900E+00 2.2100E+00                                            2253300300032 
 1.9500E+00 2.1100E+00                                            2253300300033 
 1.9500E+00 2.1300E+00                                            2253300300034 
 2.1600E+00 2.2800E+00                                            2253300300035 
 2.1600E+00 2.0500E+00                                            2253300300036 
 2.1700E+00 2.0800E+00                                            2253300300037 
 2.1800E+00 2.0400E+00                                            2253300300038 
 2.3600E+00 2.1100E+00                                            2253300300039 
 2.3600E+00 2.3200E+00                                            2253300300040 
 2.5600E+00 1.9900E+00                                            2253300300041 
 2.5600E+00 2.1000E+00                                            2253300300042 
 2.5600E+00 2.3300E+00                                            2253300300043 
 2.7600E+00 1.8600E+00                                            2253300300044 
 2.7600E+00 2.0400E+00                                            2253300300045 
 2.7600E+00 2.0800E+00                                            2253300300046 
 2.9800E+00 1.8100E+00                                            2253300300047 
 3.0000E+00 1.9100E+00                                            2253300300048 
 3.1300E+00 1.9900E+00                                            2253300300049 
 3.3600E+00 1.9200E+00                                            2253300300050 
ENDDATA             42          0                                 2253300300051 
ENDSUBENT           50          0                                 2253300399999 
ENDENTRY             2          0                                 2253399999999 
