ENTRY            23003   20161016                             225723003  0    1 
SUBENT        23003001   20161016                             225723003  1    1 
BIB                 12         19                                 23003  1    2 
TITLE      Measurements of 122Sn neutron resonance parameters     23003  1    3 
AUTHOR     (Y.Nakajima, M.Ohkubo, Y.Furuta, M.Mizumoto,           23003  1    4 
           M.Sugimoto, Y.Kawarasaki)                              23003  1    5 
INSTITUTE  (2JPNJAE) Department of Physics                        23003  1    6 
REFERENCE  (J,ANE,17,(2),95,1990)                                 23003  1    7 
PART-DET   (N)                                                    23003  1    8 
INC-SOURCE Beam intensity is 30 micro-Ampere.                     23003  1    9 
           (PHOTO) Ta(gamma,n) reaction                           23003  1   10 
SAMPLE     - Target enrichment is 92.20%.                         23003  1   11 
           - Chemical-form of target is element.                  23003  1   12 
           - Physical-form of target is solid.                    23003  1   13 
           - Target-thickness: 8.74*10**-3 atoms/barn             23003  1   14 
METHOD     (TOF,TRN) Flight path of 190 m                         23003  1   15 
FACILITY   (LINAC,2JPNJAE) To accelerate electron to 120 MeV      23003  1   16 
ANALYSIS   (SHAPE) Analysis code SIOB with multi-level            23003  1   17 
                   Breit-Wigner formula                           23003  1   18 
DETECTOR   (GLASD) To measure neutron TOF spectra                 23003  1   19 
HISTORY    (20070930C)                                            23003  1   20 
           (20161016U) SD: THICKNESS was added to Subents 002,003.23003  1   21 
ENDBIB              19          0                                 23003  1   22 
NOCOMMON             0          0                                 23003  1   23 
ENDSUBENT           22          0                                 23003  199999 
SUBENT        23003002   20161016                             225723003  2    1 
BIB                  4          4                                 23003  2    2 
REACTION   (50-SN-122(N,TOT),,TRN)                                23003  2    3 
ERR-ANALYS (DATA-ERR) No information on source of uncertainties   23003  2    4 
STATUS     (CURVE) Digitized from Fig.1a, p96 of reference        23003  2    5 
HISTORY    (20161016U) SD: THICKNESS was added.                   23003  2    6 
ENDBIB               4          0                                 23003  2    7 
COMMON               1          3                                 23003  2    8 
THICKNESS                                                         23003  2    9 
ATOMS/B                                                           23003  2   10 
   8.74E-03                                                       23003  2   11 
ENDCOMMON            3          0                                 23003  2   12 
DATA                 3        151                                 23003  2   13 
EN         DATA       DATA-ERR                                    23003  2   14 
EV         NO-DIM     NO-DIM                                      23003  2   15 
 6663.      0.963      0.054                                      23003  2   16 
 6665.      0.840      0.048                                      23003  2   17 
 6667.      0.956      0.051                                      23003  2   18 
 6669.      0.902      0.047                                      23003  2   19 
 6671.      0.864      0.048                                      23003  2   20 
 6673.      0.890      0.053                                      23003  2   21 
 6675.      0.882      0.048                                      23003  2   22 
 6677.      0.920      0.048                                      23003  2   23 
 6679.      0.924      0.053                                      23003  2   24 
 6681.      0.880      0.049                                      23003  2   25 
 6683.      0.916      0.052                                      23003  2   26 
 6685.      0.958      0.054                                      23003  2   27 
 6687.      0.895      0.048                                      23003  2   28 
 6689.      0.906      0.049                                      23003  2   29 
 6691.      0.986      0.055                                      23003  2   30 
 6693.      0.974      0.054                                      23003  2   31 
 6695.      0.852      0.047                                      23003  2   32 
 6697.      0.923      0.051                                      23003  2   33 
 6699.      0.956      0.051                                      23003  2   34 
 6701.      0.910      0.052                                      23003  2   35 
 6703.      0.941      0.053                                      23003  2   36 
 6705.      0.860      0.047                                      23003  2   37 
 6707.      1.008      0.056                                      23003  2   38 
 6709.      0.872      0.048                                      23003  2   39 
 6711.      0.897      0.051                                      23003  2   40 
 6713.      0.882      0.051                                      23003  2   41 
 6715.      0.896      0.050                                      23003  2   42 
 6717.      0.903      0.051                                      23003  2   43 
 6719.      1.081      0.061                                      23003  2   44 
 6721.      0.998      0.058                                      23003  2   45 
 6723.      0.921      0.051                                      23003  2   46 
 6725.      0.966      0.054                                      23003  2   47 
 6727.      0.909      0.049                                      23003  2   48 
 6729.      0.981      0.053                                      23003  2   49 
 6731.      0.964      0.053                                      23003  2   50 
 6733.      0.987      0.056                                      23003  2   51 
 6735.      0.978      0.054                                      23003  2   52 
 6737.      0.852      0.047                                      23003  2   53 
 6739.      0.843      0.047                                      23003  2   54 
 6741.      0.937      0.054                                      23003  2   55 
 6743.      0.989      0.052                                      23003  2   56 
 6745.      0.824      0.046                                      23003  2   57 
 6747.      0.946      0.052                                      23003  2   58 
 6749.      0.845      0.046                                      23003  2   59 
 6751.      0.918      0.050                                      23003  2   60 
 6753.      0.838      0.044                                      23003  2   61 
 6755.      1.001      0.058                                      23003  2   62 
 6757.      0.799      0.046                                      23003  2   63 
 6759.      0.939      0.050                                      23003  2   64 
 6761.      0.940      0.052                                      23003  2   65 
 6763.      0.872      0.047                                      23003  2   66 
 6765.      0.864      0.047                                      23003  2   67 
 6767.      0.879      0.050                                      23003  2   68 
 6769.      0.904      0.054                                      23003  2   69 
 6771.      0.946      0.054                                      23003  2   70 
 6773.      0.930      0.054                                      23003  2   71 
 6775.      0.833      0.045                                      23003  2   72 
 6777.      0.898      0.050                                      23003  2   73 
 6779.      0.818      0.045                                      23003  2   74 
 6781.      0.814      0.045                                      23003  2   75 
 6783.      0.826      0.045                                      23003  2   76 
 6785.      0.819      0.046                                      23003  2   77 
 6787.      0.770      0.042                                      23003  2   78 
 6789.      0.731      0.044                                      23003  2   79 
 6791.      0.768      0.045                                      23003  2   80 
 6793.      0.672      0.042                                      23003  2   81 
 6795.      0.714      0.042                                      23003  2   82 
 6797.      0.621      0.039                                      23003  2   83 
 6799.      0.598      0.036                                      23003  2   84 
 6801.      0.583      0.041                                      23003  2   85 
 6803.      0.460      0.032                                      23003  2   86 
 6805.      0.393      0.030                                      23003  2   87 
 6807.      0.298      0.027                                      23003  2   88 
 6810.      0.214      0.024                                      23003  2   89 
 6812.      0.180      0.024                                      23003  2   90 
 6814.      0.124      0.022                                      23003  2   91 
 6816.      0.090      0.021                                      23003  2   92 
 6818.      0.114      0.020                                      23003  2   93 
 6820.      0.078      0.018                                      23003  2   94 
 6822.      0.094      0.020                                      23003  2   95 
 6824.      0.138      0.021                                      23003  2   96 
 6826.      0.117      0.022                                      23003  2   97 
 6828.      0.165      0.022                                      23003  2   98 
 6830.      0.218      0.026                                      23003  2   99 
 6832.      0.282      0.028                                      23003  2  100 
 6834.      0.315      0.027                                      23003  2  101 
 6836.      0.391      0.027                                      23003  2  102 
 6838.      0.411      0.032                                      23003  2  103 
 6840.      0.476      0.032                                      23003  2  104 
 6842.      0.427      0.030                                      23003  2  105 
 6844.      0.552      0.034                                      23003  2  106 
 6846.      0.563      0.036                                      23003  2  107 
 6848.      0.601      0.039                                      23003  2  108 
 6850.      0.601      0.037                                      23003  2  109 
 6852.      0.646      0.042                                      23003  2  110 
 6854.      0.695      0.041                                      23003  2  111 
 6856.      0.658      0.041                                      23003  2  112 
 6858.      0.665      0.040                                      23003  2  113 
 6860.      0.680      0.041                                      23003  2  114 
 6862.      0.671      0.041                                      23003  2  115 
 6864.      0.684      0.042                                      23003  2  116 
 6866.      0.679      0.041                                      23003  2  117 
 6868.      0.733      0.042                                      23003  2  118 
 6870.      0.717      0.042                                      23003  2  119 
 6872.      0.656      0.038                                      23003  2  120 
 6874.      0.672      0.040                                      23003  2  121 
 6876.      0.717      0.038                                      23003  2  122 
 6878.      0.761      0.045                                      23003  2  123 
 6881.      0.671      0.037                                      23003  2  124 
 6882.      0.756      0.045                                      23003  2  125 
 6885.      0.738      0.040                                      23003  2  126 
 6886.      0.774      0.047                                      23003  2  127 
 6889.      0.718      0.041                                      23003  2  128 
 6891.      0.827      0.049                                      23003  2  129 
 6893.      0.778      0.043                                      23003  2  130 
 6895.      0.732      0.042                                      23003  2  131 
 6897.      0.716      0.039                                      23003  2  132 
 6899.      0.754      0.044                                      23003  2  133 
 6901.      0.745      0.041                                      23003  2  134 
 6903.      0.837      0.048                                      23003  2  135 
 6905.      0.758      0.043                                      23003  2  136 
 6907.      0.763      0.045                                      23003  2  137 
 6909.      0.789      0.046                                      23003  2  138 
 6911.      0.798      0.047                                      23003  2  139 
 6913.      0.777      0.045                                      23003  2  140 
 6916.      0.792      0.045                                      23003  2  141 
 6918.      0.748      0.045                                      23003  2  142 
 6920.      0.606      0.037                                      23003  2  143 
 6922.      0.536      0.035                                      23003  2  144 
 6924.      0.679      0.041                                      23003  2  145 
 6926.      0.798      0.048                                      23003  2  146 
 6928.      0.773      0.046                                      23003  2  147 
 6930.      0.792      0.047                                      23003  2  148 
 6932.      0.796      0.044                                      23003  2  149 
 6934.      0.853      0.049                                      23003  2  150 
 6936.      0.803      0.047                                      23003  2  151 
 6938.      0.948      0.056                                      23003  2  152 
 6940.      0.891      0.050                                      23003  2  153 
 6942.      0.816      0.047                                      23003  2  154 
 6944.      0.834      0.047                                      23003  2  155 
 6947.      0.830      0.046                                      23003  2  156 
 6949.      0.791      0.045                                      23003  2  157 
 6951.      0.861      0.048                                      23003  2  158 
 6953.      0.904      0.050                                      23003  2  159 
 6955.      0.810      0.045                                      23003  2  160 
 6957.      0.863      0.048                                      23003  2  161 
 6959.      0.813      0.045                                      23003  2  162 
 6961.      0.845      0.050                                      23003  2  163 
 6963.      0.857      0.051                                      23003  2  164 
 6966.      0.907      0.051                                      23003  2  165 
 6967.      0.810      0.046                                      23003  2  166 
ENDDATA            153          0                                 23003  2  167 
ENDSUBENT          166          0                                 23003  299999 
SUBENT        23003003   20161016                             225723003  3    1 
BIB                  4          4                                 23003  3    2 
REACTION   (50-SN-122(N,TOT),,TRN)                                23003  3    3 
ERR-ANALYS (DATA-ERR) No information on source of uncertainties   23003  3    4 
STATUS     (CURVE) Scanned from Fig.1b, p96 of reference          23003  3    5 
HISTORY    (20161016U) SD: THICKNESS was added.                   23003  3    6 
ENDBIB               4          0                                 23003  3    7 
COMMON               1          3                                 23003  3    8 
THICKNESS                                                         23003  3    9 
ATOMS/B                                                           23003  3   10 
   8.74E-03                                                       23003  3   11 
ENDCOMMON            3          0                                 23003  3   12 
DATA                 3        201                                 23003  3   13 
EN         DATA       DATA-ERR                                    23003  3   14 
EV         NO-DIM     NO-DIM                                      23003  3   15 
 25998.     0.889      0.032                                      23003  3   16 
 26012.     0.854      0.028                                      23003  3   17 
 26029.     0.902      0.030                                      23003  3   18 
 26042.     0.874      0.026                                      23003  3   19 
 26056.     0.875      0.029                                      23003  3   20 
 26074.     0.887      0.028                                      23003  3   21 
 26088.     0.888      0.031                                      23003  3   22 
 26102.     0.875      0.029                                      23003  3   23 
 26120.     0.909      0.028                                      23003  3   24 
 26134.     0.894      0.030                                      23003  3   25 
 26150.     0.899      0.030                                      23003  3   26 
 26167.     0.944      0.033                                      23003  3   27 
 26180.     0.869      0.030                                      23003  3   28 
 26196.     0.861      0.028                                      23003  3   29 
 26211.     0.850      0.028                                      23003  3   30 
 26227.     0.919      0.031                                      23003  3   31 
 26243.     0.935      0.030                                      23003  3   32 
 26257.     0.897      0.028                                      23003  3   33 
 26272.     0.863      0.032                                      23003  3   34 
 26287.     0.835      0.029                                      23003  3   35 
 26303.     0.837      0.027                                      23003  3   36 
 26319.     0.828      0.028                                      23003  3   37 
 26337.     0.927      0.030                                      23003  3   38 
 26349.     0.859      0.028                                      23003  3   39 
 26367.     0.876      0.032                                      23003  3   40 
 26383.     0.899      0.031                                      23003  3   41 
 26397.     0.862      0.028                                      23003  3   42 
 26414.     0.950      0.033                                      23003  3   43 
 26428.     0.852      0.028                                      23003  3   44 
 26443.     0.857      0.028                                      23003  3   45 
 26460.     0.931      0.033                                      23003  3   46 
 26474.     0.893      0.030                                      23003  3   47 
 26490.     0.914      0.031                                      23003  3   48 
 26504.     0.875      0.028                                      23003  3   49 
 26522.     0.897      0.030                                      23003  3   50 
 26536.     0.866      0.031                                      23003  3   51 
 26554.     0.897      0.029                                      23003  3   52 
 26568.     0.842      0.027                                      23003  3   53 
 26584.     0.872      0.033                                      23003  3   54 
 26598.     0.898      0.030                                      23003  3   55 
 26615.     0.896      0.030                                      23003  3   56 
 26631.     0.949      0.033                                      23003  3   57 
 26649.     0.947      0.029                                      23003  3   58 
 26661.     0.903      0.030                                      23003  3   59 
 26680.     0.898      0.028                                      23003  3   60 
 26693.     0.887      0.029                                      23003  3   61 
 26709.     0.930      0.030                                      23003  3   62 
 26728.     0.835      0.028                                      23003  3   63 
 26742.     0.917      0.031                                      23003  3   64 
 26758.     0.865      0.028                                      23003  3   65 
 26772.     0.931      0.030                                      23003  3   66 
 26790.     0.941      0.032                                      23003  3   67 
 26807.     0.937      0.032                                      23003  3   68 
 26823.     0.910      0.032                                      23003  3   69 
 26839.     0.925      0.029                                      23003  3   70 
 26855.     0.929      0.029                                      23003  3   71 
 26870.     0.906      0.028                                      23003  3   72 
 26888.     0.920      0.030                                      23003  3   73 
 26904.     0.882      0.029                                      23003  3   74 
 26918.     0.961      0.031                                      23003  3   75 
 26935.     0.891      0.029                                      23003  3   76 
 26950.     0.928      0.028                                      23003  3   77 
 26967.     0.915      0.030                                      23003  3   78 
 26983.     0.844      0.028                                      23003  3   79 
 26999.     0.929      0.029                                      23003  3   80 
 27015.     0.900      0.028                                      23003  3   81 
 27030.     0.836      0.029                                      23003  3   82 
 27046.     0.873      0.038                                      23003  3   83 
 27063.     0.823      0.050                                      23003  3   84 
 27079.     0.740      0.047                                      23003  3   85 
 27094.     0.620      0.032                                      23003  3   86 
 27112.     0.520      0.027                                      23003  3   87 
 27128.     0.585      0.029                                      23003  3   88 
 27144.     0.667      0.031                                      23003  3   89 
 27157.     0.758      0.032                                      23003  3   90 
 27173.     0.804      0.031                                      23003  3   91 
 27188.     0.774      0.031                                      23003  3   92 
 27206.     0.813      0.034                                      23003  3   93 
 27220.     0.847      0.033                                      23003  3   94 
 27238.     0.893      0.033                                      23003  3   95 
 27253.     0.793      0.030                                      23003  3   96 
 27268.     0.855      0.031                                      23003  3   97 
 27285.     0.847      0.033                                      23003  3   98 
 27303.     0.829      0.032                                      23003  3   99 
 27317.     0.876      0.033                                      23003  3  100 
 27336.     0.871      0.032                                      23003  3  101 
 27352.     0.816      0.029                                      23003  3  102 
 27366.     0.852      0.030                                      23003  3  103 
 27383.     0.847      0.031                                      23003  3  104 
 27403.     0.862      0.033                                      23003  3  105 
 27417.     0.855      0.033                                      23003  3  106 
 27433.     0.889      0.032                                      23003  3  107 
 27450.     0.846      0.030                                      23003  3  108 
 27466.     0.854      0.033                                      23003  3  109 
 27485.     0.846      0.031                                      23003  3  110 
 27499.     0.832      0.032                                      23003  3  111 
 27516.     0.835      0.029                                      23003  3  112 
 27533.     0.903      0.033                                      23003  3  113 
 27548.     0.857      0.032                                      23003  3  114 
 27566.     0.871      0.033                                      23003  3  115 
 27582.     0.896      0.033                                      23003  3  116 
 27598.     0.931      0.032                                      23003  3  117 
 27616.     0.882      0.033                                      23003  3  118 
 27632.     0.861      0.033                                      23003  3  119 
 27650.     0.924      0.034                                      23003  3  120 
 27665.     0.874      0.034                                      23003  3  121 
 27681.     0.846      0.032                                      23003  3  122 
 27699.     0.928      0.035                                      23003  3  123 
 27716.     0.902      0.034                                      23003  3  124 
 27734.     0.938      0.036                                      23003  3  125 
 27751.     0.910      0.035                                      23003  3  126 
 27765.     0.838      0.030                                      23003  3  127 
 27781.     0.877      0.031                                      23003  3  128 
 27800.     0.891      0.032                                      23003  3  129 
 27817.     0.825      0.029                                      23003  3  130 
 27833.     0.849      0.029                                      23003  3  131 
 27851.     0.846      0.030                                      23003  3  132 
 27866.     0.803      0.031                                      23003  3  133 
 27884.     0.924      0.034                                      23003  3  134 
 27900.     0.950      0.036                                      23003  3  135 
 27917.     0.838      0.032                                      23003  3  136 
 27933.     0.934      0.034                                      23003  3  137 
 27951.     0.879      0.032                                      23003  3  138 
 27966.     0.889      0.032                                      23003  3  139 
 27985.     0.876      0.032                                      23003  3  140 
 28001.     0.876      0.030                                      23003  3  141 
 28019.     0.914      0.033                                      23003  3  142 
 28036.     0.870      0.033                                      23003  3  143 
 28052.     0.854      0.032                                      23003  3  144 
 28069.     0.889      0.042                                      23003  3  145 
 28087.     0.929      0.035                                      23003  3  146 
 28103.     0.905      0.031                                      23003  3  147 
 28122.     0.860      0.033                                      23003  3  148 
 28136.     0.846      0.032                                      23003  3  149 
 28153.     0.893      0.032                                      23003  3  150 
 28172.     0.880      0.031                                      23003  3  151 
 28188.     0.947      0.034                                      23003  3  152 
 28205.     0.847      0.030                                      23003  3  153 
 28223.     0.847      0.030                                      23003  3  154 
 28239.     0.858      0.033                                      23003  3  155 
 28258.     0.791      0.031                                      23003  3  156 
 28275.     0.691      0.027                                      23003  3  157 
 28295.     0.672      0.027                                      23003  3  158 
 28307.     0.782      0.029                                      23003  3  159 
 28324.     0.899      0.033                                      23003  3  160 
 28343.     0.897      0.033                                      23003  3  161 
 28361.     0.887      0.033                                      23003  3  162 
 28376.     0.816      0.031                                      23003  3  163 
 28392.     0.791      0.027                                      23003  3  164 
 28411.     0.757      0.037                                      23003  3  165 
 28430.     0.723      0.028                                      23003  3  166 
 28446.     0.797      0.031                                      23003  3  167 
 28462.     0.865      0.031                                      23003  3  168 
 28481.     0.858      0.031                                      23003  3  169 
 28496.     0.921      0.033                                      23003  3  170 
 28513.     0.866      0.032                                      23003  3  171 
 28530.     0.887      0.032                                      23003  3  172 
 28549.     0.850      0.033                                      23003  3  173 
 28565.     0.912      0.033                                      23003  3  174 
 28582.     0.863      0.031                                      23003  3  175 
 28600.     0.856      0.030                                      23003  3  176 
 28616.     0.950      0.036                                      23003  3  177 
 28635.     0.855      0.031                                      23003  3  178 
 28651.     0.860      0.032                                      23003  3  179 
 28667.     0.905      0.033                                      23003  3  180 
 28685.     0.865      0.032                                      23003  3  181 
 28703.     0.920      0.033                                      23003  3  182 
 28720.     0.873      0.032                                      23003  3  183 
 28739.     0.875      0.032                                      23003  3  184 
 28755.     0.874      0.033                                      23003  3  185 
 28774.     0.870      0.033                                      23003  3  186 
 28792.     0.913      0.037                                      23003  3  187 
 28809.     0.856      0.033                                      23003  3  188 
 28827.     0.895      0.033                                      23003  3  189 
 28844.     0.994      0.037                                      23003  3  190 
 28861.     0.898      0.033                                      23003  3  191 
 28879.     0.824      0.032                                      23003  3  192 
 28896.     0.879      0.033                                      23003  3  193 
 28914.     0.878      0.032                                      23003  3  194 
 28931.     0.863      0.033                                      23003  3  195 
 28950.     0.865      0.031                                      23003  3  196 
 28967.     0.878      0.033                                      23003  3  197 
 28986.     0.874      0.033                                      23003  3  198 
 29002.     0.905      0.037                                      23003  3  199 
 29021.     0.914      0.035                                      23003  3  200 
 29037.     0.931      0.033                                      23003  3  201 
 29056.     0.843      0.033                                      23003  3  202 
 29074.     0.924      0.033                                      23003  3  203 
 29091.     0.898      0.033                                      23003  3  204 
 29110.     0.843      0.030                                      23003  3  205 
 29129.     0.853      0.031                                      23003  3  206 
 29145.     0.867      0.033                                      23003  3  207 
 29164.     0.820      0.032                                      23003  3  208 
 29180.     0.905      0.036                                      23003  3  209 
 29200.     0.856      0.038                                      23003  3  210 
 29218.     0.879      0.038                                      23003  3  211 
 29237.     0.872      0.033                                      23003  3  212 
 29253.     0.955      0.036                                      23003  3  213 
 29272.     0.913      0.043                                      23003  3  214 
 29289.     0.877      0.033                                      23003  3  215 
 29306.     0.867      0.033                                      23003  3  216 
ENDDATA            203          0                                 23003  3  217 
ENDSUBENT          216          0                                 23003  399999 
SUBENT        23003004   20071203                             21892300300400001 
BIB                  5         14                                 2300300400002 
REL-REF    (R,,S.F.Mughabghab+,B,NEUT.CS 1A,,,1981)               2300300400003 
           Radiative width for all resonances (110 meV) from      2300300400004 
           systematics of s-wave resonances                       2300300400005 
           (A,40086008,Yu.V.Adamchuk+,J,SNP,3,589,1966)           2300300400006 
           Agree for large resonances at 1.75 and 6.82 keV        2300300400007 
           (N,10745002,R.F.Carlton+,J,PR/C,15,883,1977)           2300300400008 
           Compared but no comment                                2300300400009 
           (A,11962017,T.Fuketa+,R,ORNL-3425,36,1963)             2300300400010 
           Agree for large resonances at 1.75 and 6.82 keV        2300300400011 
REACTION  1(50-SN-122(N,0),,EN)                                   2300300400012 
          2(50-SN-122(N,EL),,WID,,G)                              2300300400013 
ASSUMED    (ASSUM,50-SN-122(N,G),,WID)                            2300300400014 
ERR-ANALYS (ERR-S) Statistical uncertainty                        2300300400015 
STATUS     (TABLE) Taken from Table 2, p97 of reference           2300300400016 
ENDBIB              14          0                                 2300300400017 
COMMON               1          3                                 2300300400018 
ASSUM                                                             2300300400019 
MILLI-EV                                                          2300300400020 
 110.                                                             2300300400021 
ENDCOMMON            3          0                                 2300300400022 
DATA                 4         21                                 2300300400023 
DATA      1ERR-S     1DATA      2ERR-S     2                      2300300400024 
EV         EV         EV         EV                               2300300400025 
 1751.2     0.07       3.03       0.04                            2300300400026 
 3452.9     0.2        0.23       0.02                            2300300400027 
 3896.7     0.2        0.19       0.02                            2300300400028 
 4838.1     0.2        0.37       0.03                            2300300400029 
 5688.3     0.3        0.31       0.04                            2300300400030 
 6817.2     0.3        18.4       0.4                             2300300400031 
 6921.8     0.4        0.45       0.06                            2300300400032 
 7973.7     0.6        0.29       0.06                            2300300400033 
 9446.5     0.4        0.86       0.11                            2300300400034 
 11824.0    0.4        1.89       0.19                            2300300400035 
 13234.0    0.7        1.84       0.26                            2300300400036 
 13819.0    0.7        1.81       0.26                            2300300400037 
 15084.0    0.6        2.5        0.3                             2300300400038 
 18102.0    1.4        1.5        0.4                             2300300400039 
 18967.0    0.7        6.0        0.6                             2300300400040 
 20644.0    1.7        2.3        0.5                             2300300400041 
 22902.0    1.0        8.9        0.9                             2300300400042 
 24129.0    1.8        3.4        0.7                             2300300400043 
 27100.     2.         31.9       2.4                             2300300400044 
 28280.     2.         10.4       1.4                             2300300400045 
 28419.     2.         6.7        1.2                             2300300400046 
ENDDATA             23          0                                 2300300400047 
ENDSUBENT           46          0                                 2300300499999 
SUBENT        23003005   20071203                             21892300300500001 
BIB                  3          5                                 2300300500002 
REACTION   (50-SN-122(N,0),,D)                                    2300300500003 
           Assuming all resonances to be s-wave                   2300300500004 
ERR-ANALYS (DATA-ERR) Estimated by method of Liou and Rainwater   2300300500005 
                      (1972)                                      2300300500006 
STATUS     (TABLE) Taken from text, p98 of reference              2300300500007 
ENDBIB               5          0                                 2300300500008 
NOCOMMON             0          0                                 2300300500009 
DATA                 4          1                                 2300300500010 
EN-RES-MAX DATA       +DATA-ERR  -DATA-ERR                        2300300500011 
KEV        KEV        KEV        KEV                              2300300500012 
 15.        1.17       0.09       0.08                            2300300500013 
ENDDATA              3          0                                 2300300500014 
ENDSUBENT           13          0                                 2300300599999 
SUBENT        23003006   20071203                             21892300300600001 
BIB                  4          5                                 2300300600002 
REL-REF    (A,,S.F.Mughabghab+,B,NEUT.CS 1A,,,1981) 5.7+-0.3 fm   2300300600003 
           (A,,V.G.Nikolenko+,C,82ANTWER,,781,1982) 5.55+-0.21 fm 2300300600004 
REACTION   (50-SN-122(0,0),,RAD)                                  2300300600005 
ERR-ANALYS (DATA-ERR) No information on source of uncertainties   2300300600006 
STATUS     (TABLE) Taken from Table 3, p98 of reference           2300300600007 
ENDBIB               5          0                                 2300300600008 
NOCOMMON             0          0                                 2300300600009 
DATA                 2          1                                 2300300600010 
DATA       DATA-ERR                                               2300300600011 
FERMI      FERMI                                                  2300300600012 
 5.60       0.05                                                  2300300600013 
ENDDATA              3          0                                 2300300600014 
ENDSUBENT           13          0                                 2300300699999 
SUBENT        23003007   20071203                             21892300300700001 
BIB                  4          9                                 2300300700002 
REL-REF    (D,40086009,Yu.V.Adamchuk+,J,SNP,3,589,1966)           2300300700003 
           0.49+0.62-0.22 (*10**4) for 0.1 to 7 keV               2300300700004 
           (D,,T.Fuketa+,R,ORNL-3425,36,1963)                     2300300700005 
           0.20+-0.10 (*10**4) for 0.1 to 7 keV                   2300300700006 
           (D,,V.G.Nikolenko+,C,82ANTWER,,781,1982)               2300300700007 
           0.17+-0.05 (*10**4) for 1 to 200 keV                   2300300700008 
REACTION   (50-SN-122(N,0),,STF)                                  2300300700009 
ERR-ANALYS (DATA-ERR) No information on source of uncertainties   2300300700010 
STATUS     (TABLE) Taken from Table 4, p98 of reference           2300300700011 
ENDBIB               9          0                                 2300300700012 
NOCOMMON             0          0                                 2300300700013 
DATA                 6          1                                 2300300700014 
EN-RES-MIN EN-RES-MAX SPIN J     DATA       +DATA-ERR  -DATA-ERR  2300300700015 
KEV        KEV        NO-DIM     NO-DIM     NO-DIM     NO-DIM     2300300700016 
 1.5        30.        0.         3000.      1200.      800.      2300300700017 
ENDDATA              3          0                                 2300300700018 
ENDSUBENT           17          0                                 2300300799999 
ENDENTRY             7          0                                 2300399999999 
