ENTRY            23522   20190608                             228023522  0    1 
SUBENT        23522001   20190608                             228023522  1    1 
BIB                 10         12                                 23522  1    2 
TITLE       Gamma-ray spectra from resonance neutron capture in   23522  1    3 
           201Hg                                                  23522  1    4 
AUTHOR     (B.W.Thomas,J.Murray,E.R.Rae)                          23522  1    5 
REFERENCE  (R,AERE-PR/NP-17,22,1970)                              23522  1    6 
INSTITUTE  (2UK HAR)                                              23522  1    7 
REL-REF    (M,,B.W.Thomas+,R,AERE-PR/NP-15,18,1968)               23522  1    8 
            Method details, Hg-198 measurement                    23522  1    9 
FACILITY    No information in the article                         23522  1   10 
SAMPLE      No information in the article                         23522  1   11 
DETECTOR    No information in the article                         23522  1   12 
METHOD      See rel.ref.                                          23522  1   13 
HISTORY    (20190608C)  M.M.                                      23522  1   14 
ENDBIB              12          0                                 23522  1   15 
NOCOMMON             0          0                                 23522  1   16 
ENDSUBENT           15          0                                 23522  199999 
SUBENT        23522002   20190608                             228023522  2    1 
BIB                  4          6                                 23522  2    2 
REACTION   (80-HG-201(N,G)80-HG-202,,SPC,,RES)                    23522  2    3 
COMMENT     Of authors.                                           23522  2    4 
           Spin J = 2. for 43., 564. eV resonances ,              23522  2    5 
                J = 1. for 71., 210., 445 eV resonances.          23522  2    6 
ERR-ANALYS (DATA-ERR) Standard deviation                          23522  2    7 
STATUS     (TABLE) Table of Rep.AERE-PR-NP-17,p.22,1970           23522  2    8 
ENDBIB               6          0                                 23522  2    9 
NOCOMMON             0          0                                 23522  2   10 
DATA                 5        178                                 23522  2   11 
EN-RES     E          DATA       DATA-ERR   LVL-FIN               23522  2   12 
EV         KEV        PC/REAC    PC/REAC    KEV                   23522  2   13 
  43.       7756.      -0.1       0.3           0.                23522  2   14 
  43.       7313.       1.1       0.2         443.                23522  2   15 
  43.       6790.       0.7       0.3         966.                23522  2   16 
  43.       6403.       3.8       0.3        1353.                23522  2   17 
  43.       6352.       2.3       0.4        1404.                23522  2   18 
  43.       6187.       0.3       0.5        1569.                23522  2   19 
  43.       6066.       1.3       0.5        1690.                23522  2   20 
  43.       6005.       0.5       0.5        1751.                23522  2   21 
  43.       5960.       1.6       0.6        1796.                23522  2   22 
  43.       5925.      -0.2       0.5        1831.                23522  2   23 
  43.       5895.      10.4       0.9        1861.                23522  2   24 
  43.       5844.       0.4       0.6        1912.                23522  2   25 
  43.       5789.       0.6       0.6        1967.                23522  2   26 
  43.       5671.      -0.1       0.6        2085.                23522  2   27 
  43.       5619.      -0.1       0.6        2137.                23522  2   28 
  43.       5584.       0.0       0.6        2172.                23522  2   29 
  43.       5433.       3.2       0.7        2323.                23522  2   30 
  43.       5372.       0.2       0.7        2384.                23522  2   31 
  43.       5322.       1.0       0.7        2434.                23522  2   32 
  43.       5287.       0.9       0.7        2469.                23522  2   33 
  43.       5201.       0.2       0.7        2555.                23522  2   34 
  43.       5091.      -0.1       0.7        2665.                23522  2   35 
  43.       5066.       0.0       0.6        2690.                23522  2   36 
  43.       5050.       5.9       0.7        2706.                23522  2   37 
  43.       5000.       4.6       0.8        2756.                23522  2   38 
  43.       4925.       2.0       0.8        2831.                23522  2   39 
  43.       4910.      -0.1       0.8        2846.                23522  2   40 
  43.       4834.       0.6       0.8        2922.                23522  2   41 
  43.       4726.       1.6       0.8        3030.                23522  2   42 
  43.       1959.       2.1       1.9                             23522  2   43 
  43.       1722.       0.2       1.9                             23522  2   44 
  43.       1632.       2.2       1.9                             23522  2   45 
  43.       1411.       8.1       1.8                             23522  2   46 
  43.       1386.       0.8       1.7                             23522  2   47 
  43.       1351.       5.3       1.7                             23522  2   48 
  43.       1122.       3.9       1.6                             23522  2   49 
  43.       1102.       2.5       1.6                             23522  2   50 
  43.        961.       1.7       1.2                             23522  2   51 
  43.        951.       9.8       1.4                             23522  2   52 
  43.        906.      11.9       1.4                             23522  2   53 
  71.       7756.      -0.2       0.8           0.                23522  2   54 
  71.       7313.      31.0       1.2         443.                23522  2   55 
  71.       6790.       6.6       0.8         966.                23522  2   56 
  71.       6403.       0.4       0.9        1353.                23522  2   57 
  71.       6352.       0.4       0.9        1404.                23522  2   58 
  71.       6187.       0.2       0.9        1569.                23522  2   59 
  71.       6066.       1.0       1.0        1690.                23522  2   60 
  71.       6005.       0.1       1.0        1751.                23522  2   61 
  71.       5960.       2.4       1.0        1796.                23522  2   62 
  71.       5925.      13.5       1.1        1831.                23522  2   63 
  71.       5895.       9.0       1.1        1861.                23522  2   64 
  71.       5844.      -0.5       1.1        1912.                23522  2   65 
  71.       5789.       1.7       0.8        1967.                23522  2   66 
  71.       5671.       0.1       1.0        2085.                23522  2   67 
  71.       5619.       1.9       1.1        2137.                23522  2   68 
  71.       5584.       1.3       1.1        2172.                23522  2   69 
  71.       5433.      -0.2       1.1        2323.                23522  2   70 
  71.       5372.       0.1       1.1        2384.                23522  2   71 
  71.       5322.       4.3       1.2        2434.                23522  2   72 
  71.       5287.       6.1       1.2        2469.                23522  2   73 
  71.       5201.       1.6       1.2        2555.                23522  2   74 
  71.       5091.       0.8       1.2        2665.                23522  2   75 
  71.       5066.       0.4       1.2        2690.                23522  2   76 
  71.       5050.       2.2       1.2        2706.                23522  2   77 
  71.       5000.       2.3       1.2        2756.                23522  2   78 
  71.       4925.       2.2       1.2        2831.                23522  2   79 
  71.       4910.       2.3       1.2        2846.                23522  2   80 
  71.       4834.      -0.4       1.2        2922.                23522  2   81 
  71.       4726.       1.7       1.3        3030.                23522  2   82 
  71.       1959.       0.1       3.0                             23522  2   83 
  71.       1722.       2.9       3.0                             23522  2   84 
  71.       1632.       1.2       2.8                             23522  2   85 
  71.       1411.       3.4       2.8                             23522  2   86 
  71.       1386.       8.6       2.7                             23522  2   87 
  71.       1351.      -0.9       2.6                             23522  2   88 
  71.       1122.       2.2       2.2                             23522  2   89 
  71.       1102.       2.1       2.1                             23522  2   90 
  71.        961.       3.0       1.8                             23522  2   91 
  71.        951.       6.9       1.8                             23522  2   92 
  71.        906.       5.3       1.8                             23522  2   93 
 210.       7756.      10.3       0.5           0.                23522  2   94 
 210.       7313.       1.6       0.4         443.                23522  2   95 
 210.       6790.       0.1       0.3         966.                23522  2   96 
 210.       6403.       1.8       0.5        1353.                23522  2   97 
 210.       6352.       1.5       0.5        1404.                23522  2   98 
 210.       6187.       1.5       0.6        1569.                23522  2   99 
 210.       6066.       3.6       0.6        1690.                23522  2  100 
 210.       6005.       0.2       0.6        1751.                23522  2  101 
 210.       5960.       4.1       0.7        1796.                23522  2  102 
 210.       5925.       4.2       0.7        1831.                23522  2  103 
 210.       5895.       1.2       0.7        1861.                23522  2  104 
 210.       5844.       2.6       0.5        1912.                23522  2  105 
 210.       5789.       2.6       0.7        1967.                23522  2  106 
 210.       5671.       5.4       0.7        2085.                23522  2  107 
 210.       5619.       0.5       0.7        2137.                23522  2  108 
 210.       5584.       5.3       0.7        2172.                23522  2  109 
 210.       5433.       1.5       0.7        2323.                23522  2  110 
 210.       5372.       0.7       0.7        2384.                23522  2  111 
 210.       5322.      -0.1       0.7        2434.                23522  2  112 
 210.       5287.       0.9       0.7        2469.                23522  2  113 
 210.       5201.       2.1       0.7        2555.                23522  2  114 
 210.       5091.       1.0       0.8        2665.                23522  2  115 
 210.       5066.       3.5       0.8        2690.                23522  2  116 
 210.       5050.       1.2       0.8        2706.                23522  2  117 
 210.       5000.       2.5       0.8        2756.                23522  2  118 
 210.       4925.       0.7       0.7        2831.                23522  2  119 
 210.       4910.       2.1       0.8        2846.                23522  2  120 
 210.       4834.       5.1       0.8        2922.                23522  2  121 
 210.       4726.      -0.1       0.8        3030.                23522  2  122 
 210.       1959.       4.3       1.9                             23522  2  123 
 210.       1722.       7.4       1.8                             23522  2  124 
 210.       1632.       7.7       1.8                             23522  2  125 
 210.       1411.       0.2       1.7                             23522  2  126 
 210.       1386.       3.9       1.6                             23522  2  127 
 210.       1351.       9.7       1.6                             23522  2  128 
 210.       1122.       6.0       1.5                             23522  2  129 
 210.       1102.       2.5       1.4                             23522  2  130 
 210.        961.       1.2       1.0                             23522  2  131 
 210.        951.       0.7       0.9                             23522  2  132 
 210.        906.       6.3       0.9                             23522  2  133 
 445.       7756.       6.3       0.9           0.                23522  2  134 
 445.       7313.       5.8       0.9         443.                23522  2  135 
 445.       6790.       0.3       0.9         966.                23522  2  136 
 445.       6403.       6.9       1.0        1353.                23522  2  137 
 445.       6352.       0.6       1.2        1404.                23522  2  138 
 445.       6187.       2.7       1.3        1569.                23522  2  139 
 445.       6066.       0.4       1.3        1690.                23522  2  140 
 445.       6005.       4.3       1.3        1751.                23522  2  141 
 445.       5960.       0.7       1.3        1796.                23522  2  142 
 445.       5925.       0.5       1.4        1831.                23522  2  143 
 445.       5895.       3.3       1.3        1861.                23522  2  144 
 445.       5844.       1.6       1.4        1912.                23522  2  145 
 445.       5789.       2.0       1.4        1967.                23522  2  146 
 445.       5671.       0.5       1.4        2085.                23522  2  147 
 445.       5619.       4.2       1.4        2137.                23522  2  148 
 445.       5584.       2.6       1.4        2172.                23522  2  149 
 445.       5433.       1.9       1.4        2323.                23522  2  150 
 445.       5372.      -0.2       1.4        2384.                23522  2  151 
 445.       5322.       4.5       1.5        2434.                23522  2  152 
 445.       5287.      -0.2       1.5        2469.                23522  2  153 
 445.       5201.       2.4       1.5        2555.                23522  2  154 
 445.       5091.       1.5       1.6        2665.                23522  2  155 
 445.       5066.       0.8       1.6        2690.                23522  2  156 
 445.       5050.      -0.5       1.6        2706.                23522  2  157 
 445.       5000.       1.4       1.6        2756.                23522  2  158 
 445.       4925.       1.4       1.6        2831.                23522  2  159 
 445.       4910.       1.3       1.6        2846.                23522  2  160 
 445.       4834.       0.9       1.7        2922.                23522  2  161 
 445.       4726.      -1.2       1.7        3030.                23522  2  162 
 564.       7756.       0.5       0.7           0.                23522  2  163 
 564.       7313.       1.8       0.8         443.                23522  2  164 
 564.       6790.       3.1       1.0         966.                23522  2  165 
 564.       6403.       6.9       1.4        1353.                23522  2  166 
 564.       6352.       0.8       1.4        1404.                23522  2  167 
 564.       6187.       0.6       1.5        1569.                23522  2  168 
 564.       6066.       0.6       1.5        1690.                23522  2  169 
 564.       6005.      -0.4       1.5        1751.                23522  2  170 
 564.       5960.       3.8       1.7        1796.                23522  2  171 
 564.       5925.      -0.5       1.5        1831.                23522  2  172 
 564.       5895.       8.0       1.9        1861.                23522  2  173 
 564.       5844.      -0.9       1.6        1912.                23522  2  174 
 564.       5789.      -0.2       1.7        1967.                23522  2  175 
 564.       5671.      -1.3       1.8        2085.                23522  2  176 
 564.       5619.       2.2       2.0        2137.                23522  2  177 
 564.       5584.       1.6       1.9        2172.                23522  2  178 
 564.       5433.       1.5       1.9        2323.                23522  2  179 
 564.       5372.      11.1       2.3        2384.                23522  2  180 
 564.       5322.      -1.3       2.0        2434.                23522  2  181 
 564.       5287.       0.5       2.0        2469.                23522  2  182 
 564.       5201.       3.2       2.1        2555.                23522  2  183 
 564.       5091.       7.0       2.3        2665.                23522  2  184 
 564.       5066.       3.0       2.2        2690.                23522  2  185 
 564.       5050.       3.1       2.2        2706.                23522  2  186 
 564.       5000.      -0.6       2.2        2756.                23522  2  187 
 564.       4925.       5.3       2.3        2831.                23522  2  188 
 564.       4910.       0.0       2.2        2846.                23522  2  189 
 564.       4834.       4.5       2.4        2922.                23522  2  190 
 564.       4726.       1.3       2.6        3030.                23522  2  191 
ENDDATA            180          0                                 23522  2  192 
ENDSUBENT          191          0                                 23522  299999 
ENDENTRY             2          0                                 2352299999999 
